[0.00678651 0.00747453 0.00778948 0.00780903 0.00819889 0.00890051]
[0.00707731 0.00762376 0.00813866 0.0098361  0.01009117 0.01026633]
[0.00352725 0.00552019 0.00659609 0.00696733 0.00747275 0.00961102]
[0.0061976  0.00668672 0.00774217 0.00847443 0.00991075 0.01066127]
[0.00544777 0.00587449 0.00598986 0.00645746 0.00661876 0.00665261]
[0.00468776 0.00618967 0.00645225 0.00817362 0.00904269 0.00994202]
[0.00189628 0.00563249 0.00778241 0.00800063 0.00877403 0.00888582]
[0.0049489  0.0056753  0.00630426 0.00964257 0.01031602 0.01126488]
[0.0042772  0.00572869 0.00579863 0.00675266 0.00761835 0.00784172]
[0.00176825 0.0059417  0.00696139 0.00749886 0.0080407  0.00978814]
[0.00500713 0.00642534 0.00774056 0.00816805 0.00904225 0.00904976]
[0.00421863 0.00439927 0.00475812 0.00507689 0.00609553 0.00636007]
[0.0034308  0.00442562 0.00470222 0.00512702 0.00601102 0.00634527]
[0.00466819 0.00821373 0.00822281 0.0087713  0.00962615 0.01010586]
[0.005961   0.0070027  0.00708262 0.00884135 0.00930188 0.01057129]
[0.00702586 0.00968512 0.00983325 0.01005537 0.01076071 0.01149789]
[0.00238172 0.0051104  0.00635124 0.00932322 0.0101366  0.01132917]
[0.00112072 0.00300317 0.00573189 0.00584515 0.00606653 0.0061517 ]
[0.0061086  0.00642972 0.00763877 0.00781235 0.00822108 0.00969973]
[0.00695629 0.00727218 0.00911365 0.00931267 0.01185413 0.01301681]
[0.00278328 0.00434569 0.00870632 0.00899957 0.00904425 0.00914368]
[0.00485533 0.00706284 0.00730271 0.00876869 0.00933579 0.0093823 ]
[0.005254   0.00783993 0.00846569 0.01007081 0.01024303 0.01076555]
[0.00838135 0.00926191 0.00992552 0.01109286 0.01129691 0.01422722]
[0.0061093  0.00807068 0.00825571 0.00862604 0.00864481 0.00933172]
[0.00436602 0.00491995 0.00522739 0.00737326 0.00742052 0.00746411]
[0.00162185 0.00452744 0.00470043 0.00498528 0.00627448 0.00678918]
[0.00205833 0.0039568  0.00548518 0.00702216 0.00906747 0.00926152]
[0.00128345 0.00499073 0.00812779 0.00850555 0.00961625 0.01095369]
[0.00491412 0.00688663 0.00747421 0.00777268 0.00794088 0.00919753]
[0.00522195 0.00549768 0.00551822 0.00648624 0.00710958 0.00790722]
[0.0037189  0.005265   0.00585642 0.00599857 0.00673776 0.00769719]
[0.00399947 0.00402643 0.00485164 0.00521639 0.00525913 0.00585632]
[0.00311845 0.00321843 0.00459813 0.00512981 0.00766363 0.00781635]
[0.00344789 0.00403876 0.00519975 0.00614983 0.00627449 0.00630491]
[0.00493642 0.00582695 0.00713083 0.00735283 0.00755706 0.00888531]
[0.00261992 0.00389734 0.00463976 0.00635914 0.00745521 0.00749494]
[0.00600462 0.00681768 0.0094898  0.00967062 0.01004405 0.0106418 ]
[0.00603476 0.00604493 0.00688512 0.0074252  0.00864345 0.00889139]
[0.00293926 0.00311006 0.00367511 0.00406894 0.00464463 0.00503608]
[0.00343146 0.00460101 0.00698872 0.00714517 0.00793467 0.0099843 ]
[0.00619495 0.00641079 0.00647291 0.00783305 0.00832343 0.00901503]
[0.00263405 0.00315942 0.00554728 0.00629779 0.0066161  0.00800254]
[0.00164887 0.0025461  0.00354137 0.00432513 0.00472618 0.00533111]
[0.00537668 0.00545578 0.00589229 0.00606721 0.00642141 0.00858948]
[0.00453521 0.00554925 0.00664743 0.00713081 0.00736152 0.00752337]
[0.00322606 0.0040207  0.00420631 0.00424357 0.0047591  0.0051189 ]
[0.00506509 0.00546412 0.00567137 0.00733426 0.00853432 0.00867372]
[0.00263252 0.00384036 0.00499772 0.00543829 0.00676037 0.00734802]
[0.00388452 0.00418341 0.0044628  0.00468253 0.00520021 0.00607284]
[0.00253532 0.00481044 0.00586382 0.00609558 0.00613859 0.00771041]
[0.00198898 0.00371246 0.00420302 0.00531233 0.00611601 0.00654348]
[0.00192639 0.0062204  0.00667175 0.0075169  0.00761623 0.00811799]
[0.00460395 0.00566556 0.00728269 0.00738706 0.00740263 0.00758402]
[0.00205957 0.00451412 0.00751348 0.00791572 0.008641   0.00903724]
[0.00407821 0.00431024 0.00456823 0.00738584 0.00802143 0.00898332]
[0.00469178 0.00482353 0.00490451 0.00565486 0.00593755 0.00612117]
[0.00244396 0.00276331 0.00450282 0.00601213 0.00687107 0.00741802]
[0.00262431 0.00376842 0.00391482 0.00431511 0.00467467 0.00563528]
[0.00148494 0.00227289 0.00398532 0.00481754 0.00600001 0.0065275 ]
[0.0039725  0.0041274  0.00452798 0.00481132 0.00593477 0.00601706]
[0.00343636 0.00387264 0.00469483 0.00507101 0.00559703 0.00578628]
[0.00292804 0.00349937 0.00471999 0.00577784 0.00685996 0.00694605]
[0.00372062 0.00382287 0.00545144 0.00622149 0.00639712 0.00731187]
[0.00045958 0.00212468 0.00397783 0.00415485 0.00454017 0.00506033]
[0.00431735 0.00575949 0.00721659 0.00726567 0.0073485  0.00763408]
[0.00395373 0.0057219  0.0065879  0.00689301 0.0072515  0.00894416]
[0.00290123 0.00367945 0.00394654 0.0046593  0.00480277 0.00503555]
[0.00235691 0.0028818  0.0028858  0.00315847 0.00435756 0.00547815]
[0.00213464 0.00221541 0.00224425 0.00346906 0.00371667 0.00391834]
[0.00180664 0.00293964 0.0030648  0.00427571 0.00451293 0.00516527]
[0.00389607 0.00608698 0.00620546 0.00621505 0.00623069 0.00642296]
[0.00326576 0.00354819 0.00478297 0.00497834 0.00569323 0.00707035]
[0.00399085 0.0053221  0.00616939 0.00725836 0.0075817  0.00773478]
[0.00105878 0.00194152 0.00226886 0.00235144 0.00280205 0.00301947]
[0.00212227 0.00212632 0.00547299 0.00675401 0.00733506 0.00734278]
[0.0017502  0.0034711  0.00502601 0.00503043 0.00564405 0.00612376]
[0.00178068 0.00210298 0.00221491 0.00430977 0.00445713 0.00477429]
[0.00280099 0.00332176 0.00417544 0.00440229 0.00441291 0.00484143]
[0.00272382 0.00298606 0.00480475 0.00500479 0.00521804 0.00536044]
[0.00167197 0.00177608 0.00208108 0.00210894 0.00229098 0.00245749]
[0.00183622 0.00225666 0.00254678 0.00255912 0.00272192 0.00320128]
[0.00341927 0.00513755 0.00593963 0.00637201 0.00644621 0.00692713]
[0.00199753 0.00301883 0.00359917 0.00396975 0.00432296 0.00434593]
[0.00226107 0.0025364  0.00323146 0.00355177 0.00376985 0.00391301]
[0.00315246 0.00342229 0.0037146  0.00381717 0.00409042 0.00456558]
[0.00234264 0.00286228 0.00439743 0.00465319 0.0047776  0.00548099]
[0.00090701 0.00142877 0.00381335 0.00400904 0.00403111 0.00409727]
[0.00166442 0.00180108 0.00208459 0.00212131 0.00229433 0.00242854]
[0.0021823  0.00233074 0.00252812 0.00257888 0.00299976 0.00300682]
[0.00290087 0.00292063 0.00402078 0.00447529 0.0056267  0.00655055]
[0.00255316 0.00348774 0.00387918 0.00423837 0.00427561 0.00473369]
[0.00326549 0.00355319 0.00527543 0.00564199 0.00643308 0.00673708]
[0.0034019  0.00526738 0.00561275 0.00565415 0.00605076 0.00636845]
[0.00388354 0.00429553 0.00437426 0.00519257 0.00550842 0.00561158]
[0.00234011 0.00285488 0.00326448 0.00333376 0.00350819 0.00395925]
[0.0022414  0.00374498 0.00396624 0.00403154 0.00414109 0.00429764]
[0.00397042 0.00423832 0.00527116 0.00544543 0.00559914 0.00588667]
[0.00252633 0.00260095 0.00373147 0.00398407 0.00513129 0.00520705]
[0.00320243 0.00393702 0.00540154 0.0063415  0.00649976 0.00719386]
[0.00415143 0.00475811 0.00596845 0.0063809  0.00685552 0.00719666]
[0.00401602 0.00528883 0.00533344 0.00663928 0.00689186 0.00710314]
[0.00079693 0.00166333 0.00171109 0.00223488 0.0025004  0.00268546]
[0.00307394 0.003342   0.00406571 0.00495274 0.00511964 0.0053831 ]
[0.00144046 0.00274419 0.00312989 0.00349444 0.00352481 0.00367968]
[0.00296738 0.00337436 0.00418263 0.00457249 0.00487592 0.00497738]
[0.00495876 0.00500953 0.0055354  0.00572941 0.00587074 0.00626717]
[0.00194912 0.00513775 0.00550265 0.00552604 0.00575966 0.00600419]
[0.00228601 0.00251217 0.00355216 0.00378039 0.00422097 0.00430629]
[0.00055253 0.00171908 0.00178148 0.00343031 0.00413962 0.00463177]
[0.00297676 0.0034325  0.00501603 0.00560369 0.0060541  0.00618943]
[0.00267799 0.00352649 0.00458766 0.00560334 0.00595429 0.00606394]
[0.00068521 0.00379977 0.00419276 0.00456929 0.0053812  0.00586639]
[0.00254262 0.00365003 0.0037975  0.00385666 0.00429558 0.00469603]
[0.00094875 0.00369081 0.00550161 0.0073245  0.00733767 0.00824716]
[0.00252475 0.00379243 0.00497875 0.00566191 0.00628137 0.0073802 ]
[0.00341298 0.00393281 0.00401599 0.0042684  0.00461147 0.00541944]
[0.00218731 0.00285208 0.00451422 0.00536647 0.00540661 0.00594928]
[0.00354664 0.00415903 0.00478781 0.00547576 0.00562317 0.00584029]
[0.004593   0.00499337 0.0055387  0.0055488  0.00624882 0.00674211]
[0.00315206 0.0041897  0.00596087 0.0062001  0.00626714 0.00737746]
[0.00344494 0.00456134 0.00481868 0.00501171 0.00509582 0.00667354]
[0.00432909 0.00500499 0.00515639 0.00558783 0.00571331 0.00623561]
[0.00381555 0.00452472 0.00483897 0.00561038 0.00619543 0.00673725]
[0.00301664 0.00477316 0.00519834 0.00695346 0.00718519 0.00725024]
[0.00342376 0.00487577 0.00574867 0.00576355 0.00620786 0.00621729]
[0.00373179 0.0042454  0.00482797 0.00521872 0.00584143 0.00591322]
[0.00294427 0.00462961 0.00542972 0.00555341 0.00565089 0.00697673]
[0.00408965 0.005644   0.00741826 0.00756633 0.00797774 0.00892354]
[0.0036095  0.00396532 0.00441829 0.00506877 0.00548411 0.00558178]
[0.00194987 0.00243901 0.00251513 0.00261569 0.00262872 0.002976  ]
[0.00343225 0.00379837 0.00456405 0.00523281 0.00546615 0.00604204]
[0.00327548 0.00335517 0.00349166 0.0034947  0.00387374 0.00410919]
[0.00108294 0.00191214 0.00204682 0.00217223 0.00236262 0.00263191]
[0.00223669 0.00224485 0.00229783 0.00240501 0.00349942 0.00365435]
[0.00210048 0.00357898 0.00362258 0.0046349  0.00481498 0.00495643]
[0.00166068 0.00429024 0.00483974 0.00503091 0.00511107 0.00518172]
[0.00169318 0.00229813 0.00249979 0.00262977 0.00278674 0.00307172]
[0.00405474 0.00442944 0.00458421 0.00495899 0.00522526 0.00559617]
[0.00436504 0.00591912 0.0062102  0.00628325 0.00642508 0.00674931]
[0.00215608 0.00349418 0.00437149 0.0055733  0.00643116 0.00724856]
[0.00726361 0.00749266 0.00749622 0.00774794 0.00777358 0.00860032]
[0.00120625 0.00294346 0.00336367 0.00338267 0.00380784 0.0038653 ]
[0.00199096 0.00279304 0.00378196 0.00382863 0.00444504 0.00459684]
[0.0025881  0.00368168 0.00380547 0.00443122 0.00515378 0.00540364]
[0.00038894 0.00190851 0.00331323 0.00382437 0.00417    0.0044663 ]
[0.00230445 0.00342907 0.00504044 0.00563528 0.00596197 0.00615847]
[0.00381973 0.00491806 0.00539522 0.0055337  0.00554102 0.00612473]
[0.00367116 0.00411797 0.00561476 0.00565266 0.00592543 0.00608892]
[0.00370524 0.00435116 0.00438691 0.00575629 0.00629746 0.00749068]
[0.00403662 0.00415543 0.00483681 0.00519315 0.00578992 0.00620206]
[0.00216699 0.0028637  0.00344289 0.00357191 0.00454276 0.00460677]
[0.00172488 0.00306946 0.00310675 0.00313582 0.00363052 0.00368028]
[0.00501263 0.00540922 0.00566239 0.00626364 0.00723151 0.00760541]
[0.0038601  0.00398981 0.00450042 0.00517281 0.00546625 0.00603485]
[0.00035576 0.0021929  0.00319899 0.00554628 0.00763469 0.00791423]
[0.00048085 0.00308688 0.00434737 0.00565157 0.00607921 0.00674911]
[0.00075463 0.00341409 0.00505382 0.00605213 0.00636882 0.0068441 ]
[0.00297192 0.00305383 0.00357551 0.00370683 0.00371053 0.00399221]
[0.00089412 0.00192296 0.00198685 0.00201606 0.00400561 0.00476635]
[0.00303754 0.00400653 0.00507465 0.00627368 0.00682053 0.00704971]
[0.00303    0.00329966 0.00386689 0.00462503 0.00470759 0.0053198 ]
[0.00177598 0.00226733 0.00568142 0.0059088  0.00634384 0.0074204 ]
[0.00017721 0.00101836 0.00184526 0.00348196 0.00621111 0.00673095]
[0.00563557 0.00682632 0.00800979 0.0085132  0.00888603 0.00956224]
[0.00068395 0.00230849 0.00236824 0.00366828 0.00378899 0.00401505]
[0.00106444 0.00179787 0.00194895 0.00297151 0.00308794 0.0031279 ]
[0.00235485 0.0035394  0.00396325 0.00606497 0.00639523 0.00650834]
[0.00059076 0.00138178 0.00299141 0.00345627 0.00579913 0.00611331]
[0.00311215 0.00457866 0.00458202 0.00606365 0.00613713 0.0061661 ]
[0.00031325 0.00409271 0.00534025 0.0053956  0.00592    0.00600621]
[0.0052251  0.00526754 0.00572972 0.00586304 0.00597205 0.00688418]
[0.00061825 0.00098986 0.00169485 0.00514243 0.00538059 0.00624056]
[0.00029687 0.00123717 0.00206979 0.00233441 0.00301331 0.00523993]
[0.00040282 0.00053365 0.00183415 0.00245973 0.00372567 0.00406413]
[0.00097708 0.0016981  0.00302383 0.00505076 0.00594225 0.00645756]
[0.00225729 0.00253063 0.00293366 0.00503196 0.00537108 0.00539761]
[0.00017178 0.00110119 0.00419848 0.00600384 0.00604298 0.00640731]
[0.00382058 0.00738521 0.00766851 0.00790956 0.00924641 0.00983409]
[0.00041642 0.00213288 0.00307562 0.00346913 0.00369984 0.00410105]
[0.00229139 0.00322068 0.00405983 0.00481197 0.00584606 0.0062424 ]
[0.00199765 0.00425093 0.00456993 0.00512141 0.00539039 0.00691551]
[0.00132679 0.00342976 0.00431053 0.00437518 0.00458238 0.00480798]
[0.00448934 0.00507888 0.006719   0.00693904 0.00716605 0.00724003]
[0.00468049 0.00470823 0.00476208 0.00514791 0.00551895 0.00625016]
[0.00363422 0.00402279 0.00467655 0.00495688 0.00589268 0.0063058 ]
[0.00390681 0.00398705 0.00415873 0.00444339 0.00444985 0.0059841 ]
[0.00330342 0.00407976 0.00493974 0.0055703  0.00558138 0.00562684]
[0.00243428 0.00274345 0.00326683 0.00375937 0.00528038 0.00528171]
[0.00049454 0.00214277 0.00278643 0.00412423 0.00420328 0.00563874]
[0.00048745 0.00060291 0.0024595  0.00350674 0.00404799 0.00405704]
[0.00060403 0.00289405 0.00353785 0.00433289 0.00484939 0.00669848]
[0.00084407 0.00139939 0.00347231 0.00373925 0.00452454 0.0048591 ]
[0.00290536 0.00305394 0.00529807 0.00579332 0.00586633 0.00610938]
[0.00090627 0.0013265  0.00366137 0.00389154 0.00479197 0.00505683]
[0.00208929 0.00210861 0.00227817 0.00431256 0.00477065 0.00518993]
[0.00129951 0.00317729 0.00321733 0.00335891 0.00408227 0.0043352 ]
[0.00092185 0.0016466  0.00202899 0.00249573 0.00376125 0.00470935]
[0.00112455 0.00232896 0.00302428 0.00333565 0.00369811 0.00462145]
[0.00081427 0.00139662 0.00249935 0.00473502 0.00517671 0.00572693]
[0.00097344 0.00123913 0.00170381 0.00244459 0.0039749  0.00421468]
[0.00087719 0.0008867  0.00194119 0.00255599 0.00284872 0.00438981]
[0.00011028 0.00198173 0.00296044 0.00303314 0.00340111 0.00362425]
[0.0011083  0.00154709 0.00290147 0.0032138  0.00369117 0.00407604]
[0.00085621 0.00128472 0.00295922 0.00376895 0.00524928 0.00584588]
[0.0002716  0.00113832 0.002493   0.00387016 0.00529514 0.00546355]
[0.00440734 0.00492837 0.00543505 0.00557973 0.00561961 0.00569501]
[0.00022827 0.00134474 0.00186798 0.00380109 0.00480226 0.00515136]
[0.00206817 0.00271899 0.00312075 0.00569167 0.00581476 0.00631015]
[0.0002198  0.00071817 0.0018839  0.00503927 0.00589238 0.00652125]
[0.00173811 0.00609218 0.0061007  0.00622057 0.00888625 0.00891246]
[0.00502913 0.00528223 0.00535211 0.00547076 0.00678095 0.00732447]
[0.00189898 0.00682389 0.00778519 0.00947996 0.00956436 0.00994699]
[0.00301982 0.0035578  0.00385563 0.00480046 0.00536703 0.0055615 ]
[0.00449058 0.0046538  0.00466277 0.00484269 0.00509224 0.00568998]
[0.00227933 0.00365098 0.00433637 0.00559597 0.00603828 0.00604066]
[0.00308602 0.00361686 0.00568732 0.00644676 0.0080498  0.00830265]
[0.00381085 0.00384177 0.00709734 0.0077248  0.00802166 0.00925155]
[0.00166304 0.00235245 0.00629479 0.00640524 0.00682555 0.00684385]
[0.00365929 0.007148   0.00737912 0.01007544 0.01159596 0.01230369]
[0.00522024 0.00611495 0.00618325 0.00660286 0.00663988 0.00781078]
[0.00345086 0.00412067 0.0067236  0.00715718 0.00795446 0.0080362 ]
[0.00221766 0.00327804 0.00482705 0.00542577 0.00602359 0.00626625]
[0.00425125 0.00538825 0.0058786  0.00589957 0.0062676  0.00806685]
[0.00134316 0.0027237  0.00477611 0.00601861 0.00616293 0.00635308]
[0.00384257 0.00559598 0.00682494 0.00691012 0.007016   0.00781935]
[0.00147971 0.00268892 0.00641366 0.00739711 0.00923371 0.00973427]
[0.00549417 0.00584932 0.00617505 0.00673141 0.0068944  0.00870065]
[0.00509711 0.00546084 0.00591637 0.00625883 0.00731509 0.00752741]
[0.00158949 0.0034753  0.00506796 0.00684331 0.00864823 0.00904054]
[0.00281501 0.0039595  0.00509969 0.00639358 0.00724628 0.00755201]
[0.00381782 0.00526234 0.00726391 0.00795085 0.00844194 0.00986907]
[0.00150674 0.00440586 0.00651461 0.00776733 0.00793987 0.00862757]
[0.00056597 0.00408435 0.00455665 0.0053604  0.00540427 0.00542573]
[0.0029256  0.00518906 0.00522843 0.00535274 0.00549679 0.00566399]
[0.00161082 0.00555977 0.00603818 0.00610228 0.00614166 0.00663562]
[0.00088377 0.00102267 0.00174402 0.00336672 0.00434229 0.00490022]
None
[0.00102223 0.00309483 0.00318083 0.00334772 0.00360713 0.00593805]
[0.0005881  0.00226608 0.00402724 0.004894   0.00530867 0.00541063]
[0.00025566 0.00159545 0.00276132 0.00356987 0.00539314 0.00556155]
[0.00561528 0.00877321 0.01101569 0.01109317 0.01114081 0.01164621]
[0.00058454 0.00147025 0.00381893 0.0049608  0.00814595 0.00860136]
[0.0006192  0.00352013 0.00367668 0.00415008 0.00518051 0.00621729]
[0.00259282 0.00266811 0.00546483 0.00548592 0.0072484  0.00743472]
[0.00069689 0.00204819 0.0024619  0.00669894 0.00773038 0.0079195 ]
[0.00030271 0.00248381 0.00353991 0.00657745 0.00675216 0.00692521]
[0.00037584 0.00078924 0.00281703 0.00474083 0.00661989 0.00680441]
[0.00088874 0.00110163 0.00176505 0.00390223 0.0045466  0.00493182]
[0.00114887 0.00209416 0.00288202 0.00350485 0.0040212  0.0051035 ]
[0.00021991 0.00046921 0.00140958 0.00210106 0.00437956 0.00551209]
[0.0012086  0.00240413 0.00488437 0.00616318 0.00668794 0.00794235]
[0.00056983 0.00197526 0.00210702 0.00249686 0.00342161 0.00471137]
[0.00106623 0.00287174 0.00327571 0.00401377 0.00518675 0.00530383]
[0.00564707 0.00798146 0.01003322 0.01031555 0.01112558 0.01247254]
[0.0059743  0.00790029 0.008295   0.00839337 0.00851668 0.00963175]
[0.00032992 0.00257169 0.00361671 0.00456666 0.00527611 0.00567025]
[0.00185077 0.00196042 0.00256974 0.0032744  0.00384709 0.00410453]
[0.00104751 0.00124519 0.00190243 0.00312311 0.00393082 0.0046874 ]
[0.00049397 0.00195993 0.0027509  0.00499951 0.00516121 0.00526572]
[0.00139326 0.00547426 0.0071666  0.00733425 0.008598   0.0096806 ]
[0.00221272 0.00636536 0.00666164 0.00717299 0.00774092 0.00806783]
[0.00158001 0.0025374  0.0040488  0.00491566 0.00621233 0.00814955]
[0.00142759 0.00190054 0.00202547 0.0035493  0.00442719 0.00481387]
[0.00084973 0.00144182 0.00150829 0.00234049 0.00304549 0.00305039]
[0.00224469 0.00342119 0.00388039 0.00399154 0.00548228 0.00642827]
[0.00068072 0.0022802  0.00376425 0.00536879 0.00750431 0.00755304]
[0.00220572 0.00261267 0.00407575 0.00545798 0.00661781 0.00775504]
[0.00098668 0.00140071 0.00335936 0.00404287 0.00426629 0.00600316]
[0.00393411 0.00764103 0.00868341 0.00906057 0.00945007 0.00961727]
[0.00091005 0.00146948 0.0024044  0.00335308 0.00433411 0.00447487]
[0.00017159 0.0009261  0.00118531 0.00146419 0.00164496 0.0032127 ]
[0.00093233 0.00317964 0.00508799 0.00591196 0.00651573 0.00735522]
[0.00071999 0.0014463  0.0036413  0.00563712 0.00581252 0.00703165]
[0.0006737  0.00240442 0.00269326 0.00335497 0.00546152 0.00566676]
[7.63960388e-05 3.01552896e-04 5.63560973e-04 6.68041335e-04  1.66579855e-03 1.93783041e-03]
[0.00020063 0.00124692 0.00148249 0.00215131 0.00265818 0.00287663]
[0.00043276 0.00220086 0.00300176 0.00500395 0.00566602 0.00760463]
[0.00019661 0.00096206 0.00103979 0.00234868 0.00263277 0.00456539]
[0.00058344 0.00104439 0.00193889 0.00332538 0.00372839 0.00464564]
[0.00264994 0.00362051 0.00727118 0.00807859 0.00898046 0.01028447]
[0.00028123 0.0026357  0.00276011 0.0036928  0.00436197 0.00461518]
[0.00070733 0.00164109 0.00310075 0.00451458 0.00481765 0.00513674]
[0.00070103 0.00071145 0.00171736 0.00217779 0.00228477 0.00293476]
[0.00061939 0.00210908 0.00255332 0.00342084 0.00371523 0.00392915]
[0.00074015 0.00104145 0.00108834 0.00160141 0.00298281 0.00327635]
[0.00095225 0.0012074  0.00281608 0.00402747 0.00488327 0.00736056]
[0.00075017 0.00198698 0.0028421  0.00384395 0.0053037  0.00542924]
[0.00080496 0.0028916  0.00701629 0.00732599 0.00742304 0.00749116]
[0.00339045 0.00435777 0.00438456 0.00573167 0.00690171 0.0072876 ]
[0.00065353 0.00393149 0.0054259  0.00811822 0.00951934 0.00961156]
[0.00432106 0.00550448 0.00651548 0.00668446 0.00676371 0.00737498]
[0.00095655 0.0009894  0.00293634 0.00451615 0.00637978 0.00758067]
[0.00183709 0.00358162 0.00480782 0.00535456 0.00560003 0.00898927]
[0.00021416 0.00026637 0.00316404 0.00529076 0.00697142 0.00747523]
[0.00118949 0.00178482 0.00395323 0.00469524 0.00762486 0.0078693 ]
[0.00029254 0.00152659 0.00436564 0.00494251 0.00595707 0.0068946 ]
[0.00031434 0.0010632  0.00176383 0.00251967 0.00482224 0.0049774 ]
[0.00196285 0.00408899 0.00602857 0.00615759 0.00653671 0.00782368]
[0.00563579 0.00754226 0.01036179 0.0106688  0.01081492 0.01134402]
[0.00010984 0.00106378 0.00128355 0.00230286 0.00418745 0.00569896]
[0.0002495  0.00191619 0.00221558 0.0060196  0.00757371 0.00780945]
[0.0002892  0.00112394 0.00184128 0.00453882 0.00497525 0.00681315]
[0.00131175 0.00253636 0.00293326 0.00654998 0.00772643 0.00784643]
[0.00021794 0.00089593 0.00182035 0.00195955 0.00253461 0.00404757]
[0.00143899 0.00286187 0.00501261 0.00535347 0.00549484 0.00562745]
[0.00030771 0.00086647 0.00151776 0.0020677  0.00284271 0.00308007]
[0.00066106 0.00264937 0.00360242 0.00404106 0.00548238 0.00591803]
[0.00061661 0.00107176 0.00184963 0.00294585 0.00314772 0.00525938]
[0.00106245 0.00123083 0.00170724 0.00367437 0.00415901 0.00453442]
[0.0003829  0.00164065 0.00239777 0.00338123 0.00508867 0.00567916]
[0.00018662 0.00035207 0.00068567 0.00110879 0.00168989 0.00213718]
[0.00070138 0.0018493  0.00377926 0.00545851 0.00594181 0.00675303]
[0.00120538 0.00139887 0.0029315  0.00323403 0.00515539 0.00577125]
[0.0036934  0.00395162 0.00643167 0.00756237 0.00780733 0.0081155 ]
[0.0053432  0.00712161 0.00720833 0.00744996 0.00786054 0.00815482]
[0.00445055 0.00525586 0.00574159 0.0077242  0.00782135 0.00811004]
[0.00834815 0.00874558 0.00880034 0.0088214  0.00919294 0.0095098 ]
[0.00563829 0.00725181 0.00773001 0.00797498 0.00810926 0.00862539]
[0.00202694 0.00220182 0.00323195 0.0042931  0.00439877 0.00450442]
[0.00188608 0.00375341 0.00397879 0.00582969 0.00688134 0.00714871]
[0.00514105 0.00575774 0.00607868 0.00667318 0.00671187 0.00719601]
[0.00203103 0.00377432 0.00430244 0.00508693 0.00581782 0.0071926 ]
[0.00577503 0.00742489 0.00890275 0.00904724 0.00933968 0.00963252]
[0.0043743  0.00701062 0.00801967 0.008373   0.0084644  0.01026116]
[0.00375607 0.00425708 0.00530533 0.0057667  0.00696032 0.00739219]
[0.00498724 0.00553675 0.00635835 0.00693201 0.0073552  0.00784409]
[0.00279911 0.0032503  0.00428783 0.00802432 0.00927596 0.00988571]
[0.00216391 0.00500484 0.00529873 0.00570448 0.00661409 0.00794412]
[0.00470652 0.00549316 0.00665965 0.0075384  0.00799193 0.00810543]
[0.00201819 0.00219601 0.00286797 0.0033363  0.00339254 0.00413717]
[0.00188706 0.00368258 0.00384371 0.00726697 0.00745195 0.00839902]
[0.00559306 0.00579465 0.00587183 0.00692588 0.00803795 0.00841924]
[0.00266206 0.0037451  0.00448529 0.00457537 0.00471695 0.00484113]
[0.0024458  0.0037254  0.00568424 0.00582895 0.00621222 0.00927818]
[0.00514479 0.00529102 0.00529686 0.00541558 0.00574393 0.00630935]
[0.00258851 0.00400073 0.00560299 0.00613791 0.00713815 0.00752169]
[0.00084022 0.00214995 0.00246467 0.00412274 0.00426657 0.00472366]
[0.00423697 0.00444777 0.00463315 0.00637882 0.00678036 0.00737545]
[0.00493462 0.0069231  0.00701021 0.00770834 0.00791286 0.00800909]
[0.00108738 0.00284223 0.00445233 0.00469175 0.0052762  0.00664613]
[0.00501779 0.0058233  0.00736202 0.00814929 0.00817586 0.00848838]
[0.00214526 0.00379427 0.00423233 0.00567149 0.00667476 0.00725863]
[0.0057381  0.00677386 0.00837719 0.00847163 0.00851094 0.00887763]
[0.00351556 0.00442419 0.00632151 0.00661923 0.00742616 0.00796626]
[0.00218193 0.00416413 0.00440199 0.00442641 0.00494779 0.00509377]
[0.00386669 0.00448819 0.00459622 0.00479007 0.00482974 0.00572866]
[0.00409873 0.00450757 0.00549329 0.00563758 0.006049   0.00743001]
[0.00650588 0.00674597 0.007848   0.00912723 0.00931503 0.00960014]
[0.0025188  0.00452012 0.00515862 0.00576845 0.0063644  0.00643551]
[0.00315088 0.00459521 0.00507074 0.00625933 0.0069587  0.00764038]
[0.00460868 0.0048085  0.00548509 0.00560028 0.0069809  0.0072874 ]
[0.00624366 0.00732603 0.00768638 0.00803173 0.00885863 0.00908918]
[0.00490472 0.00586651 0.00628189 0.00842483 0.00851855 0.0088062 ]
[0.00463796 0.00549511 0.00619162 0.00644257 0.00704025 0.00740732]
[0.00364527 0.00547009 0.00564603 0.00653809 0.00743679 0.00860843]
[0.0063656  0.00789868 0.01088055 0.01140848 0.01143533 0.01144991]
[0.004932   0.00547818 0.00744158 0.00793682 0.00841099 0.00930975]
[0.00285283 0.00332321 0.00557797 0.00609451 0.00616564 0.00633549]
[0.00217423 0.00283892 0.00290654 0.00327342 0.00342788 0.00344387]
[0.00251626 0.00384188 0.0042373  0.0056767  0.00628114 0.00646286]
[0.00507818 0.00619337 0.00664214 0.0068477  0.00721269 0.00745293]
[0.00372087 0.00570878 0.00601653 0.00717425 0.00749926 0.00779744]
[0.00192484 0.00605669 0.00641015 0.00689185 0.00731539 0.00824717]
[0.00384853 0.00522622 0.00640497 0.00655482 0.00759878 0.00798404]
[0.00415845 0.00606856 0.00821719 0.00854239 0.0105156  0.01108491]
