[0.0160591  0.01623715 0.01939322 0.02051757 0.02169143 0.02266135]
[0.01321871 0.01746307 0.01888255 0.01952654 0.02246818 0.02381683]
[0.01312484 0.01654215 0.02123491 0.02508493 0.02568232 0.02838846]
[0.00982134 0.01108102 0.02018308 0.02163619 0.0224972  0.02723687]
[0.01233519 0.01435802 0.01513816 0.01836396 0.02165507 0.02325682]
[0.01277212 0.0155602  0.0158373  0.01877217 0.02042007 0.02176431]
[0.01277787 0.01950975 0.02242059 0.02271117 0.02459136 0.02462662]
[0.01119913 0.01234766 0.01578299 0.01819658 0.01917897 0.02163268]
[0.02234226 0.02333561 0.0239626  0.02407884 0.02617864 0.02864125]
[0.01838893 0.02370874 0.0239957  0.02977016 0.03068179 0.03257392]
[0.00640384 0.01141077 0.01213542 0.01829839 0.02090735 0.02215159]
[0.00710653 0.00851184 0.00864859 0.01568328 0.02152105 0.02257232]
[0.01092705 0.01923141 0.01972198 0.02052552 0.0205535  0.02065313]
[0.00574038 0.00783241 0.01025322 0.01032252 0.0161306  0.02142896]
[0.01335871 0.01620024 0.01745958 0.02032205 0.02291777 0.02294849]
[0.00948036 0.01713758 0.01731633 0.01895325 0.02549694 0.02616117]
[0.01305538 0.01452965 0.02152129 0.02826922 0.02927    0.03025234]
[0.01714512 0.02028324 0.02234098 0.02781706 0.02806908 0.03002033]
[0.00732791 0.01464588 0.01523579 0.01749399 0.01823634 0.01972684]
[0.00934295 0.01207268 0.01845299 0.01895007 0.02224901 0.02233289]
[0.0102303  0.01153931 0.01554993 0.01763398 0.02083522 0.02296998]
[0.01239359 0.01996059 0.02007237 0.02466886 0.02577452 0.02707684]
[0.00573704 0.02048028 0.02229647 0.02264464 0.02326721 0.0235453 ]
[0.01505781 0.01525979 0.01671317 0.02140328 0.0220329  0.0224183 ]
[0.01327922 0.01771427 0.01779811 0.0209624  0.02111616 0.02129225]
[0.00471235 0.00619207 0.01098834 0.01162347 0.01292425 0.01516021]
[0.00318542 0.00654672 0.01672374 0.01814709 0.01847043 0.01869706]
[0.00574139 0.01436237 0.01552737 0.0187706  0.02096326 0.02587995]
[0.02073565 0.02277568 0.02374068 0.02489057 0.02510026 0.02644933]
[0.00678681 0.0159392  0.01735014 0.01948543 0.02228265 0.02237871]
[0.00556425 0.0069614  0.00712968 0.0098138  0.01592014 0.01988048]
[0.01394155 0.01787108 0.01900816 0.02041023 0.02052603 0.02199384]
[0.00865498 0.01103361 0.01384572 0.01459752 0.01464055 0.01506466]
[0.00555423 0.0072136  0.00903677 0.0106898  0.01168267 0.01261193]
[0.00572197 0.00663879 0.01015232 0.01094957 0.01327888 0.01821026]
[0.01027459 0.01101634 0.01212277 0.01625944 0.01639699 0.01671766]
[0.00897578 0.00905492 0.01824387 0.02152334 0.02364991 0.0267436 ]
[0.01039938 0.0141944  0.01716444 0.01739692 0.02166076 0.02498456]
[0.01672319 0.01782893 0.02160062 0.02246078 0.02259382 0.02327534]
[0.00585808 0.01357147 0.01431339 0.01503261 0.01836219 0.02023391]
[0.01847774 0.01931866 0.02663188 0.02685035 0.02852414 0.02875018]
[0.01615974 0.02286119 0.02362367 0.02496942 0.02815846 0.02887921]
[0.00684912 0.01133126 0.01943366 0.02166587 0.02339923 0.02364238]
[0.01564668 0.01874319 0.01950756 0.02067442 0.02222744 0.02377951]
[0.00985611 0.01566691 0.01874913 0.02019622 0.0205438  0.02082786]
[0.00915241 0.0091813  0.00960224 0.01400225 0.01482186 0.01668609]
[0.01742    0.01937747 0.02234436 0.0236269  0.02422013 0.02449094]
[0.00598061 0.01508683 0.01580407 0.01716882 0.01766651 0.01888973]
[0.00244748 0.01516334 0.01582074 0.01601002 0.02262301 0.02413864]
[0.01121816 0.0113359  0.01568144 0.01574457 0.01656627 0.01880706]
[0.00849696 0.00946561 0.01386383 0.0168197  0.01864429 0.02226895]
[0.00596353 0.01084821 0.01225282 0.0172409  0.01940791 0.02150004]
[0.0159223  0.01905861 0.01918191 0.01924368 0.01991163 0.02245994]
[0.01358475 0.01366145 0.01554168 0.01604276 0.01673336 0.01719188]
[0.00309671 0.01392767 0.01399622 0.01436486 0.02108862 0.02114222]
[0.00842291 0.0095179  0.00968498 0.00994495 0.0131013  0.01473418]
[0.00299871 0.00415827 0.00825261 0.01105837 0.01393147 0.0173436 ]
[0.00264526 0.00764502 0.00959158 0.01368251 0.01647374 0.01741712]
[0.00923219 0.01166501 0.01330636 0.01385462 0.01985135 0.02005003]
[0.00894137 0.01162283 0.01442298 0.01471369 0.0147444  0.01524822]
[0.01086144 0.01483186 0.0156634  0.01613995 0.01871243 0.0200734 ]
[0.00500327 0.00514521 0.00856673 0.01268512 0.0142637  0.01429428]
[0.00585106 0.01077925 0.01626693 0.01775395 0.02260209 0.02701088]
[0.0114196  0.01621573 0.01892679 0.02039325 0.02591437 0.0274235 ]
[0.00790709 0.01975616 0.0216444  0.02260821 0.02310498 0.02514861]
[0.00737546 0.0131045  0.01475819 0.01925587 0.02031148 0.02044876]
[0.01211248 0.01363349 0.01532378 0.02049626 0.02458546 0.02480195]
[0.00719702 0.00890579 0.01869851 0.02055299 0.02267522 0.02316177]
[0.01730796 0.01872394 0.02108059 0.02132924 0.02204927 0.02269191]
[0.01315432 0.01612365 0.01948989 0.02016482 0.02063613 0.02142838]
[0.00221259 0.00749765 0.01069933 0.01585562 0.01884435 0.02013632]
[0.01900554 0.02237245 0.02325367 0.02868669 0.02871816 0.03067733]
[0.00770386 0.01227321 0.01268996 0.02033211 0.02061042 0.02378302]
[0.00917856 0.01012643 0.01280068 0.0155048  0.01836338 0.0186187 ]
[0.00364324 0.00415554 0.01559785 0.0158653  0.01951536 0.02067243]
[0.01719359 0.01778806 0.01805865 0.01836145 0.0202827  0.02168386]
[0.00239609 0.00451659 0.00558195 0.00708779 0.01386047 0.01929171]
[0.00551728 0.00909469 0.01231543 0.01312797 0.0153285  0.01535364]
[0.00351761 0.0050199  0.00862862 0.0094793  0.01019496 0.01293824]
[0.00487416 0.00905793 0.00990008 0.01068674 0.01107353 0.01138485]
[0.00306922 0.00349609 0.00569089 0.00689687 0.00723999 0.00891477]
[0.00943762 0.00984216 0.01104148 0.0113051  0.0117426  0.01205582]
[0.00973639 0.01221708 0.01264209 0.01335006 0.01412055 0.01695976]
[0.00740463 0.00815591 0.00844837 0.00970681 0.00989457 0.01090142]
[0.00674565 0.00711218 0.00830963 0.00836    0.01005332 0.01076857]
[0.00315635 0.00417965 0.00522027 0.00599724 0.00638806 0.00657352]
[0.00432779 0.00535699 0.00713269 0.00765124 0.00790201 0.00826788]
[0.00186952 0.00416604 0.00450436 0.00491016 0.00715119 0.00788225]
[0.00169812 0.00281075 0.00318753 0.00339891 0.00371282 0.00480402]
[0.0032343  0.00475791 0.00606193 0.0090978  0.01224389 0.0127922 ]
[0.00255969 0.00590886 0.00607781 0.00650637 0.00802645 0.00907924]
[0.0026682  0.00304612 0.00326303 0.00591329 0.0110219  0.01112325]
[0.00075756 0.00276202 0.00346084 0.00467748 0.00560827 0.0102442 ]
[0.00366943 0.00427193 0.00466209 0.00910307 0.01238405 0.01416634]
[0.00220148 0.00244162 0.00266683 0.0064506  0.00851702 0.01073418]
[0.00127238 0.00225958 0.00293473 0.0032554  0.00871564 0.01158024]
[0.00333449 0.0040352  0.00436495 0.00498842 0.00573521 0.00614423]
[0.00305365 0.00365888 0.00544966 0.0106276  0.01516349 0.01554497]
[0.00173801 0.00224278 0.00278596 0.00349002 0.00754476 0.01080744]
[0.00273415 0.00386553 0.00440783 0.00475395 0.00816294 0.00832172]
[0.0040334  0.00452715 0.00621754 0.0070573  0.00962563 0.00993754]
[0.00422129 0.00506711 0.00527722 0.00552711 0.0122244  0.01306893]
[0.00158872 0.00231476 0.00260472 0.00394618 0.00524827 0.00577573]
[0.00276575 0.00320845 0.00350699 0.00561905 0.00687473 0.00791911]
[0.00132864 0.00231716 0.00377472 0.0069137  0.00885124 0.01004843]
[0.00138653 0.00262316 0.00324606 0.00339393 0.00439058 0.00763367]
[0.00162024 0.00353791 0.00427856 0.0156427  0.01625869 0.01767768]
[0.00227335 0.00353357 0.00543154 0.00887147 0.00916726 0.01478524]
[0.00029511 0.00079971 0.00171529 0.00493978 0.00519673 0.00758033]
[0.00157051 0.00172827 0.00290973 0.00457084 0.00614453 0.00634217]
[0.00142137 0.00157688 0.00174845 0.00343071 0.00662515 0.01258112]
[0.00139759 0.00365433 0.00437268 0.00728784 0.00743295 0.01486939]
[0.00190062 0.00206629 0.00300191 0.00487381 0.0170944  0.01709785]
[0.00085149 0.00216488 0.0035557  0.00876741 0.0109864  0.01524179]
[0.00348514 0.00368551 0.00429025 0.00664239 0.00709992 0.01167412]
[0.00123626 0.00175039 0.00283992 0.00423281 0.01267676 0.01416877]
[0.00138444 0.00249782 0.0030525  0.01002496 0.01024541 0.01120475]
[0.00360744 0.00389887 0.00483592 0.01049823 0.01082688 0.01094163]
[0.0022527  0.00263201 0.00386532 0.00565386 0.00626173 0.00730586]
[0.00289794 0.00407987 0.00504623 0.00541971 0.0067347  0.00800132]
[0.00340046 0.00396625 0.00536626 0.00623895 0.00768935 0.01076421]
[0.00286629 0.00311649 0.00424965 0.00457548 0.00944535 0.01055717]
[0.00208699 0.00283732 0.00350625 0.00856604 0.01522606 0.01555259]
[0.0014537  0.00176175 0.00186651 0.00853959 0.0116948  0.01186803]
[0.00416698 0.00477063 0.00793403 0.00982414 0.01019361 0.01283619]
[0.00336099 0.00373132 0.00447608 0.00493725 0.00564956 0.00788194]
[0.00367578 0.00424882 0.00468774 0.00542082 0.00680266 0.00866924]
[0.00378112 0.00577184 0.00653108 0.00664918 0.00668411 0.00820477]
[0.00258024 0.00357973 0.00502518 0.00623862 0.00671583 0.01126563]
[0.00230935 0.00330403 0.00552249 0.01593188 0.01620871 0.01940159]
[0.00187956 0.00206184 0.0025833  0.0032956  0.00342642 0.00916567]
[0.00460857 0.00515165 0.00653267 0.00658148 0.00716593 0.01034498]
[0.00123318 0.00256936 0.00412335 0.00443713 0.01382426 0.01530752]
[0.00369326 0.00396662 0.00456393 0.00661974 0.00714465 0.00937302]
[0.00118205 0.00252491 0.00447086 0.00536763 0.01020176 0.01026033]
[0.00601911 0.00669867 0.00847529 0.01635642 0.01700599 0.01702673]
[0.0013639  0.00183312 0.00347748 0.00481624 0.00779345 0.00843221]
[0.00129468 0.00204017 0.00331492 0.00386345 0.00522253 0.00988089]
[0.00566169 0.00582364 0.00725249 0.00784803 0.00804462 0.01003791]
[0.00338818 0.0041711  0.00612862 0.00687487 0.01038374 0.01178583]
[0.00098195 0.00353397 0.00488488 0.00636308 0.00687462 0.00701973]
[0.0012654  0.00158192 0.00356714 0.00753185 0.0109924  0.01225046]
[0.0043152  0.00750331 0.00959606 0.01012207 0.01028014 0.01098551]
[0.00346232 0.00369002 0.00513677 0.00533229 0.00672845 0.01028673]
[0.00369265 0.00438115 0.00954894 0.01158471 0.01327018 0.01363285]
[0.00226216 0.00338676 0.00429376 0.00851619 0.00883528 0.01135693]
[0.00228789 0.00417433 0.00470148 0.00538921 0.00748341 0.00786701]
[0.00332455 0.00425134 0.00956532 0.01005039 0.01336198 0.01556052]
[0.0055438  0.00748207 0.00883407 0.00950556 0.00994697 0.01705138]
[0.0073883  0.0088925  0.0104789  0.01078085 0.0160196  0.02012605]
[0.00205447 0.00255721 0.00305675 0.00332937 0.00375145 0.00909265]
[0.00094782 0.00217079 0.00264178 0.00862485 0.01288367 0.01387591]
[0.00302031 0.00413132 0.00609342 0.00858474 0.01002557 0.01378423]
[0.00511124 0.00523847 0.00817914 0.00952077 0.01028211 0.01191393]
[0.00183852 0.00270446 0.00384137 0.00416373 0.00430565 0.00537248]
[0.00331523 0.00354391 0.00647419 0.00919202 0.01382807 0.01721597]
[0.00414561 0.00614697 0.00696902 0.00868475 0.01052801 0.01086257]
[0.00321343 0.00408911 0.00476389 0.00540693 0.00669675 0.01013937]
[0.00084985 0.00135709 0.00159772 0.0036003  0.00632313 0.00976204]
[0.00308712 0.00328342 0.004107   0.00575172 0.0064617  0.00996601]
[0.00179173 0.0029059  0.00381352 0.00413489 0.00765483 0.00803785]
[0.00134746 0.00194945 0.00220237 0.00380152 0.00535211 0.0082253 ]
[0.00197223 0.00230803 0.0034708  0.00455996 0.00585135 0.00916511]
[0.00223732 0.00584721 0.00758789 0.01109443 0.01261464 0.01276859]
[0.00088398 0.00147355 0.00173564 0.00486498 0.00802216 0.01158625]
[0.00071215 0.0017139  0.00589217 0.007416   0.00772806 0.00805368]
[0.0042269  0.00458228 0.00477703 0.00504552 0.00625408 0.00666025]
[0.0027845  0.00314262 0.00384415 0.00699464 0.00783742 0.00803326]
[0.00248632 0.00310517 0.00384732 0.00593738 0.00726717 0.00769073]
[0.00333649 0.00671633 0.00686257 0.00798306 0.00832594 0.00923269]
[0.01059714 0.01100256 0.01223424 0.01504671 0.0157124  0.01618819]
[0.00146574 0.00488443 0.00711038 0.0105475  0.01065072 0.0110373 ]
[0.00379452 0.00463216 0.00497805 0.0067768  0.00687876 0.00725919]
[0.00105951 0.00880743 0.009412   0.01147152 0.01193461 0.01209486]
[0.00493006 0.00618074 0.00626934 0.00656853 0.0074237  0.00768235]
[0.00451584 0.00620038 0.00695978 0.00817006 0.01084974 0.01160046]
[0.00392267 0.00459279 0.00583246 0.00772222 0.01108773 0.01158944]
[0.00792075 0.01010939 0.01181189 0.01291466 0.01312935 0.0134344 ]
[0.00368371 0.00475817 0.00598875 0.0063396  0.00744083 0.00794916]
[0.00273219 0.00624438 0.00937257 0.01221068 0.01246704 0.01317973]
[0.00631851 0.0074914  0.00970501 0.01030976 0.01184108 0.01652194]
[0.00610974 0.00761168 0.01023237 0.01106893 0.01432511 0.01505518]
[0.00613751 0.00866453 0.0091771  0.00955177 0.00987431 0.01078514]
[0.00735858 0.00815699 0.00837449 0.00908906 0.01017693 0.01194049]
[0.0055971  0.00690368 0.00756423 0.00799103 0.00978114 0.01024871]
[0.00543878 0.00722623 0.00801077 0.00828808 0.00923775 0.01003024]
[0.00322642 0.00663165 0.00809203 0.00831772 0.00836582 0.0095675 ]
[0.00707293 0.00860699 0.01039061 0.01145687 0.01354749 0.01680609]
[0.00567752 0.0069214  0.0101173  0.01064752 0.01144594 0.01145863]
[0.00801212 0.00903949 0.01199307 0.01242945 0.01381031 0.01614648]
[0.00406909 0.00568605 0.00900324 0.01002839 0.01200308 0.01816052]
[0.01061697 0.01218494 0.01238834 0.0154796  0.01691611 0.01795486]
[0.00543949 0.00676593 0.00746926 0.00815977 0.01034732 0.01064292]
[0.00151847 0.00254892 0.00457888 0.01347684 0.01660762 0.01690781]
[0.0090363  0.01026482 0.0104196  0.01144347 0.01188468 0.01400976]
[0.00577645 0.00706228 0.00874706 0.0093634  0.01163919 0.01285215]
[0.00297447 0.00669604 0.00780202 0.00906784 0.01058711 0.0113977 ]
[0.00854639 0.01004477 0.01245329 0.01355656 0.01394312 0.01452484]
[0.00902799 0.00969685 0.0109109  0.01157231 0.01297309 0.01501045]
[0.00563882 0.00653166 0.00784186 0.00853626 0.0091234  0.00978331]
[0.00297384 0.00324538 0.00429639 0.00579128 0.00853032 0.00919431]
[0.00305185 0.00950485 0.00971236 0.01212944 0.01222622 0.01331595]
[0.00649492 0.00742284 0.00989753 0.01018895 0.01279453 0.0134239 ]
[0.00312077 0.00709883 0.00892541 0.00989855 0.01065939 0.0129584 ]
[0.01083563 0.01409601 0.01471656 0.01616814 0.01869846 0.0188918 ]
[0.00558495 0.00659622 0.00774246 0.00816362 0.0093885  0.01407318]
[0.00232576 0.00451704 0.00526163 0.00620057 0.00644063 0.00788825]
[0.00045236 0.00055865 0.00152077 0.00167645 0.00226189 0.00345843]
[0.00465855 0.00598295 0.00702124 0.00783019 0.00837591 0.00978066]
[0.0044003  0.00692453 0.00985951 0.01001915 0.0101422  0.01063784]
[0.00391795 0.00513542 0.0070361  0.01535945 0.01904006 0.02675571]
[0.00891536 0.02279868 0.02561854 0.02722102 0.0278546  0.02960717]
[0.01505385 0.01934031 0.02036281 0.02069287 0.02130614 0.02389416]
[0.01083585 0.01622029 0.01839557 0.02280822 0.02333996 0.0292884 ]
[0.00702845 0.01972288 0.01983069 0.01993109 0.02135448 0.0260827 ]
[0.01346096 0.01501418 0.01505108 0.02126173 0.02337845 0.02565656]
[0.01437437 0.0159201  0.01603362 0.01682556 0.02438917 0.02505957]
[0.01533799 0.0174602  0.01849565 0.02539188 0.02589094 0.02700702]
[0.0106669  0.01329961 0.01483032 0.02601583 0.02734563 0.02981515]
[0.02003077 0.02281524 0.02693436 0.02706391 0.03216635 0.03284299]
[0.00437907 0.0047678  0.00895346 0.02209177 0.0240263  0.02441433]
[0.00623597 0.01042707 0.0189218  0.01922508 0.01959834 0.02252077]
[0.010773   0.01402536 0.01898315 0.02235686 0.02541878 0.02717456]
[0.00946511 0.01585042 0.01805517 0.02140206 0.02142578 0.02225211]
[0.00783866 0.02286808 0.02513645 0.02624201 0.02862174 0.02914833]
[0.01965981 0.02048433 0.021223   0.02400704 0.02528835 0.02758611]
[0.01521985 0.01566393 0.02004649 0.02108954 0.02211132 0.02451061]
[0.01322284 0.01348171 0.01897544 0.02161396 0.02407612 0.02474828]
[0.01579541 0.0180549  0.0197032  0.02000832 0.02049798 0.02094501]
[0.00319688 0.01791932 0.01857066 0.02520266 0.02591213 0.02621594]
[0.00916709 0.01304403 0.01410981 0.01548285 0.01921961 0.0209301 ]
[0.00571266 0.00592662 0.01047578 0.02279394 0.02429872 0.02500584]
[0.00153317 0.00211812 0.00299126 0.00358328 0.00729161 0.00793673]
[0.00136208 0.0016652  0.002059   0.00552738 0.01337091 0.01344246]
[0.00093387 0.00106276 0.0013246  0.00219626 0.00661855 0.00819357]
[0.00014822 0.00049739 0.0007045  0.00704859 0.00889261 0.01010304]
[0.00260681 0.00459596 0.00634018 0.00768737 0.01092348 0.01101145]
None
[0.00139992 0.00347695 0.00373559 0.00512897 0.00913101 0.01229952]
[0.00058479 0.00082247 0.00162706 0.00425432 0.00886812 0.01023669]
[0.00091378 0.00147325 0.00181395 0.01158093 0.0121051  0.01225583]
[0.00172835 0.00238358 0.00255898 0.00466773 0.00810779 0.00945344]
[0.00037399 0.00061185 0.0089692  0.00959297 0.011252   0.01167979]
[0.00120407 0.00193234 0.00314456 0.00672995 0.01040752 0.01089112]
[0.0006815  0.00096475 0.00230951 0.00348169 0.00891018 0.00930679]
[0.00065411 0.0024224  0.00454581 0.00513571 0.00783338 0.00923881]
[0.00254851 0.00273736 0.00309175 0.00345483 0.00377092 0.00710274]
[0.00242759 0.00450225 0.0049498  0.00550826 0.00963439 0.01048351]
[0.00094735 0.00188546 0.00261513 0.00449617 0.00471785 0.00786082]
[0.00116648 0.00156331 0.00288793 0.00629361 0.00942535 0.00943545]
[0.00147321 0.0055698  0.00789288 0.00860709 0.00864875 0.00869032]
[0.00109681 0.00252483 0.00341187 0.00838814 0.01004934 0.01498651]
[0.00083536 0.00276512 0.00390663 0.00756109 0.00828566 0.00841793]
[0.00203806 0.00271746 0.00389032 0.00793047 0.00912079 0.01105555]
[0.00078784 0.00164903 0.00300598 0.00368478 0.01058669 0.01483262]
[0.0018592  0.00216421 0.00444315 0.00724634 0.00917491 0.01246822]
[0.00076786 0.00355307 0.00610571 0.00622414 0.00731458 0.01281578]
[0.00176971 0.00248567 0.00304978 0.00431072 0.00853122 0.01300481]
[0.00187312 0.00228349 0.0060401  0.00667708 0.00876914 0.00885522]
[0.0015198  0.00281306 0.00474985 0.0050757  0.00577307 0.00888233]
[0.00236444 0.00268077 0.00373273 0.00452569 0.00525042 0.00778178]
[0.00214706 0.00226643 0.00290594 0.00368467 0.00579016 0.00830888]
[0.00059723 0.00083699 0.00095051 0.00966289 0.01020985 0.01144659]
[0.00104017 0.0020125  0.00494857 0.00737353 0.00826259 0.01055228]
[0.00188316 0.00314402 0.00330962 0.00494478 0.00554004 0.00576866]
[0.00061471 0.00275267 0.00338891 0.00835164 0.00959224 0.00978546]
[0.00243449 0.0029008  0.00393644 0.00775993 0.00832064 0.0098676 ]
[0.00107483 0.00195919 0.00694551 0.01289527 0.01431295 0.0151286 ]
[0.001495   0.00189949 0.00212094 0.0033987  0.00699079 0.00828259]
[0.00015645 0.00043469 0.00090235 0.01011614 0.01288578 0.01369874]
[0.00046079 0.00068389 0.00118213 0.00823035 0.01222304 0.01470891]
[0.00073415 0.00271703 0.00411625 0.00474036 0.00654913 0.00708675]
[0.00169313 0.00197067 0.00287022 0.00354313 0.01411606 0.0172798 ]
[0.00255792 0.00463672 0.00480606 0.00972918 0.01093069 0.01289928]
[0.00159832 0.00208409 0.0044124  0.00601482 0.00926442 0.01022781]
[0.00351179 0.00559295 0.00985706 0.01738453 0.0192207  0.02178326]
[0.00164331 0.00232512 0.00270133 0.01258733 0.01288824 0.01684679]
[0.00035354 0.00081467 0.00251671 0.00914913 0.01096503 0.01149151]
[0.00189717 0.0025601  0.00514721 0.01160734 0.01204112 0.01405043]
[0.00234338 0.0039054  0.00497981 0.00544182 0.01094986 0.01148175]
[0.00281618 0.0042567  0.00833883 0.01299578 0.01779793 0.02128954]
[0.00305086 0.00530792 0.00829979 0.01049049 0.01377401 0.01502126]
[0.00321443 0.00367248 0.00579964 0.01502856 0.01557641 0.01746008]
[0.00177114 0.00224872 0.00475202 0.00802368 0.00849615 0.01195828]
[0.00053875 0.00118386 0.00135824 0.00553952 0.00809171 0.00891843]
[0.00196997 0.00286958 0.00482547 0.00879631 0.01621761 0.01652953]
[0.00365649 0.00445934 0.00477864 0.00518461 0.00728748 0.00765794]
[0.00296229 0.00557881 0.0074893  0.0083882  0.01013672 0.0141318 ]
[0.00168609 0.00398316 0.00560966 0.00573103 0.00602758 0.00718266]
[0.00207661 0.00291186 0.00477455 0.01454986 0.01517318 0.01588194]
[0.00127531 0.00349362 0.00393842 0.00463056 0.01745827 0.01924138]
[0.00215765 0.00326432 0.00579109 0.00833467 0.01028891 0.01095493]
[0.0050104  0.00655599 0.00717498 0.00752501 0.00876534 0.00890012]
[0.00328644 0.0034868  0.00606027 0.00646508 0.01019185 0.01249348]
[0.00247652 0.0039949  0.00567784 0.01521573 0.01759155 0.01903942]
[0.0029906  0.00373323 0.00419488 0.00649115 0.01170567 0.01655218]
[0.00393824 0.00496489 0.00594945 0.01022171 0.01070319 0.01694241]
[0.00239638 0.00302367 0.00481393 0.01528772 0.01585575 0.02299207]
[0.00136474 0.00168735 0.00855272 0.00980531 0.01455965 0.01461197]
[0.00397912 0.00486271 0.00998092 0.01083348 0.01128361 0.01133876]
[0.00204139 0.00224233 0.00239191 0.0034205  0.00453918 0.0135892 ]
[0.00272574 0.00339013 0.0054602  0.00823686 0.00881626 0.01018381]
[0.00310361 0.003767   0.0050743  0.00877216 0.01193575 0.01264584]
[0.00281812 0.00373801 0.00466738 0.00899888 0.00935907 0.01027219]
[0.00036362 0.00060971 0.00170244 0.00692649 0.00796029 0.01048456]
[0.00058483 0.0019471  0.00320238 0.00855289 0.00995738 0.01060822]
[0.00409681 0.00534367 0.00774937 0.00952037 0.01172212 0.01234806]
[0.00237825 0.00392511 0.00406038 0.00740639 0.00772404 0.0086672 ]
[0.00366528 0.00390289 0.00560492 0.00854866 0.00995536 0.01191507]
[0.00067429 0.0021652  0.00294595 0.00367484 0.00742421 0.0090624 ]
[0.00412213 0.0045734  0.00550846 0.00566667 0.00675107 0.00932391]
[0.00169605 0.00265607 0.0029391  0.00346801 0.00689617 0.00795627]
[0.00088213 0.00111226 0.0035155  0.00686643 0.01105797 0.01114229]
[0.00447341 0.00610879 0.00898644 0.00935797 0.01335459 0.01500557]
[0.0031293  0.00395167 0.00681214 0.0069043  0.00929752 0.01253259]
[0.00405537 0.00475468 0.00575161 0.00682375 0.00760545 0.01218516]
[0.00287032 0.00521169 0.00624766 0.00645835 0.00672844 0.00775947]
[0.00275555 0.00351766 0.00405424 0.01066843 0.01113272 0.01123949]
[0.00291792 0.00472912 0.00616685 0.00893601 0.01379696 0.01518851]
[0.00100113 0.00152148 0.00337987 0.00933144 0.01102415 0.01422861]
[0.00398729 0.00507089 0.00547976 0.00628549 0.00925965 0.00962819]
[0.00142943 0.00281971 0.00704153 0.00755455 0.01039788 0.0114034 ]
[0.00394329 0.00407478 0.005599   0.00767512 0.00799341 0.01355246]
[0.00229915 0.00458817 0.00587084 0.01094599 0.01224129 0.01238212]
[0.00524762 0.00764771 0.00888008 0.00938409 0.01602348 0.01638167]
[0.00187372 0.00300248 0.00437525 0.00563724 0.00838792 0.01018845]
[0.00284118 0.003659   0.00395174 0.00665    0.00788727 0.0081302 ]
[0.00348929 0.00401779 0.00480299 0.01227947 0.01349138 0.01494951]
[0.00523363 0.0061291  0.00707104 0.00938325 0.00972139 0.00994421]
[0.00182018 0.00282109 0.00548888 0.00678437 0.00737344 0.008054  ]
[0.0028685  0.00370301 0.00488471 0.00583779 0.00683896 0.00699659]
[0.00184753 0.00214126 0.00264741 0.01115843 0.0122417  0.01422197]
[0.0029024  0.00334592 0.00398695 0.00444023 0.01168321 0.01312565]
[0.00255562 0.00375771 0.00455114 0.00725422 0.01004964 0.01284844]
[0.00632769 0.00743742 0.00792206 0.01171731 0.01206694 0.01318556]
[0.00293151 0.00298046 0.00475362 0.00664311 0.01278565 0.01295481]
[0.00105735 0.0029335  0.00370629 0.00474176 0.00816625 0.00842488]
[0.00284075 0.00456432 0.00549716 0.00713461 0.00960937 0.01097026]
[0.00180009 0.00232071 0.00359944 0.00407359 0.00534432 0.00774391]
[0.0019087  0.00251683 0.00380056 0.00455333 0.01431226 0.01461354]
[0.00070877 0.00116926 0.00254243 0.00564619 0.00848977 0.0092477 ]
[0.0016944  0.00184243 0.00558711 0.00697075 0.00750016 0.00914652]
[0.00165429 0.00173596 0.0024847  0.00371603 0.00641894 0.00778613]
[0.00168437 0.00239303 0.00261204 0.00297194 0.00432406 0.0045392 ]
[0.00065182 0.00268608 0.00504136 0.01028429 0.01049972 0.01178434]
[0.00309805 0.0047601  0.00521601 0.00927301 0.01183803 0.01211992]
[0.00205152 0.00232113 0.00281715 0.00989572 0.01151761 0.01207122]
[0.0006247  0.00343558 0.00414515 0.00488492 0.00616361 0.00732093]
[0.00216482 0.0047151  0.0051987  0.00794015 0.01079391 0.01096159]
[0.00148923 0.00337319 0.00393025 0.00654451 0.01001672 0.01097523]
[0.00302234 0.00384452 0.00403187 0.00453353 0.0075177  0.00812085]
[0.00259316 0.00392028 0.00436409 0.00634097 0.00785732 0.00880065]
[0.00290704 0.00356928 0.00391014 0.00505141 0.00780244 0.00932112]
[0.00292153 0.00307795 0.00625701 0.0072908  0.00958462 0.01106001]
[0.0024965  0.00360717 0.00494593 0.00671706 0.00689268 0.00929027]
[0.00207091 0.00329635 0.00488906 0.01078993 0.01210401 0.01224534]
[0.00108026 0.00355687 0.00611504 0.00671137 0.00672161 0.00811848]
[0.0036238  0.00588164 0.00732776 0.00809678 0.01109781 0.01280854]
[0.00266449 0.00375005 0.00494107 0.00543082 0.00623956 0.00699487]
[0.00157923 0.00194826 0.00238062 0.00424697 0.00528505 0.00662592]
[0.00281166 0.00318882 0.00471566 0.00548289 0.00803782 0.01335445]
[0.00348096 0.00413598 0.00448721 0.00534596 0.00812956 0.00973861]
[0.00256211 0.00279921 0.00355285 0.00520994 0.00582172 0.00645813]
[0.00227726 0.00232607 0.00423029 0.00448378 0.0055296  0.00619746]
[0.00277807 0.00593594 0.00797626 0.01073932 0.01080777 0.01325789]
[0.00078207 0.00603608 0.00728474 0.00827126 0.01213268 0.0164565 ]
