[0.00680402 0.00682327 0.0068939  0.00853659 0.00977049 0.01016475]
[0.00899253 0.00955676 0.00982889 0.01014917 0.01340341 0.01483756]
[0.00898648 0.01342141 0.01406173 0.01423657 0.01588471 0.01593397]
[0.00840129 0.00957306 0.00968274 0.01143494 0.01143883 0.01167206]
[0.00169786 0.00582589 0.00654056 0.00905583 0.00917307 0.0092073 ]
[0.00585286 0.00710659 0.01177676 0.01373415 0.01450942 0.01476718]
[0.00900904 0.00925338 0.01016126 0.01323207 0.01325337 0.01343284]
[0.00618953 0.00714859 0.01109677 0.01291061 0.01348596 0.01404646]
[0.00708944 0.00859551 0.00938702 0.01140266 0.01227831 0.01500031]
[0.00480683 0.00674612 0.00778465 0.00785261 0.00900333 0.01148034]
[0.00533848 0.00648432 0.0066622  0.00883118 0.00903217 0.01033815]
[0.0036094  0.00382604 0.0063169  0.00742884 0.00790415 0.00797771]
[0.00567529 0.00616166 0.00714011 0.00741532 0.00746258 0.00812346]
[0.00400371 0.00842373 0.01050959 0.01078773 0.01094408 0.01162948]
[0.00757587 0.00828703 0.01009492 0.0106554  0.01124702 0.01201651]
[0.00350721 0.00531431 0.00688594 0.00878986 0.00997476 0.0107343 ]
[0.00365974 0.00720352 0.00727415 0.00727912 0.00789151 0.01047828]
[0.00679861 0.00793619 0.01010187 0.01010592 0.01112698 0.01113261]
[0.00528904 0.00766996 0.00875483 0.00886261 0.01045124 0.01201214]
[0.00183502 0.00499848 0.00831207 0.00833814 0.00887467 0.01101959]
[0.00372449 0.00450478 0.00743891 0.00891932 0.01012341 0.01108531]
[0.00209552 0.00678107 0.0088     0.0089722  0.00954962 0.01061312]
[0.00479526 0.00878509 0.00935032 0.01059811 0.01163427 0.01269301]
[0.00681398 0.00814146 0.00934365 0.01190551 0.01230028 0.01287407]
[0.00947412 0.00963306 0.01010878 0.01131261 0.01354425 0.01444888]
[0.0062759  0.00948118 0.00979187 0.01078679 0.01140015 0.01150919]
[0.00571766 0.01289388 0.01364543 0.01521612 0.01597326 0.01652754]
[0.00268121 0.0073765  0.00740639 0.00836227 0.01123215 0.01335213]
[0.00521993 0.00971078 0.00977681 0.01149994 0.01203676 0.01289475]
[0.00584136 0.00799101 0.01119137 0.01164563 0.01431891 0.01511263]
[0.00458476 0.00517824 0.00573959 0.00717876 0.00801013 0.00833756]
[0.00448366 0.00699173 0.00754915 0.00800824 0.00807601 0.00905738]
[0.00307505 0.00395048 0.00412405 0.00438645 0.00457713 0.00474364]
[0.00281731 0.00460032 0.005685   0.00656027 0.0067553  0.00873483]
[0.00594995 0.00639534 0.00856652 0.0091007  0.0103916  0.0105081 ]
[0.00210877 0.0034552  0.00666572 0.00696872 0.00736647 0.00757237]
[0.00363536 0.0077284  0.00884865 0.00900568 0.00903385 0.01063669]
[0.00372706 0.00837235 0.00909926 0.01039597 0.01271645 0.01362249]
[0.00400627 0.006103   0.00710122 0.00783227 0.0111011  0.01146674]
[0.00353802 0.00741514 0.00794919 0.01042687 0.0105546  0.01133858]
[0.0044683  0.00597898 0.00867117 0.00875147 0.00914094 0.01000075]
[0.00187051 0.00381338 0.00436934 0.0051852  0.00726992 0.00731782]
[0.00309657 0.0039592  0.00780249 0.00888264 0.00899337 0.0091379 ]
[0.00158932 0.00187735 0.00296138 0.00497078 0.00660922 0.01039882]
[0.00258714 0.00358225 0.00662811 0.00867611 0.00990307 0.01066773]
[0.00319139 0.00381574 0.00423617 0.00666764 0.00680564 0.00773502]
[0.00201716 0.00293187 0.00425961 0.00512859 0.00542706 0.00596633]
[0.00160378 0.00258269 0.00720787 0.01029501 0.01038004 0.01040586]
[0.00587886 0.00637766 0.00682389 0.00795951 0.00809484 0.00946506]
[0.00167677 0.00522668 0.0083323  0.00863154 0.00956364 0.01036195]
[0.00426508 0.0056993  0.00757139 0.00832521 0.00862963 0.0089432 ]
[0.00465676 0.00786396 0.00810488 0.00850896 0.00974246 0.01173725]
[0.00138606 0.00542266 0.00577585 0.00592768 0.00667365 0.00707507]
[0.00368847 0.00568597 0.00582776 0.00808306 0.00854198 0.01031564]
[0.00420296 0.00728555 0.00826296 0.00839259 0.00857483 0.00870743]
[0.00252806 0.00776894 0.00794637 0.00855781 0.0102228  0.01094138]
[0.0036107  0.00392982 0.00728209 0.00928374 0.00995818 0.01091733]
[0.00327568 0.00455481 0.00668873 0.00982946 0.01214142 0.01251327]
[0.00889656 0.00925877 0.00992347 0.01004386 0.01081907 0.01390932]
[0.00331333 0.00601099 0.00626581 0.00780278 0.00878249 0.01180425]
[0.00775194 0.00979998 0.01038292 0.01041731 0.01093103 0.0111477 ]
[0.0067063  0.00689712 0.00757309 0.00962792 0.01328843 0.0152396 ]
[0.00589603 0.00797666 0.0083172  0.00906648 0.00933678 0.00942764]
[0.00528571 0.00586013 0.00722194 0.00769216 0.00945944 0.00981365]
[0.00724977 0.00876614 0.00916482 0.00927256 0.00978387 0.01220469]
[0.00305322 0.00337364 0.00441168 0.00520544 0.00938395 0.00980702]
[0.00328884 0.00427338 0.00761725 0.00856523 0.00907369 0.00934702]
[0.00106515 0.00350693 0.00372446 0.00403799 0.00465064 0.00619071]
[0.003012   0.00506676 0.00624952 0.00846607 0.00923987 0.01004271]
[0.00300071 0.00469094 0.0055178  0.00636615 0.00659234 0.00822117]
[0.00397377 0.0051592  0.00745127 0.00995459 0.01014942 0.01049336]
[0.00398417 0.00523922 0.00621138 0.00689568 0.00923464 0.0097139 ]
[0.00478995 0.00631097 0.00700219 0.00705457 0.00720803 0.00742736]
[0.00381422 0.00452775 0.0048898  0.0052234  0.00590226 0.0067174 ]
[0.00283956 0.0041781  0.00967255 0.01020958 0.01074278 0.01081784]
[0.00926968 0.00936956 0.00971196 0.01053763 0.01143905 0.01215934]
[0.00403862 0.00851046 0.00889451 0.01008135 0.01089562 0.01095896]
[0.00387453 0.00533212 0.00717107 0.00875353 0.00935954 0.00938791]
[0.00457215 0.00838417 0.00870026 0.00908995 0.00942329 0.01050353]
[0.0048458  0.00665365 0.0074596  0.0080337  0.00805273 0.00839861]
[0.00273842 0.00325468 0.00343152 0.00346303 0.0035441  0.00385527]
[0.00476306 0.00566233 0.00625371 0.00637709 0.00743334 0.00753723]
[0.00507648 0.00736859 0.0077257  0.00781146 0.00794814 0.00865777]
[0.00351797 0.00390901 0.00435601 0.00452732 0.00701013 0.00721532]
[0.00634018 0.00648874 0.006508   0.00686982 0.00733177 0.00760387]
[0.00534197 0.00546137 0.00561866 0.00625065 0.00689901 0.00704213]
[0.00653609 0.00725875 0.00781476 0.00803996 0.00873458 0.00898684]
[0.00072959 0.00477123 0.00484662 0.00521518 0.00585163 0.00591906]
[0.00158531 0.00265957 0.00285367 0.00308137 0.00378107 0.0047837 ]
[0.00355607 0.00368466 0.00582943 0.0058628  0.00625251 0.00665402]
[0.0012659  0.00271721 0.00319671 0.00474805 0.00580163 0.00588627]
[0.00560643 0.00574505 0.00709784 0.00814232 0.00886357 0.00908077]
[0.00204616 0.00397209 0.00456281 0.00566388 0.00580674 0.00649801]
[0.0045062  0.00544968 0.00607837 0.00648807 0.00677112 0.0075944 ]
[0.00224794 0.00294475 0.00432827 0.00437551 0.00441971 0.00505708]
[0.00374772 0.00406056 0.00450518 0.0048792  0.00510328 0.00529354]
[0.00403261 0.00422249 0.00467618 0.00690363 0.00749716 0.00780238]
[0.00434661 0.00550061 0.00578426 0.00713621 0.0072803  0.00834985]
[0.00413583 0.00456561 0.00494396 0.00664591 0.00711241 0.00756025]
[0.00222311 0.00290716 0.00294056 0.0047733  0.00625325 0.00783627]
[0.00311497 0.00629096 0.00727533 0.00896457 0.00976216 0.01041675]
[0.00245082 0.00377425 0.00452417 0.00635103 0.0076469  0.00781172]
[0.00198096 0.00365111 0.00478056 0.0053988  0.0056594  0.00592494]
[0.004324   0.00438105 0.00476603 0.00632853 0.007697   0.00834707]
[0.00327766 0.00560344 0.00607931 0.00644831 0.00779818 0.00799868]
[0.00337538 0.00477574 0.00519026 0.00670394 0.00788595 0.00796229]
[0.00354483 0.00553706 0.00576709 0.00634571 0.00654875 0.00687407]
[0.00489406 0.00722236 0.00743171 0.00797215 0.0080934  0.00835004]
[0.0022447  0.00349762 0.00396838 0.0050586  0.00705187 0.00709466]
[0.00219356 0.00348479 0.00387469 0.00396589 0.00450701 0.00559933]
[0.00351901 0.00389921 0.00392678 0.00395253 0.00497366 0.00559675]
[0.00268709 0.00432465 0.00443195 0.00571981 0.00630757 0.00647635]
[0.00414066 0.00430628 0.00435698 0.00532241 0.00615645 0.00776422]
[0.00535079 0.00822641 0.00866217 0.0099996  0.01010763 0.01073293]
[0.00295438 0.00631169 0.00634504 0.00635568 0.00810835 0.00856182]
[0.00439218 0.00442313 0.00517764 0.00767973 0.00771221 0.00899453]
[0.00355266 0.00358915 0.00376511 0.00500766 0.00633713 0.00678543]
[0.00391189 0.00602492 0.00634202 0.00678911 0.00762801 0.00840606]
[0.00147935 0.0021197  0.0032937  0.00564248 0.00688546 0.0080009 ]
[0.00610983 0.00743622 0.00760412 0.00779218 0.0089468  0.00923733]
[0.00356966 0.00567019 0.00644607 0.00666267 0.00731065 0.00912984]
[0.00989195 0.01129319 0.01185721 0.01271548 0.01312478 0.01334664]
[0.00224673 0.00230393 0.0064325  0.00671894 0.00682077 0.00728818]
[0.0037788  0.00497199 0.00522784 0.00583601 0.00609842 0.00628346]
[0.00329091 0.00576988 0.00603821 0.00700372 0.00862277 0.00983783]
[0.00818967 0.00923831 0.00935629 0.00937784 0.00941985 0.00944934]
[0.00353015 0.00561306 0.00620551 0.00703217 0.00951903 0.00988949]
[0.00462393 0.00697526 0.00892709 0.00922042 0.01046317 0.01170766]
[0.00686091 0.00695475 0.00741684 0.00765151 0.0082546  0.00933754]
[0.00309749 0.00658026 0.00668797 0.00688499 0.00790257 0.00805566]
[0.00199711 0.00249464 0.0032489  0.00559956 0.00567548 0.00651904]
[0.00286611 0.00390812 0.00590948 0.00613978 0.0061562  0.00640368]
[0.0014921  0.00272765 0.00490912 0.00619502 0.00678231 0.00700999]
[0.00374773 0.00443251 0.0059889  0.0066977  0.00858943 0.00893003]
[0.00370166 0.00503103 0.00506364 0.00546555 0.00594135 0.00597444]
[0.00301797 0.00483903 0.00557504 0.00564086 0.0056884  0.00572407]
[0.00210957 0.0025708  0.00326786 0.00349262 0.00351491 0.00398987]
[0.00148578 0.00346538 0.00458772 0.00591262 0.00604881 0.00622627]
[0.00094214 0.00289622 0.00598036 0.00708238 0.00753104 0.00778802]
[0.00311662 0.00332657 0.00347983 0.00387382 0.00428713 0.00454626]
[0.00487654 0.00517951 0.00592648 0.00762722 0.00862151 0.0088295 ]
[0.0041967  0.00666419 0.00724812 0.00755627 0.00778408 0.00796056]
[0.00497525 0.00535626 0.00542181 0.00640547 0.00750707 0.00791558]
[0.00318636 0.00490982 0.00539127 0.00570023 0.00633493 0.00864951]
[0.00359614 0.00457559 0.00477302 0.00640681 0.00658623 0.00664847]
[0.00179874 0.00350044 0.00454904 0.00501961 0.00505619 0.00655532]
[0.00595408 0.00761407 0.00835277 0.00950539 0.01006268 0.01051944]
[0.00263969 0.00480938 0.00558975 0.00572205 0.00649468 0.0067731 ]
[0.00344119 0.00480573 0.00487586 0.00501623 0.00556341 0.00607761]
[0.00712667 0.00779936 0.00799259 0.00802148 0.00849895 0.0092686 ]
[0.00218274 0.00219341 0.00306771 0.00346617 0.00378701 0.00417951]
[0.00256771 0.00267862 0.00365863 0.00367588 0.00476379 0.00480664]
[0.00367124 0.00502706 0.0054959  0.00614596 0.00619133 0.00640415]
[0.00454377 0.00586767 0.00665279 0.00823807 0.00851179 0.00860953]
[0.00567514 0.00758389 0.00829294 0.00833451 0.00868135 0.00920743]
[0.00355495 0.00555361 0.00645253 0.00675802 0.00702363 0.00859403]
[0.00343278 0.00438189 0.00474452 0.00687677 0.00762506 0.00825121]
[0.0016091  0.00508388 0.00525598 0.0072148  0.00724823 0.00797663]
[0.00388066 0.00416934 0.00475412 0.0049272  0.00576417 0.0060003 ]
[0.00512043 0.00566006 0.00624418 0.00672933 0.00685223 0.00794617]
[0.00487075 0.00488108 0.00604232 0.00615628 0.01036209 0.01042325]
[0.00344562 0.00509874 0.00579609 0.00615077 0.00743278 0.00842259]
[0.00557318 0.00611779 0.00847988 0.0089599  0.00902413 0.00908361]
[0.00427174 0.00521269 0.00543133 0.00732785 0.00916565 0.00957295]
[0.00260661 0.00370245 0.00399542 0.00461421 0.00471779 0.0052517 ]
[0.00219289 0.00528709 0.00563096 0.00571684 0.00683612 0.00803463]
[0.00276783 0.00401601 0.00468785 0.00480093 0.00519049 0.00569936]
[0.00304368 0.00338119 0.00380907 0.00390392 0.00523131 0.00601933]
[0.0031503  0.00790477 0.00816124 0.00843641 0.00855687 0.00865332]
[0.00699598 0.00771151 0.00799433 0.0081965  0.00963029 0.01076208]
[0.0028295  0.009645   0.01100744 0.01139516 0.01274587 0.01278446]
[0.00609516 0.00646984 0.00683021 0.00683474 0.00694111 0.00706115]
[0.00491517 0.00697302 0.0070182  0.00709073 0.00768962 0.00857975]
[0.00203092 0.00612846 0.00752385 0.00908871 0.00933362 0.01000418]
[0.00455996 0.00693519 0.00719695 0.0083446  0.0087604  0.0088573 ]
[0.00188921 0.00830731 0.00870708 0.00925156 0.00943066 0.00959107]
[0.00524257 0.01010384 0.0110024  0.01116052 0.01178222 0.0119068 ]
[0.00419462 0.00480832 0.00721788 0.00755925 0.00787169 0.00921841]
[0.00216399 0.00296875 0.0044997  0.0069226  0.0069843  0.00758781]
[0.00364257 0.00468818 0.00614924 0.00655556 0.00735987 0.00751627]
[0.00399321 0.00431272 0.00570309 0.00670357 0.00684027 0.00716337]
[0.00526937 0.00696352 0.00707362 0.00759786 0.00762395 0.00766121]
[0.00585726 0.00652806 0.00668952 0.0067466  0.00782229 0.00813458]
[0.00159878 0.00569343 0.00728581 0.00761001 0.00930356 0.00982589]
[0.00271845 0.00412568 0.00600635 0.00636802 0.00698054 0.00714362]
[0.00294878 0.00326825 0.00476263 0.00544001 0.00633979 0.00674573]
[0.00369236 0.00382669 0.00391468 0.00470571 0.00639849 0.0067078 ]
[0.00496702 0.0076162  0.00824221 0.00864906 0.00901054 0.00905447]
[0.00479916 0.00580108 0.0074574  0.00750831 0.00834014 0.00847263]
[0.00233857 0.00427671 0.00434414 0.00494465 0.00530238 0.00597173]
[0.00210623 0.00627157 0.00753611 0.00811173 0.00862849 0.00965265]
[0.00151157 0.00176932 0.00392664 0.00427563 0.00709365 0.00859046]
[0.00427236 0.00512645 0.00621637 0.00766729 0.0089729  0.00920016]
[0.00754052 0.0091014  0.01012189 0.01028561 0.01029283 0.01038905]
[0.00356458 0.00612063 0.00821893 0.00914314 0.00920824 0.01032331]
[0.00676015 0.00868667 0.0088375  0.00884623 0.00983296 0.01070918]
[0.00198782 0.00463066 0.00674138 0.00835366 0.0089958  0.0092392 ]
[0.0018787  0.00444693 0.00470096 0.00590017 0.00601428 0.00661567]
[0.00449597 0.00726407 0.00779999 0.00894673 0.01023732 0.01026268]
[0.00299713 0.00602988 0.00715217 0.00827572 0.00902701 0.00914558]
[0.00303066 0.00497733 0.00499558 0.00513081 0.00638387 0.00874206]
[0.00367212 0.00689386 0.00708792 0.00724885 0.00749044 0.0080178 ]
[0.0017378  0.00637901 0.00645505 0.00767617 0.00928551 0.00939858]
[0.00744758 0.00760303 0.00858142 0.00865338 0.00959896 0.00968682]
[0.00487136 0.00561021 0.00636116 0.00699589 0.00723112 0.00778733]
[0.00254161 0.00452705 0.00646594 0.00745111 0.00893072 0.00900307]
[0.0019276  0.00375158 0.00564142 0.00690008 0.00747919 0.00749826]
[0.00363136 0.00424106 0.00564975 0.00621076 0.00668969 0.0068727 ]
[0.0033264  0.00574402 0.00731864 0.00736072 0.00768385 0.00941025]
[0.00379761 0.00445835 0.00701754 0.00717171 0.00744269 0.00939498]
[0.00606077 0.01014613 0.01029499 0.01054103 0.01074981 0.01130014]
[0.01058389 0.01333436 0.01450297 0.01492677 0.01644852 0.01658648]
[0.0006614  0.01252559 0.01416244 0.01474228 0.01536722 0.01609668]
[0.00363469 0.00385962 0.00815119 0.00909746 0.0121053  0.01470835]
[0.00331409 0.003434   0.00589928 0.00757808 0.00951705 0.00973134]
[0.00097695 0.00606512 0.00857717 0.00876496 0.01081272 0.01209514]
[0.00521882 0.00702031 0.00750098 0.00838488 0.00900582 0.00933987]
[0.00673354 0.00762146 0.00988859 0.01047748 0.01073233 0.01276392]
[0.00163026 0.00274498 0.0081365  0.00836302 0.01048577 0.01057107]
[0.00372744 0.00635209 0.00645637 0.008173   0.01009222 0.01056531]
[0.0050755  0.00785065 0.00883951 0.00887755 0.01226089 0.01358602]
[0.00303669 0.00541407 0.00604194 0.00870917 0.01064623 0.01288703]
[0.00202242 0.00287685 0.00684507 0.0076917  0.00914144 0.01122859]
[0.00658481 0.00674339 0.0079287  0.00883481 0.00943912 0.00972956]
[0.00178155 0.00178402 0.00608465 0.00812868 0.01047929 0.0106978 ]
[0.00753425 0.00881052 0.0106221  0.01124988 0.01136129 0.01308883]
[0.00724502 0.00850713 0.01229613 0.01286295 0.013395   0.0137681 ]
[0.00542894 0.00633622 0.00683263 0.00731349 0.00913594 0.00925884]
[0.00754287 0.00842999 0.00903429 0.0091447  0.01025593 0.01113556]
[0.00230047 0.00434569 0.00525144 0.00834481 0.00841325 0.00845823]
[0.00586218 0.00752051 0.00953692 0.01325604 0.01329882 0.01345446]
[0.00130716 0.00350288 0.00842485 0.00977256 0.01081601 0.01117184]
[0.00394628 0.00529381 0.00618117 0.00655112 0.0085932  0.00874144]
[0.00345716 0.00496121 0.00782788 0.00784639 0.00793081 0.00895279]
[0.00411723 0.00441938 0.00833817 0.00846074 0.00895348 0.00896996]
[0.00242099 0.00363635 0.00413496 0.00490064 0.00556406 0.00665305]
[0.00436423 0.00522301 0.00570216 0.00593472 0.00604943 0.00866583]
None
[0.00862193 0.00929446 0.00939592 0.00994114 0.00995632 0.01035015]
[0.00300175 0.00419251 0.00489676 0.00767781 0.00812373 0.00982785]
[0.00600437 0.00601473 0.00743342 0.00748286 0.0087589  0.00886182]
[0.00371506 0.0076604  0.00857309 0.00902797 0.00964092 0.01002069]
[0.00347662 0.00647383 0.00891939 0.00907097 0.00916329 0.00945638]
[0.00580267 0.00694364 0.00697624 0.00733119 0.01132686 0.01326989]
[0.00680442 0.00702486 0.00737158 0.00978272 0.01007549 0.01144817]
[0.00429375 0.00731737 0.00937125 0.01224297 0.01242422 0.01321561]
[0.00736117 0.00915605 0.01293556 0.01324397 0.01390314 0.01433871]
[0.00502876 0.00917954 0.01142233 0.01186901 0.01315582 0.01340951]
[0.00635884 0.00849607 0.00887968 0.00890519 0.00966534 0.01205065]
[0.00178793 0.00412847 0.00520739 0.00578243 0.00607705 0.0075904 ]
[0.00402916 0.00466752 0.00481045 0.00724208 0.00820632 0.00857882]
[0.00824425 0.0083397  0.00906502 0.0104833  0.01192382 0.01206705]
[0.00431136 0.00503332 0.00541551 0.00754491 0.00814123 0.0087118 ]
[0.00405743 0.00504854 0.00518796 0.00678967 0.00709892 0.00773151]
[0.00628435 0.00710212 0.00899413 0.00911861 0.01080763 0.01117963]
[0.00688403 0.00767788 0.00957745 0.0099074  0.01011462 0.01074612]
[0.00317721 0.00382986 0.00604227 0.00729906 0.00774633 0.00871227]
[0.00607449 0.00786017 0.00832059 0.00838981 0.00843629 0.0085732 ]
[0.00481694 0.00697204 0.00831578 0.00902393 0.00911274 0.01023989]
[0.00450809 0.00483039 0.00557519 0.00725281 0.00970881 0.01003776]
[0.00344714 0.00529451 0.00621901 0.00748783 0.00776842 0.00919862]
[0.00680256 0.00864245 0.00922685 0.00972062 0.0102627  0.01148543]
[0.00733415 0.00777666 0.00788329 0.00824182 0.0083513  0.00900972]
[0.00571337 0.00788745 0.00917682 0.00968784 0.00982617 0.01029739]
[0.00180037 0.00561209 0.00601968 0.00768655 0.00805479 0.008082  ]
[0.00192762 0.002939   0.00599847 0.00677157 0.00826601 0.00946494]
[0.006325   0.00653755 0.00740795 0.00832369 0.00870496 0.00906845]
[0.00536117 0.00619145 0.00684847 0.00810195 0.0100674  0.01117681]
[0.00551347 0.00582136 0.00779234 0.00884172 0.01005364 0.01102786]
[0.00444295 0.00724983 0.00820888 0.00855531 0.00890313 0.00912221]
[0.00259927 0.00437445 0.00748153 0.00825098 0.00929257 0.00959901]
[0.00647967 0.00716982 0.00721375 0.00777048 0.00834473 0.00876501]
[0.00914963 0.00922496 0.00973329 0.01000515 0.01080863 0.01155721]
[0.00441241 0.00945926 0.0108705  0.01143464 0.01401245 0.01459887]
[0.00408878 0.00603837 0.00657558 0.00770923 0.00872396 0.00898433]
[0.00531257 0.00673445 0.01357089 0.01624381 0.01708643 0.01922418]
[0.00523735 0.00596039 0.0079066  0.01043431 0.01130907 0.01220855]
[0.00264511 0.0047196  0.00754579 0.00897592 0.00946406 0.00988138]
[0.00391232 0.00783782 0.00874664 0.00876603 0.00925609 0.01169077]
[0.00427149 0.00510885 0.00756635 0.00763781 0.00905305 0.00924046]
[0.00627435 0.01010372 0.01346558 0.01359612 0.0136589  0.01596659]
[0.00599019 0.00736485 0.01079529 0.01263624 0.01304001 0.01477447]
[0.00497487 0.00803843 0.00809682 0.0104971  0.01084931 0.01131718]
[0.00354526 0.00405133 0.00481283 0.00549297 0.00646939 0.00802165]
[0.00418506 0.00491235 0.00676564 0.00745729 0.00747264 0.00776195]
[0.00348372 0.0038883  0.00454095 0.00518299 0.0060959  0.00638606]
[0.00330271 0.00368409 0.00501629 0.00770331 0.00841103 0.00918697]
[0.00613124 0.00996247 0.01034563 0.01204564 0.01210938 0.01273642]
[0.00742776 0.00996407 0.01062456 0.01165349 0.01268345 0.01445808]
[0.0033182  0.00679735 0.00918869 0.00966062 0.01168738 0.01199161]
[0.00493386 0.0076661  0.00771068 0.00943572 0.01054544 0.01148251]
[0.00335795 0.00887806 0.00945054 0.01050587 0.01110168 0.01112449]
[0.00268377 0.00694059 0.00752203 0.00914073 0.00965643 0.01006676]
[0.00484263 0.00552395 0.00574398 0.00773028 0.00821476 0.00909695]
[0.00209902 0.00541581 0.00748115 0.00829766 0.01510849 0.01520684]
[0.00680171 0.00959637 0.00964635 0.00974202 0.01227625 0.01403043]
[0.00810871 0.01004076 0.01182275 0.01206829 0.0134197  0.0158262 ]
[0.00399201 0.00831043 0.00913701 0.01079271 0.01332545 0.0149525 ]
[0.00781813 0.00858289 0.00929414 0.00930712 0.01006449 0.0102714 ]
[0.00242135 0.0040613  0.00589054 0.00691526 0.00698066 0.00996941]
[0.00363086 0.00719986 0.00864451 0.00932474 0.01027196 0.01045416]
[0.0039058  0.00506313 0.00564904 0.00701536 0.00707708 0.00847806]
[0.00245639 0.00436843 0.00492143 0.00574443 0.00747866 0.00789478]
[0.00549571 0.00666906 0.00667843 0.00681493 0.00918448 0.00986509]
[0.00355972 0.00505345 0.00661465 0.00677654 0.00742221 0.00841809]
[0.00348253 0.00571329 0.00762952 0.00936577 0.01011349 0.01105273]
[0.00199921 0.0077725  0.00860794 0.00944501 0.00949176 0.00980054]
[0.00391197 0.00668971 0.00810323 0.0083512  0.00959972 0.01023793]
[0.00444439 0.00627422 0.00729646 0.0073607  0.00801575 0.00904922]
[0.00389848 0.00579493 0.00717627 0.00819546 0.00868844 0.00873664]
[0.00670365 0.00741267 0.00874656 0.00987821 0.01019492 0.01076885]
[0.00257476 0.00471658 0.00651084 0.00711802 0.0086454  0.00946147]
[0.00167974 0.00229718 0.00297931 0.00492551 0.00509149 0.00688907]
[0.0034564  0.00602975 0.0093195  0.00935732 0.00941684 0.01024279]
[0.00545369 0.00738093 0.00777191 0.00916741 0.00957209 0.00958652]
[0.00433791 0.00709815 0.00723039 0.00727149 0.00735087 0.00782449]
[0.0030241  0.00455753 0.0056711  0.006328   0.00667368 0.00851652]
[0.00319456 0.00475983 0.0061521  0.00621288 0.00666428 0.00847035]
[0.00307753 0.00576327 0.00602698 0.00616279 0.00673152 0.00787593]
[0.00118047 0.00524578 0.0070162  0.00720479 0.00742457 0.00745927]
[0.00154505 0.00155628 0.00395455 0.004398   0.00556318 0.00625259]
[0.00378117 0.00500121 0.00519251 0.00766143 0.00882013 0.01019794]
[0.00216076 0.00247506 0.00295394 0.00421576 0.00547851 0.00604672]
[0.0037502  0.00502234 0.00514735 0.00699222 0.00768734 0.00903532]
[0.00548207 0.00557636 0.00563015 0.00621591 0.00788768 0.00807286]
[0.00240002 0.00956064 0.01004012 0.01018669 0.0103423  0.01088708]
[0.00332267 0.00487857 0.00549277 0.0061075  0.00860103 0.0086215 ]
[0.00251003 0.0026254  0.00351745 0.00545085 0.00669588 0.00690249]
[0.00374305 0.00753244 0.00799538 0.0083226  0.00924768 0.00962985]
[0.00482496 0.00658529 0.0083297  0.00868504 0.01043457 0.01120958]
[0.00064392 0.00130854 0.00210955 0.0027767  0.00477402 0.00511911]
[0.00402743 0.00648959 0.00742982 0.00904184 0.00984452 0.01017359]
[0.00117322 0.00484789 0.00534436 0.00537957 0.00583458 0.00614187]
[0.00445674 0.00516493 0.00541711 0.00712363 0.00774305 0.00790051]
[0.00272317 0.0037025  0.00418363 0.00494449 0.00587848 0.00641711]
[0.00147304 0.00514421 0.00613664 0.00628975 0.00686887 0.00742814]
[0.00376657 0.00379169 0.00395835 0.00441847 0.00466796 0.00493416]
[0.00397877 0.00727451 0.00913187 0.00953808 0.0098828  0.01007601]
[0.00285727 0.00596633 0.00612395 0.00615255 0.00650281 0.00660442]
[0.00298421 0.00634309 0.00651935 0.00714093 0.0084484  0.00868565]
[0.00237027 0.00362451 0.00419489 0.00518369 0.00559731 0.0071182 ]
[0.00139367 0.00407962 0.00485632 0.00532856 0.00568751 0.00594367]
[0.00145201 0.00221997 0.00376164 0.0040075  0.00475956 0.00642495]
[0.00251988 0.00347669 0.00367325 0.00414409 0.0048268  0.00744888]
[0.00290917 0.00480425 0.00670414 0.00672385 0.00758372 0.0080004 ]
[0.00368357 0.00538064 0.00689453 0.0069257  0.00738907 0.00805868]
[0.00545469 0.0065146  0.00678924 0.00733962 0.00919608 0.00934662]
[0.00311005 0.00354978 0.00432442 0.0048544  0.00547375 0.00558576]
[0.004762   0.00641319 0.00673301 0.00681253 0.00792441 0.00793015]
[0.00245576 0.00513596 0.00566386 0.00609202 0.00623974 0.00662379]
[0.00493672 0.00547696 0.00563453 0.00604302 0.00654565 0.00701983]
[0.00343202 0.00345487 0.00443222 0.00457487 0.00600681 0.00655619]
[0.0047702  0.00598282 0.00670267 0.00744251 0.00876896 0.00951158]
[0.00365329 0.00431097 0.00605528 0.00707609 0.00889909 0.00937701]
[0.00317623 0.00329974 0.00350826 0.00542468 0.00588199 0.00597109]
[0.00423135 0.00522123 0.00546537 0.00585483 0.00697178 0.00828426]
[0.00309896 0.00369617 0.0041778  0.00556238 0.00712836 0.0077216 ]
[0.00471841 0.00545594 0.00896522 0.01146794 0.01199704 0.01276317]
[0.00314986 0.00382534 0.00419424 0.00441013 0.00799263 0.0088102 ]
[0.00211563 0.00260022 0.00312724 0.00335493 0.0035334  0.0035524 ]
[0.00223475 0.00391249 0.00624919 0.00635596 0.00711233 0.00716099]
[0.00166662 0.00272505 0.00426975 0.00566519 0.00572199 0.00639962]
[0.00237711 0.00430238 0.00434921 0.00851583 0.00872814 0.00896671]
[0.00373448 0.00541074 0.00582412 0.00711707 0.00760077 0.01040231]
[0.00312965 0.00462778 0.00586798 0.00743957 0.00841218 0.0085164 ]
[0.00430168 0.00631293 0.00709577 0.00794593 0.00797019 0.00808699]
