[0.00307947 0.00649189 0.00740121 0.00939267 0.00990424 0.01001452]
[0.00697114 0.00986213 0.01055675 0.01082143 0.01107447 0.01151243]
[0.00641898 0.00711625 0.01168375 0.01710446 0.01784036 0.02020225]
[0.00943967 0.01176054 0.01248691 0.01268755 0.01288876 0.0132145 ]
[0.00186287 0.00615432 0.00928031 0.01040971 0.01045989 0.0115816 ]
[0.00697037 0.00962217 0.00967311 0.01095621 0.01410373 0.01416135]
[0.0069512  0.01085227 0.01156814 0.01659472 0.01709453 0.01762931]
[0.00661313 0.00797945 0.01278677 0.01402442 0.0147811  0.01625975]
[0.01066643 0.01278047 0.01757333 0.01810454 0.01935784 0.0195429 ]
[0.00758434 0.00866345 0.01793397 0.01863698 0.01986781 0.02189194]
[0.00431579 0.0062786  0.00804457 0.00875304 0.00884808 0.00954051]
[0.00345005 0.00518559 0.00696018 0.00921441 0.00949581 0.0118994 ]
[0.00830105 0.00859163 0.01229357 0.01713672 0.01735454 0.01766363]
[0.00551569 0.00558474 0.00617822 0.00669915 0.00864826 0.01601529]
[0.00756257 0.01027698 0.01292524 0.01424484 0.0160272  0.01611189]
[0.00739753 0.00897482 0.00914957 0.01233542 0.01249876 0.01398277]
[0.00601062 0.00634079 0.00794933 0.00998356 0.01010545 0.01080228]
[0.00276647 0.00353409 0.0037069  0.00415762 0.00532647 0.0053671 ]
[0.00614637 0.00709726 0.00760602 0.00931019 0.01047317 0.01148774]
[0.00783233 0.0118215  0.01476971 0.01573006 0.01637707 0.01723752]
[0.0118912  0.01394039 0.01414162 0.01543782 0.01832022 0.01990269]
[0.00912355 0.01071005 0.01403517 0.01473593 0.01483963 0.01654037]
[0.00815556 0.00849825 0.00861626 0.00924338 0.01148825 0.01442799]
[0.01173847 0.01274851 0.0143173  0.01438079 0.01561327 0.01648788]
[0.01167601 0.01430138 0.01475047 0.01520753 0.01593645 0.01625848]
[0.0051757  0.00521828 0.00559629 0.00929405 0.01040097 0.01074021]
[0.00723706 0.00864089 0.00874754 0.00935169 0.01168549 0.01323165]
[0.00538737 0.00803491 0.00914386 0.00945356 0.0125384  0.01645505]
[0.00496167 0.00609714 0.01302294 0.01495932 0.01565155 0.01861151]
[0.01556775 0.01598652 0.01653795 0.01656073 0.01665363 0.01741582]
[0.00267825 0.01186035 0.01332113 0.01390624 0.01553301 0.01900572]
[0.00542422 0.00738518 0.00761916 0.00875918 0.0088033  0.00921519]
[0.0061538  0.00681919 0.00710384 0.00840559 0.00868611 0.00872178]
[0.00953088 0.01066413 0.0108729  0.01115545 0.01257661 0.01491421]
[0.0063206  0.00697333 0.00786863 0.01143521 0.01471119 0.01680961]
[0.00789218 0.00873323 0.00889623 0.0093078  0.01018976 0.01036624]
[0.00863676 0.00957555 0.01067629 0.01103427 0.01285318 0.01300738]
[0.00535861 0.01359695 0.01365499 0.01396451 0.01427695 0.01435851]
[0.00972949 0.01155513 0.0119334  0.01210564 0.01216595 0.01470269]
[0.00317786 0.00735888 0.00756126 0.01092375 0.0116638  0.01174993]
[0.00298151 0.00961953 0.01165545 0.01226846 0.01387234 0.01592895]
[0.00767819 0.00877434 0.01034834 0.0154487  0.01780089 0.01900149]
[0.00789584 0.00902019 0.01269702 0.01288654 0.01524845 0.01669801]
[0.00338364 0.00510117 0.00697114 0.00847163 0.00853331 0.01078992]
[0.01215826 0.01334111 0.0136318  0.01521283 0.01565792 0.01602038]
[0.00871917 0.01002451 0.01127059 0.01143602 0.01342958 0.01398663]
[0.00400701 0.00407406 0.00569078 0.00869579 0.00983735 0.01301332]
[0.00427755 0.00587961 0.00687847 0.01076237 0.01200442 0.01366334]
[0.00738125 0.01043839 0.01055658 0.01078141 0.0130029  0.01416664]
[0.00342217 0.00467831 0.01041458 0.01070222 0.01133126 0.01432535]
[0.00907481 0.01338485 0.01373529 0.0142091  0.01468573 0.01472736]
[0.0031939  0.00590856 0.00866544 0.01108663 0.01213451 0.012566  ]
[0.00847177 0.00937273 0.01334377 0.01354444 0.01404957 0.01459778]
[0.00335775 0.00512305 0.00747773 0.00951736 0.01012377 0.01094726]
[0.00804319 0.01139931 0.01384431 0.01510546 0.01718109 0.0179211 ]
[0.00880257 0.01150263 0.01163253 0.01176285 0.01251545 0.01432935]
[0.00585234 0.01139746 0.01280349 0.01288304 0.01448767 0.01557492]
[0.0051724  0.00756824 0.0112397  0.01353238 0.01467611 0.01482989]
[0.00172319 0.0030776  0.00472911 0.00533031 0.00588796 0.00661444]
[0.00113286 0.00301367 0.00313783 0.00409439 0.00568741 0.00706261]
[0.00058144 0.00074073 0.00079265 0.00255005 0.00328187 0.00359875]
[0.00324244 0.00328461 0.00461357 0.01019128 0.01084155 0.01114423]
[0.00756662 0.00855507 0.00887104 0.00898633 0.00993991 0.01328918]
[0.00319571 0.00322416 0.00472771 0.00546165 0.00599977 0.00671847]
[0.00411082 0.00734298 0.00953802 0.01232716 0.01342906 0.01358528]
[0.00603676 0.0073998  0.00907786 0.01424385 0.01825623 0.01966195]
[0.00482963 0.00487668 0.00595155 0.00879171 0.01258577 0.01277791]
[0.00556276 0.00674802 0.00747392 0.00953806 0.009794   0.01107311]
[0.00209039 0.007129   0.00979741 0.01262595 0.01286777 0.0130617 ]
[0.00246617 0.00360608 0.00851126 0.0088619  0.00992544 0.01013358]
[0.00227613 0.00345931 0.00710515 0.00785167 0.00790832 0.01108274]
[0.01198157 0.01289636 0.01320503 0.0149524  0.01612924 0.01632259]
[0.00668215 0.01126022 0.01134474 0.01171985 0.01185873 0.01219299]
[0.00208043 0.00711614 0.00841493 0.0103236  0.01124615 0.01125009]
[0.00487374 0.00526097 0.00735597 0.0075653  0.00906492 0.00953405]
[0.00708284 0.00917107 0.00958974 0.01082077 0.01093984 0.0112057 ]
[0.00331476 0.00353386 0.00475593 0.00520973 0.00565174 0.00637334]
[0.00260279 0.00414425 0.00643484 0.0066519  0.00821233 0.00907314]
[0.0049034  0.00665023 0.00951722 0.0106248  0.01113438 0.01123755]
[0.00312594 0.00379642 0.00391643 0.00429306 0.0045067  0.00479032]
[0.00143862 0.00175451 0.00200374 0.00203496 0.00207639 0.00215426]
[0.00108352 0.00144779 0.00188697 0.00308416 0.00391759 0.00392615]
[0.00493834 0.00626904 0.00665719 0.00844708 0.00915167 0.00947526]
[0.00381777 0.0045375  0.00485982 0.0067128  0.00673828 0.00828772]
[0.00466168 0.00606682 0.00726314 0.00738628 0.0075425  0.00771347]
[0.00430853 0.00518435 0.00545619 0.00617756 0.00648405 0.00749231]
[0.00434398 0.00529729 0.00630537 0.00656006 0.00706089 0.00712648]
[0.00508611 0.00581048 0.00604042 0.00614908 0.00786214 0.00883641]
[0.00231472 0.00336754 0.00413595 0.00501378 0.00501773 0.00502799]
[0.00705986 0.00717013 0.00863017 0.00968979 0.00974938 0.01074696]
[0.00751056 0.00774315 0.00845895 0.00901739 0.00972879 0.01062104]
[0.0054198  0.00591338 0.00706282 0.00713899 0.00842418 0.00843927]
[0.00331321 0.00466064 0.00938374 0.00948685 0.00975929 0.01047776]
[0.00150975 0.0054077  0.00626032 0.00661803 0.0089865  0.00919117]
[0.00455936 0.00520388 0.00595526 0.00626619 0.00638212 0.0066797 ]
[0.00426091 0.00468996 0.00539014 0.00627865 0.00684962 0.00833877]
[0.00489695 0.00713743 0.00732086 0.00828598 0.00845271 0.00902015]
[0.00666095 0.00727236 0.00802029 0.00821454 0.00946248 0.00950928]
[0.00686311 0.00847765 0.00881381 0.00896263 0.00899647 0.00936012]
[0.00300842 0.0041624  0.00517714 0.00584788 0.00708649 0.00746303]
[0.00944247 0.01073476 0.01082202 0.01093576 0.01128073 0.01199733]
[0.00440135 0.00842312 0.00871222 0.00906091 0.00927075 0.01164144]
[0.00111596 0.00151289 0.00267954 0.00291058 0.00365223 0.00370383]
[0.004315   0.00553353 0.00664127 0.0076562  0.0081538  0.00829119]
[0.00495425 0.00563036 0.00572806 0.00694469 0.00695771 0.00723721]
[0.00761536 0.00801878 0.00837828 0.008771   0.0088892  0.00941065]
[0.00546324 0.00560282 0.00620059 0.00829433 0.00848472 0.00933781]
[0.0044922  0.00507457 0.00880143 0.00884996 0.00912333 0.0096265 ]
[0.00555483 0.00609866 0.00772874 0.00800134 0.00847397 0.00850892]
[0.00240067 0.0027202  0.00431022 0.00450846 0.00711831 0.00788771]
[0.00302689 0.00499601 0.00765508 0.00880717 0.0091765  0.00932995]
[0.0033648  0.00577202 0.00732641 0.00774685 0.00783351 0.00803961]
[0.00311778 0.00537643 0.00624208 0.00762577 0.00847654 0.01021067]
[0.00521588 0.0068938  0.00812897 0.008299   0.00873825 0.00910658]
[0.00423838 0.00443718 0.00465814 0.00571914 0.00616194 0.00729364]
[0.00390838 0.00483128 0.0051472  0.00517007 0.00696666 0.00745759]
[0.0035012  0.00399155 0.00580309 0.00662589 0.00686938 0.00712468]
[0.00674563 0.00802823 0.00850837 0.00876556 0.00902205 0.00952584]
[0.00392393 0.00830347 0.00998646 0.01081956 0.0114698  0.01176461]
[0.0056146  0.00707847 0.00778647 0.00853224 0.0087438  0.00887845]
[0.00145278 0.00168942 0.00608635 0.00776809 0.00805248 0.00853135]
[0.00069151 0.00798666 0.01072272 0.01074014 0.0109516  0.0123996 ]
[0.00516917 0.00528055 0.00749349 0.00920437 0.01025729 0.01055536]
[0.00550064 0.0094576  0.01059986 0.0115921  0.01255827 0.01267398]
[0.0079823  0.00911057 0.01091342 0.01094612 0.01132867 0.01195759]
[0.007903   0.00919404 0.00952507 0.00971489 0.01044773 0.01063535]
[0.00362512 0.00655214 0.00661373 0.0070758  0.00742626 0.01082988]
[0.00358987 0.00570811 0.00594282 0.00623633 0.00668349 0.007831  ]
[0.00320014 0.0051487  0.00902921 0.00912003 0.00964598 0.01041729]
[0.00583317 0.00927021 0.00943788 0.00990834 0.01009346 0.01064839]
[0.00433267 0.00437666 0.00535442 0.00558575 0.00564746 0.00630694]
[0.00492116 0.00511585 0.00538633 0.00746439 0.00930691 0.01034679]
[0.00314939 0.00455635 0.00507148 0.00664387 0.00682394 0.00728574]
[0.00229904 0.00370549 0.0064556  0.00649651 0.00715125 0.00785263]
[0.00309108 0.00515704 0.00554135 0.00643621 0.00851888 0.00944353]
[0.00489282 0.00509105 0.00553431 0.00600895 0.00609293 0.00616123]
[0.00383432 0.00413311 0.00536608 0.00537898 0.006273   0.00630595]
[0.00303988 0.00420188 0.00523154 0.00610397 0.00621918 0.0067654 ]
[0.00346705 0.00456494 0.00608092 0.00721119 0.0073628  0.00743765]
[0.00469093 0.00509048 0.00922522 0.01036734 0.01055346 0.01084183]
[0.00439167 0.00543528 0.0070004  0.00897323 0.00980085 0.01043261]
[0.00271372 0.00564236 0.00700778 0.00812277 0.00872947 0.01028834]
[0.00633602 0.00665677 0.00938972 0.01022374 0.0115871  0.011776  ]
[0.00486865 0.00722517 0.00724674 0.00817728 0.01069558 0.01149756]
[0.00437121 0.00573961 0.00626133 0.00715204 0.00762234 0.00834138]
[0.00503834 0.00542522 0.00606506 0.00662018 0.00704439 0.0070943 ]
[0.002815   0.00516756 0.0053058  0.00800821 0.00922598 0.01031247]
[0.00706872 0.00753213 0.00925703 0.00981469 0.01055348 0.01088876]
[0.00736251 0.00743749 0.0075956  0.00763531 0.00776216 0.00890536]
[0.00508355 0.0069901  0.00741089 0.0079098  0.01050188 0.01061108]
[0.00725333 0.00744597 0.00766242 0.00847431 0.00890231 0.00893596]
[0.00534847 0.0054333  0.00668654 0.00813191 0.00889596 0.00997973]
[0.00590657 0.00608462 0.00657543 0.00681293 0.00683493 0.00815114]
[0.00556408 0.00769215 0.01091103 0.01182667 0.01238221 0.01277022]
[0.00813723 0.00841912 0.0086463  0.00927924 0.00945163 0.01005902]
[0.0036134  0.00676128 0.00793477 0.00837351 0.00897818 0.00969634]
[0.0047253  0.00620618 0.00840688 0.00897419 0.00920438 0.00949244]
[0.0041225  0.00437263 0.00753563 0.0076056  0.00764626 0.00770023]
[0.00238296 0.00694623 0.00791953 0.00803091 0.00836438 0.00846012]
[0.00602593 0.00653009 0.00663385 0.00721655 0.00729005 0.00757192]
[0.00239842 0.00413051 0.00478067 0.0053426  0.00635604 0.00754866]
[0.00581961 0.00755527 0.00777815 0.00830111 0.01071293 0.01081791]
[0.01011165 0.01029359 0.01226996 0.01251333 0.01267734 0.01348663]
[0.00787955 0.00931698 0.00966138 0.01084004 0.01126418 0.01197556]
[0.00402228 0.00781684 0.00804052 0.00832943 0.0116218  0.01229219]
[0.0055332  0.00880614 0.00913912 0.00921205 0.00960481 0.0103946 ]
[0.00513959 0.00591246 0.00607795 0.00711636 0.0081159  0.00984237]
[0.00274772 0.00507156 0.0052125  0.00617445 0.00689959 0.00822952]
[0.00185339 0.00376781 0.00380778 0.0042261  0.00528558 0.00583926]
[0.00282032 0.00361447 0.00390539 0.00586084 0.00713185 0.00880201]
[0.00841804 0.00940019 0.0100637  0.01010009 0.01015774 0.01177058]
[0.00519243 0.00614324 0.00687184 0.00700004 0.00864936 0.00873588]
[0.00797167 0.00828698 0.008318   0.00843695 0.00906703 0.00921407]
[0.0055738  0.00593414 0.00703247 0.00743271 0.00758569 0.00868094]
[0.00534273 0.0077302  0.00923438 0.01017746 0.01042195 0.01155991]
[0.00724235 0.00854449 0.00862455 0.00951783 0.00991608 0.01185637]
[0.01117591 0.01205223 0.01328503 0.01333365 0.01372412 0.01373157]
[0.00510551 0.00585149 0.00803025 0.01020713 0.01026575 0.01049062]
[0.01004502 0.01013676 0.01015785 0.01127438 0.01166686 0.01193778]
[0.00408645 0.00557615 0.00617279 0.00634375 0.00725645 0.00896546]
[0.0054347  0.00810606 0.00821398 0.0083678  0.00929185 0.01068705]
[0.00398944 0.00413645 0.00481746 0.00498573 0.00707305 0.00894111]
[0.00280696 0.00290378 0.00406053 0.0043967  0.00557983 0.00822511]
[0.00469823 0.00627066 0.00652016 0.0089813  0.01036546 0.01082161]
[0.00642779 0.0066774  0.00720692 0.00874938 0.01205359 0.01241758]
[0.00093312 0.00414404 0.00447894 0.00836191 0.00863501 0.00896036]
[0.0016443  0.00339286 0.00486049 0.00742384 0.00851022 0.00965375]
[0.00297833 0.0052016  0.00924689 0.00944551 0.00992903 0.01046707]
[0.00098696 0.00409664 0.00577632 0.00806765 0.00845542 0.00867767]
[0.00504859 0.00744654 0.00990106 0.01061544 0.0107251  0.01099378]
[0.00547503 0.00591784 0.00840294 0.00854085 0.00909245 0.00967235]
[0.00493945 0.00678481 0.00864003 0.01071268 0.01086874 0.01156169]
[0.00585519 0.0065735  0.00747105 0.00759038 0.00852248 0.01014339]
[0.00273992 0.0054974  0.00730649 0.00903342 0.0092125  0.00923521]
[0.00162371 0.00430324 0.00748943 0.00964807 0.00973925 0.01053102]
[0.00417607 0.0058103  0.00588854 0.00674294 0.00695187 0.00723336]
[0.00309849 0.00455358 0.00729692 0.00860168 0.00922099 0.00943866]
[0.00169043 0.00360797 0.00799441 0.008991   0.00998464 0.01030474]
[0.00188474 0.0067482  0.00748579 0.00775407 0.00813148 0.01031179]
[0.00117344 0.00285054 0.00487696 0.00561642 0.00585706 0.00753989]
[0.00622619 0.00696068 0.00790511 0.00810366 0.00889128 0.00911017]
[0.00473758 0.00827356 0.00894335 0.00919181 0.00956025 0.01087486]
[0.00193887 0.00272891 0.00462652 0.00571933 0.00586323 0.00650376]
[0.00608562 0.00755442 0.01138837 0.01318154 0.01330216 0.0133829 ]
[0.00669884 0.00767356 0.00801677 0.01029584 0.01281736 0.01285367]
[0.00588215 0.00719029 0.00870391 0.00877818 0.01093782 0.01144483]
[0.00344667 0.00373201 0.0067059  0.00720282 0.007907   0.00794572]
[0.00601024 0.00601617 0.00692291 0.00759832 0.00799473 0.00807021]
[0.00599964 0.00784636 0.00786623 0.00798174 0.00864887 0.00922566]
[0.00925775 0.01085264 0.01255634 0.01393162 0.01486233 0.01490446]
[0.00588543 0.00715388 0.00863454 0.01047428 0.01133824 0.01240179]
[0.00864747 0.01326089 0.01350559 0.01622084 0.01764293 0.02134682]
[0.01374067 0.01392426 0.01426255 0.01533987 0.0173918  0.01901034]
[0.0051496  0.01183213 0.01422517 0.01551281 0.01662258 0.01784743]
[0.00550003 0.00722658 0.00750043 0.01123165 0.01196892 0.01361013]
[0.00679161 0.00750114 0.0113324  0.01252957 0.01316862 0.01379122]
[0.01346426 0.01357347 0.01383359 0.01390416 0.01474889 0.01682744]
[0.00827205 0.01379539 0.01461314 0.01493995 0.0153344  0.01632938]
[0.00672403 0.01238716 0.01330879 0.01378668 0.01454211 0.01691041]
[0.00352486 0.0087444  0.01377262 0.01498641 0.01508321 0.0169082 ]
[0.00968649 0.01084879 0.01265878 0.01375751 0.01537172 0.01565715]
[0.00787245 0.01165659 0.01213918 0.01252537 0.01365742 0.01372772]
[0.00351545 0.00889956 0.00958044 0.00992383 0.01004409 0.01044176]
[0.00429791 0.01278737 0.01467526 0.01653587 0.01714397 0.01975426]
[0.01037201 0.0104919  0.01433325 0.01479608 0.0189383  0.01968219]
[0.00396779 0.00796317 0.01352958 0.01458004 0.01570824 0.01795747]
[0.01060787 0.01531685 0.01696499 0.0172766  0.01755884 0.01883789]
[0.005919   0.00854126 0.01121513 0.01286043 0.01399756 0.01415124]
[0.01233584 0.0123415  0.01326659 0.01446904 0.0201764  0.02066777]
[0.00742429 0.01145544 0.01311571 0.01581752 0.01749214 0.01881757]
[0.01321001 0.01699298 0.01846485 0.01890813 0.01916303 0.01924344]
[0.0068892  0.01422651 0.01575633 0.01682059 0.01796826 0.01803424]
[0.00105837 0.00458263 0.00607878 0.00692582 0.00850173 0.00919936]
[0.00358457 0.00722683 0.00875063 0.0098749  0.01135313 0.01405505]
[0.00345964 0.009407   0.01000526 0.01037925 0.010657   0.01079915]
[0.00661252 0.00702541 0.00975746 0.01206213 0.0121759  0.01219353]
[0.00380064 0.00748963 0.00919328 0.01146982 0.01290294 0.01308735]
None
[0.00557527 0.00967324 0.01056896 0.01077103 0.01128213 0.01137641]
[0.00626897 0.01030062 0.01145527 0.01197416 0.01255737 0.01289601]
[0.00499936 0.0077233  0.00983358 0.01228143 0.01306072 0.01322685]
[0.00779778 0.00979304 0.00980793 0.00985907 0.01277791 0.01336683]
[0.00652815 0.00769249 0.00823475 0.00852373 0.00926814 0.00929935]
[0.00961331 0.00968465 0.01251389 0.01288461 0.01307329 0.01433805]
[0.00345587 0.01014188 0.01266148 0.01294232 0.0139853  0.01473326]
[0.00984168 0.01112636 0.01133235 0.01563291 0.01634615 0.01671043]
[0.01128316 0.01428005 0.01475262 0.01479257 0.01495808 0.01543251]
[0.01538614 0.01935669 0.02232599 0.02355336 0.02399585 0.02427169]
[0.00937452 0.00994557 0.0127337  0.01290496 0.01380387 0.01431936]
[0.0066377  0.00677114 0.00749096 0.00779402 0.00993991 0.01054518]
[0.0039597  0.00850795 0.0119208  0.01211641 0.01317374 0.01387813]
[0.01008859 0.01245157 0.0138265  0.01429229 0.01477798 0.01499435]
[0.00925124 0.01001964 0.0130604  0.01344916 0.01415928 0.01511073]
[0.01025375 0.01052385 0.01070013 0.0111594  0.01153505 0.01334704]
[0.00977497 0.01125495 0.01165858 0.01223647 0.01656467 0.01686222]
[0.00681159 0.01078141 0.01208911 0.01564144 0.01705012 0.01769108]
[0.00744698 0.01092493 0.01158038 0.01162879 0.01199537 0.01234013]
[0.00877652 0.01103648 0.01233429 0.01293121 0.01312098 0.01387392]
[0.00946862 0.01319757 0.01367146 0.01540338 0.01678559 0.01842466]
[0.00497932 0.00689239 0.01159932 0.01469299 0.01699182 0.0171149 ]
[0.00867416 0.00868926 0.00920509 0.0110203  0.01314477 0.01515433]
[0.00916616 0.01151471 0.01157042 0.01203532 0.01356878 0.01420777]
[0.00721348 0.01030712 0.01057563 0.01334448 0.01381397 0.01409637]
[0.00396813 0.00794841 0.00870856 0.00951884 0.0103734  0.01097014]
[0.0057735  0.00931386 0.00977135 0.01100212 0.01206138 0.01309317]
[0.00951269 0.00960811 0.0101013  0.01039171 0.01278463 0.01317578]
[0.00671385 0.00956476 0.01602907 0.01626731 0.01632052 0.01637079]
[0.00517595 0.0120495  0.01238942 0.01371167 0.01392272 0.01464902]
[0.01005367 0.01042958 0.01162606 0.01361021 0.01391624 0.01508093]
[0.00585437 0.00817069 0.00989078 0.01215824 0.01229061 0.01408882]
[0.00682856 0.00689603 0.00726706 0.00851139 0.00935605 0.00966742]
[0.00728265 0.00978756 0.01113588 0.01204158 0.01266747 0.01320281]
[0.00929856 0.01067179 0.01217832 0.01287153 0.01302933 0.01371421]
[0.00748386 0.00873916 0.01533887 0.01541689 0.01549702 0.01645366]
[0.00619195 0.00838857 0.00948468 0.01072877 0.01201874 0.01330375]
[0.00750089 0.01148515 0.01162463 0.01162831 0.01438359 0.01522628]
[0.00878165 0.01119306 0.01140752 0.01426543 0.01480503 0.0149393 ]
[0.00569508 0.00974265 0.01005222 0.01096879 0.01279181 0.01379799]
[0.00789407 0.01277885 0.01289207 0.01408087 0.0141191  0.01436829]
[0.00923553 0.0105087  0.01309652 0.01462689 0.01507673 0.01780468]
[0.0093141  0.01393947 0.01677421 0.01720053 0.01804359 0.01971358]
[0.00973313 0.0149318  0.01554007 0.01672776 0.01819794 0.01984604]
[0.00468914 0.00578833 0.01482796 0.01612561 0.01622242 0.0175138 ]
[0.00616192 0.00656884 0.00964145 0.0137336  0.01495591 0.01539641]
[0.00496868 0.0063912  0.00785251 0.00897471 0.01143134 0.01311857]
[0.00584285 0.00858988 0.00954666 0.01065808 0.01215898 0.01249979]
[0.00822128 0.0084936  0.00879604 0.01061606 0.01220479 0.01372753]
[0.00433865 0.00450253 0.00820113 0.00939884 0.0133663  0.01479281]
[0.00885069 0.01150603 0.01389903 0.01464093 0.01696101 0.01753337]
[0.00556502 0.0065184  0.01036497 0.01247816 0.01337487 0.01385347]
[0.00617381 0.01178239 0.01272766 0.0130517  0.01464213 0.01563412]
[0.00687801 0.00745428 0.01000949 0.0110766  0.0120901  0.01221265]
[0.00874649 0.01187413 0.0150497  0.01555569 0.01676179 0.01790153]
[0.00617392 0.0062317  0.00916764 0.01025732 0.01091548 0.01423949]
[0.01133041 0.01192216 0.01274755 0.01536595 0.01693552 0.01931279]
[0.01107105 0.01188723 0.01214103 0.01352264 0.01494843 0.01552573]
[0.00465087 0.00893764 0.00994301 0.01191762 0.01368632 0.01440031]
[0.0072818  0.00794716 0.0079559  0.00842276 0.00993286 0.01196008]
[0.00120008 0.00529322 0.00937418 0.00970855 0.00988352 0.01200285]
[0.00540993 0.0080615  0.01111357 0.01210822 0.01296451 0.01357463]
[0.00460573 0.00836704 0.01008341 0.01117449 0.01291408 0.01359443]
[0.00839662 0.0122007  0.01265992 0.01305749 0.0144109  0.01563854]
[0.01255099 0.01315173 0.01360433 0.01490566 0.01492098 0.0159415 ]
[0.00736107 0.01300735 0.013745   0.01587095 0.01602761 0.01886444]
[0.00561414 0.00830773 0.00852081 0.01037877 0.01073702 0.01176723]
[0.00368529 0.00593421 0.00605324 0.00713132 0.00814766 0.00971272]
[0.00875984 0.0106916  0.0110265  0.01454569 0.01779502 0.01782699]
[0.00866223 0.01003063 0.01174433 0.01183891 0.01423999 0.01606199]
[0.00589602 0.00880273 0.00951455 0.0099732  0.0119628  0.0120938 ]
[0.00631555 0.00854728 0.00877891 0.00968999 0.0105763  0.01102928]
[0.00894038 0.01023871 0.0108433  0.01152294 0.01347797 0.01395571]
[0.00601496 0.00719815 0.00753235 0.00810807 0.01052609 0.01151484]
[0.00573176 0.00582013 0.00638816 0.00708426 0.00741311 0.00743846]
[0.00373785 0.00436856 0.00525677 0.00940239 0.01008391 0.01129796]
[0.00568853 0.00930705 0.0106487  0.01141223 0.01173972 0.01275911]
[0.00793717 0.00795133 0.00874143 0.01012298 0.01098166 0.01147604]
[0.00894764 0.00944179 0.01223513 0.01267977 0.01449909 0.01626514]
[0.01007812 0.01344416 0.0136806  0.01606368 0.01814013 0.01822649]
[0.00280836 0.00626582 0.00690524 0.00789083 0.00871036 0.00921425]
[0.00540211 0.005857   0.00706273 0.00743767 0.00802134 0.00842533]
[0.00693847 0.00740211 0.01069009 0.01112892 0.01146558 0.01272835]
[0.00714377 0.00776098 0.00785153 0.01064283 0.01072619 0.0112808 ]
[0.00881613 0.00939327 0.01013242 0.01055459 0.0115329  0.01165543]
[0.0076209  0.01000058 0.01234024 0.01261897 0.01432805 0.01479569]
[0.00619534 0.01308629 0.01363217 0.01385164 0.01613174 0.01763437]
[0.0052953  0.00832883 0.00863685 0.01074074 0.01116024 0.0113349 ]
[0.00533781 0.00609752 0.00623565 0.0066642  0.00719577 0.00721474]
[0.00573619 0.00773352 0.01105538 0.0110778  0.01264152 0.01272877]
[0.01227186 0.01236444 0.01330893 0.01524781 0.01709414 0.01714688]
[0.0044571  0.00596283 0.00639039 0.00759172 0.00774511 0.00816289]
[0.00067656 0.00197282 0.00338735 0.0037491  0.00454501 0.00500494]
[0.00753786 0.01101629 0.01211712 0.01266574 0.01385869 0.01388692]
[0.00427593 0.00469122 0.00722195 0.00795093 0.00852575 0.00994313]
[0.00610358 0.00648335 0.00678336 0.00748818 0.00813498 0.00842937]
[0.00219616 0.00538647 0.00767896 0.00839775 0.00939344 0.01069895]
[0.00513855 0.00647563 0.00661775 0.00867224 0.0099752  0.01050261]
[0.00557347 0.00789673 0.00808347 0.01142102 0.01145434 0.01201826]
[0.00615203 0.00780505 0.00964682 0.01093687 0.01115433 0.01296687]
[0.00626503 0.00768612 0.01140677 0.01255621 0.01296575 0.01439865]
[0.00314365 0.00373358 0.00448802 0.00877043 0.00893813 0.00922394]
[0.00421655 0.00443098 0.00464819 0.00786363 0.00910217 0.00948954]
[0.00219472 0.00370646 0.00692052 0.00791322 0.00930634 0.01080467]
[0.00472968 0.00478109 0.00541821 0.00560371 0.00677421 0.00715067]
[0.00214748 0.00340326 0.00602757 0.00622309 0.00649242 0.00687935]
[0.00681513 0.0089099  0.00905905 0.01118384 0.01149108 0.01167121]
[0.00325131 0.00573527 0.00723772 0.01035319 0.01067492 0.0113497 ]
[0.00522037 0.00528132 0.00681116 0.00704332 0.00805202 0.00878063]
[0.00518411 0.0052846  0.00631286 0.0063658  0.00685907 0.0074413 ]
[0.00580275 0.00644239 0.00998684 0.0112778  0.01134572 0.0124689 ]
[0.00457066 0.00819901 0.00864256 0.00916737 0.01164639 0.01169373]
[0.00593256 0.01214396 0.01228017 0.01288718 0.01324815 0.0133561 ]
[0.01222706 0.01305401 0.01312333 0.01314384 0.01361673 0.01509292]
[0.00724226 0.00847823 0.00864456 0.00877326 0.00949137 0.01062154]
[0.00544099 0.00651322 0.00696688 0.00979718 0.01000284 0.01050329]
[0.00405038 0.00487718 0.00589548 0.00666608 0.00716982 0.00786031]
[0.00829779 0.01071725 0.01183097 0.01208795 0.01244883 0.0126069 ]
[0.00221523 0.01001485 0.01037501 0.01128598 0.01151902 0.01199497]
[0.00432716 0.00503162 0.0080346  0.00815119 0.00962886 0.01012366]
[0.00589158 0.00794024 0.00975167 0.00997805 0.01001555 0.01056643]
[0.00139191 0.00142872 0.00270275 0.00278749 0.00330965 0.00431096]
[0.00272596 0.00700368 0.00768339 0.00825906 0.00994278 0.01110239]
[0.0034281  0.00357864 0.0044872  0.00456852 0.00470362 0.00487137]
[0.0048685  0.00768288 0.00775939 0.01023973 0.0111678  0.01125324]
[0.00388371 0.00416879 0.00489441 0.00607667 0.00629738 0.00663771]
[0.00498974 0.00542491 0.00932244 0.01051039 0.01123764 0.01129653]
[0.00742394 0.00956247 0.00990155 0.01059006 0.01149404 0.01220197]
