[0.005161   0.00561031 0.00650974 0.00674838 0.00677834 0.00739943]
[0.00161557 0.00345887 0.00420043 0.0043519  0.00451525 0.00467266]
[0.00274498 0.00375403 0.00487767 0.00582431 0.00707781 0.00772263]
[0.00227429 0.00385359 0.00482257 0.00575146 0.00617072 0.00617485]
[0.00212584 0.00261306 0.00317598 0.00377352 0.00403144 0.00459926]
[0.00240651 0.00335105 0.00709838 0.0081245  0.00817045 0.00862992]
[0.00136614 0.00250345 0.00383591 0.00450383 0.00550294 0.00601554]
[0.00091573 0.00332387 0.00444466 0.00489969 0.00504307 0.00506504]
[0.00168242 0.00168565 0.00272259 0.00274969 0.00277974 0.00401012]
[0.00563166 0.00655608 0.00718318 0.00778002 0.00834379 0.00863887]
[0.00389714 0.00437306 0.00499262 0.00517751 0.00531664 0.00569749]
[0.00227717 0.00428096 0.00563478 0.00571213 0.00618193 0.00637206]
[0.00228702 0.00257314 0.00280239 0.00353198 0.0040735  0.00577381]
[0.00203511 0.00278113 0.00296676 0.00431038 0.00473542 0.00605126]
[0.00130476 0.0018507  0.0034739  0.00584977 0.00631537 0.00701295]
[0.00326897 0.00527384 0.00528745 0.00699979 0.00790811 0.00824917]
[0.00219807 0.00228407 0.0035732  0.00510557 0.00528413 0.00644046]
[0.00130057 0.00302406 0.00403737 0.00521691 0.0053114  0.00531938]
[0.00119569 0.00256206 0.00307943 0.00505501 0.00513429 0.00589669]
[0.00114284 0.00225619 0.00437542 0.00502891 0.00591035 0.00734059]
[0.00220805 0.00260182 0.00262044 0.00419475 0.00445984 0.00615544]
[0.00037479 0.00139374 0.001924   0.00215582 0.00414638 0.00445529]
[0.00098532 0.00125559 0.00181179 0.00336278 0.00411977 0.00546988]
[0.00130761 0.00292732 0.00393483 0.00408374 0.00438111 0.004563  ]
[0.00118482 0.00180322 0.00243847 0.00365288 0.00422153 0.00424732]
[0.00189965 0.00396046 0.00461112 0.00530918 0.00571226 0.00622035]
[0.00156003 0.00295549 0.00338323 0.00345723 0.00375685 0.00424518]
[0.00126856 0.00144757 0.00213522 0.00442121 0.00496424 0.00568249]
[0.00244754 0.00328305 0.00392007 0.00468282 0.00563788 0.00612864]
[0.00224414 0.00289508 0.00309163 0.00361769 0.00435457 0.00499657]
[0.0012519  0.00460312 0.0047447  0.00475989 0.00581162 0.00591204]
[0.00190885 0.00249381 0.00252982 0.00355306 0.00405909 0.00487963]
[0.00200143 0.00216253 0.00238159 0.00244469 0.00256128 0.00335365]
[0.002222   0.00228638 0.00281876 0.0032016  0.00357356 0.00401262]
[0.00145971 0.00155212 0.00176888 0.00288228 0.00397273 0.0050148 ]
[0.00228176 0.00419529 0.0049314  0.00548281 0.00558326 0.00567842]
[0.00092754 0.00099221 0.00338762 0.00381445 0.00382774 0.00394609]
[0.00088758 0.00166784 0.00207436 0.00350785 0.0040943  0.00436367]
[0.00321284 0.00331293 0.00346983 0.00377579 0.00382725 0.00524109]
[0.00165089 0.00384605 0.00389818 0.00491779 0.00532379 0.00548053]
[0.00331422 0.00385826 0.00410941 0.00418583 0.00450057 0.00593878]
[0.00157296 0.0016836  0.00334095 0.00424199 0.00524744 0.00582163]
[0.00267971 0.00323102 0.00449001 0.00516874 0.00520541 0.00569907]
[0.00187613 0.00355104 0.00358976 0.00423822 0.00670068 0.00679395]
[0.00525203 0.00537557 0.00568974 0.00611183 0.00612299 0.00672504]
[0.00257253 0.0038721  0.00420394 0.0047125  0.00484818 0.00485205]
[0.00164307 0.00213236 0.00292909 0.00380801 0.00521593 0.00590999]
[0.00293375 0.00330977 0.00331493 0.00419515 0.00423484 0.00454092]
[0.0008731  0.00297645 0.00410729 0.00465392 0.00465667 0.00491241]
[0.00450837 0.00454018 0.00502628 0.00503353 0.00547529 0.00573745]
[0.00453219 0.00461101 0.00526955 0.00563371 0.00637359 0.00643579]
[0.00363459 0.00511692 0.00558535 0.00714678 0.00760467 0.00766673]
[0.00193904 0.00232349 0.0029033  0.00296355 0.00380625 0.00424569]
[0.00140284 0.00435755 0.00449637 0.00485045 0.00520363 0.00552209]
[0.00172914 0.00279943 0.0051743  0.00580615 0.00701859 0.00820064]
[0.00233606 0.00388078 0.00449302 0.00484315 0.00491338 0.00546201]
[0.00219214 0.00247117 0.00269936 0.00366087 0.00481683 0.00489835]
[0.00200121 0.0022729  0.00227519 0.00262337 0.00338198 0.00393425]
[0.00173008 0.00249115 0.00379855 0.00470769 0.00497395 0.00643376]
[0.00175449 0.00264187 0.00308442 0.00376933 0.00486013 0.00535156]
[0.00211095 0.00300626 0.00322816 0.00342337 0.00411192 0.00426476]
[0.00140597 0.00253132 0.00262686 0.00291286 0.00321748 0.00365243]
[0.00131725 0.00225978 0.00241417 0.00257823 0.0025957  0.00297548]
[0.00170709 0.00289498 0.00325758 0.00356444 0.00363179 0.00376551]
[0.00138556 0.0020765  0.00280733 0.00419525 0.0045239  0.00481942]
[0.00149358 0.00314835 0.00317786 0.00449058 0.00461508 0.00483303]
[0.00378582 0.00400536 0.00435477 0.00440552 0.00521963 0.00529742]
[0.00202464 0.0022972  0.00230374 0.00237726 0.00340035 0.0036042 ]
[0.00142745 0.0020347  0.00282547 0.00397852 0.00413677 0.00434794]
[0.00149952 0.00186411 0.00197296 0.00233595 0.00315827 0.00357947]
[0.00309435 0.00383108 0.00450416 0.00478743 0.00522369 0.00548697]
[0.00235382 0.00300867 0.00388189 0.00407081 0.00416164 0.00428875]
[0.00272791 0.00276928 0.00284544 0.00342645 0.00366513 0.0040444 ]
[0.00157955 0.00180316 0.00192259 0.00270601 0.00325911 0.00348359]
[0.00111168 0.00248783 0.00256979 0.00312012 0.00377649 0.00381727]
[0.00066868 0.0010293  0.00207789 0.00292994 0.0032645  0.00384478]
[0.00285938 0.00288764 0.00322675 0.00327716 0.00407794 0.00421828]
[0.00076305 0.00117559 0.00158528 0.00188671 0.00192633 0.00255171]
[0.00060893 0.0016517  0.00193323 0.00367849 0.00391479 0.00454015]
[0.00096495 0.00158371 0.00163486 0.00228385 0.00238029 0.00241168]
[0.00096013 0.00151558 0.00202666 0.00243686 0.00249055 0.00271631]
[0.00045898 0.00138604 0.00143183 0.00173659 0.00197011 0.00211622]
[0.00224005 0.0024307  0.00306039 0.00325562 0.00419624 0.00461928]
[0.00042059 0.00078562 0.00104539 0.00130562 0.00138168 0.00157495]
[0.00050328 0.00128158 0.00150696 0.00207117 0.00212126 0.00255929]
[0.00042402 0.0012272  0.0020036  0.00205865 0.00210666 0.00263448]
[0.00077391 0.00099586 0.00124597 0.00165145 0.00182428 0.00204287]
[0.00021054 0.00028971 0.00139073 0.00160642 0.00186691 0.00211328]
[0.00076327 0.0009593  0.00138031 0.00140363 0.00158783 0.00168584]
[0.00058652 0.00116738 0.00127363 0.00254984 0.00267051 0.00309357]
[0.00095344 0.00165556 0.00275262 0.00289308 0.002909   0.00316395]
[0.0005753  0.00123175 0.00135554 0.0013702  0.00220087 0.0029115 ]
[0.00037393 0.00199148 0.00261244 0.00297128 0.00310422 0.00328891]
[0.0002412  0.00112996 0.00137128 0.00145237 0.00206171 0.00271387]
[0.00049816 0.00162384 0.00210909 0.00241432 0.00243343 0.00293038]
[0.0005448  0.00118785 0.00160918 0.00173928 0.00190191 0.0028154 ]
[0.00093916 0.00116588 0.0013585  0.00185852 0.00222702 0.00330552]
[0.00020447 0.00094802 0.00112663 0.00184822 0.00225574 0.00278549]
[0.00052668 0.00110834 0.00117864 0.00255717 0.00281691 0.00367112]
[0.00045881 0.00063977 0.0008275  0.00197783 0.0025086  0.00293375]
[0.00058788 0.0009905  0.00175368 0.00240123 0.00289957 0.0036903 ]
[0.00047783 0.00059477 0.00108888 0.00233846 0.00299908 0.00351868]
[0.00014792 0.00065433 0.00082561 0.00096533 0.00148817 0.0017324 ]
[0.0005947  0.00074789 0.00169614 0.00222024 0.00257504 0.00266743]
[0.00045695 0.00047415 0.00047878 0.00051282 0.00073695 0.00116927]
[0.0006968  0.00122983 0.00265465 0.00281432 0.00366021 0.00409756]
[0.00081876 0.00148254 0.00167997 0.00272242 0.00390253 0.00406963]
[0.0002109  0.00120581 0.00161069 0.00256483 0.00291829 0.00300246]
[0.00066661 0.00127232 0.00151132 0.00193713 0.00213929 0.00260131]
[0.00050621 0.0006101  0.00062111 0.00156061 0.00172604 0.00181031]
[0.00122109 0.00128812 0.00196033 0.00262308 0.00269056 0.00310649]
[0.00072012 0.00120202 0.00133566 0.00172841 0.00175574 0.00190883]
[0.00021766 0.00136413 0.00186756 0.0023541  0.00313027 0.00314234]
[0.00078637 0.00102795 0.00201211 0.00233929 0.00246202 0.00257075]
[0.00135859 0.00166738 0.00191243 0.00307477 0.00387107 0.00387763]
[0.00036106 0.00218567 0.00226249 0.002308   0.00288225 0.00293471]
[0.00045823 0.0011087  0.00201327 0.00227006 0.00308867 0.0031707 ]
[0.00029392 0.0004761  0.00083492 0.00183695 0.00192083 0.00283371]
[0.00036782 0.00086852 0.00225385 0.00298331 0.00315113 0.00375919]
[0.00051179 0.00105299 0.00142709 0.00164246 0.00200043 0.00267905]
[0.00072091 0.00087081 0.00182856 0.00197134 0.00278488 0.00279432]
[0.00237108 0.0025174  0.00304921 0.0038075  0.00388717 0.00422041]
[0.00154421 0.00241439 0.00246039 0.00320604 0.00325584 0.00355732]
[0.00115956 0.0017945  0.00192225 0.00234468 0.00282466 0.00331519]
[0.00159331 0.00221403 0.00254718 0.00306243 0.00313855 0.00338534]
[0.00111884 0.001841   0.00258963 0.00340992 0.00376809 0.00377046]
[0.00088905 0.0015969  0.00194248 0.00270395 0.00282688 0.0028585 ]
[0.0008446  0.00133618 0.00168089 0.00183989 0.00192547 0.00285305]
[0.00235707 0.00238431 0.00289303 0.00339665 0.00442086 0.00442131]
[0.00076796 0.00162187 0.00198802 0.00214235 0.00262622 0.00310777]
[0.00024266 0.00185611 0.00188916 0.00228326 0.00237808 0.00239199]
[0.00100537 0.00140404 0.00183694 0.00257961 0.00270189 0.00282106]
[0.00114748 0.00117832 0.00173576 0.0020329  0.00276474 0.00304901]
[0.00045705 0.00106157 0.0011345  0.00183312 0.00219275 0.00256854]
[0.00079999 0.00123549 0.00142541 0.00165674 0.00206327 0.00211464]
[0.00051676 0.00115981 0.00166427 0.00197376 0.00204631 0.00206454]
[0.0004351  0.00056833 0.00068931 0.00108896 0.00200392 0.00225634]
[0.00034297 0.00090783 0.00098583 0.00136032 0.00184019 0.00205388]
[5.65072750e-05 8.95197197e-04 1.05259916e-03 1.36536998e-03  1.71171029e-03 1.86634589e-03]
[0.00124661 0.00194598 0.00258349 0.00267943 0.0027519  0.00282405]
[0.0006368  0.00247978 0.00296772 0.00366229 0.00390413 0.00476087]
[0.00166895 0.00278868 0.00404755 0.00410836 0.0041325  0.00418357]
[0.00071528 0.00264636 0.00307235 0.0036375  0.00385794 0.0048025 ]
[0.0018812  0.0028372  0.00323955 0.00401059 0.00406487 0.004359  ]
[0.00165763 0.00235012 0.00300359 0.00341441 0.00358587 0.00392344]
[0.00176168 0.00233683 0.00242467 0.00247188 0.00294841 0.00299949]
[0.00044418 0.00175306 0.00228411 0.00242605 0.0030123  0.00315501]
[0.00086137 0.00242578 0.00255609 0.00284779 0.00303462 0.00353236]
[0.00139603 0.00198948 0.00305948 0.00308121 0.00331178 0.00342553]
[0.00170236 0.00230287 0.00281373 0.00282631 0.00307838 0.00343793]
[0.00133255 0.0023006  0.00273831 0.00279048 0.00322533 0.00333863]
[0.00072339 0.001224   0.00161819 0.00198425 0.00257853 0.00282534]
[0.00119487 0.00139876 0.00208781 0.00242733 0.00298879 0.00307557]
[0.00099128 0.0020319  0.00240082 0.00321837 0.00351172 0.00353668]
[0.00193306 0.00395304 0.00399827 0.00414496 0.00496389 0.00517681]
[0.00350181 0.00361908 0.00380297 0.00419431 0.00446723 0.0048401 ]
[0.0015831  0.0020438  0.00290313 0.00307323 0.00335093 0.00358857]
[0.00213585 0.00230194 0.00319647 0.00326224 0.00348501 0.0037136 ]
[0.00154362 0.00222397 0.00252144 0.00307371 0.00309504 0.00313941]
[0.00054436 0.00117932 0.00140514 0.00166791 0.00265063 0.0029635 ]
[0.00056644 0.00266316 0.00270343 0.00273368 0.00312026 0.00331892]
[0.00147945 0.00217443 0.00273053 0.00306299 0.00333454 0.00344176]
[0.00172295 0.00261634 0.00386606 0.00405725 0.00492394 0.00526151]
[0.00192922 0.00356749 0.00417169 0.00448087 0.00515431 0.0054526 ]
[0.00190243 0.00211046 0.00332603 0.00391866 0.00474349 0.0054293 ]
[0.00131594 0.00334366 0.00434722 0.0046463  0.00573868 0.00630303]
[0.00365114 0.00408903 0.00451673 0.0051846  0.00522179 0.0066021 ]
[0.00359324 0.00390781 0.00414996 0.00530437 0.00624475 0.00650041]
[0.00134092 0.00201315 0.0023684  0.00270574 0.00339988 0.00397127]
[0.00195034 0.00231383 0.00340873 0.00356559 0.00434106 0.00466894]
[0.00530574 0.00628823 0.00649743 0.00669976 0.00724333 0.00739463]
[0.00120011 0.0022577  0.00262853 0.0030963  0.00315621 0.0033971 ]
[0.00126413 0.00180985 0.00210633 0.00219094 0.00237077 0.00301942]
[0.00198375 0.0025025  0.00271771 0.00300047 0.00363601 0.00383004]
[0.00216848 0.00228968 0.0024431  0.00284016 0.00386882 0.00413075]
[0.00285053 0.00303976 0.00340233 0.00351392 0.0035162  0.00397948]
[0.00202168 0.00328224 0.00482097 0.00490655 0.00539133 0.00541655]
[0.00173508 0.00256818 0.00347473 0.00362173 0.00443309 0.00445684]
[0.00205672 0.00219267 0.00347556 0.00384388 0.00404413 0.00547904]
[0.00131752 0.00363652 0.00696    0.00745539 0.00851612 0.00884956]
[0.00274206 0.00331245 0.00407867 0.0044637  0.00470448 0.00483791]
[0.00173775 0.0034417  0.00361217 0.00364599 0.00383874 0.00422496]
[0.00240699 0.00372339 0.00393258 0.0042063  0.00428588 0.00460617]
[0.00210249 0.00263268 0.00278982 0.00314273 0.00419501 0.00454867]
[0.00198229 0.00219518 0.00255506 0.00281783 0.00369881 0.00432539]
[0.00261128 0.00374164 0.00498043 0.0053992  0.00586753 0.00596701]
[0.00233816 0.00363724 0.00390859 0.00460041 0.00498089 0.00624183]
[0.00102822 0.00255729 0.00267635 0.00283119 0.00373397 0.00382588]
[0.00123583 0.00243439 0.00402107 0.00458903 0.00476914 0.00486458]
[0.00140978 0.00216864 0.00292844 0.00411781 0.00436128 0.0045738 ]
[0.00108515 0.00161317 0.00200009 0.00264312 0.00269093 0.00321009]
[0.00039109 0.0010196  0.00115947 0.00159247 0.00209993 0.00259049]
[0.00154752 0.00164997 0.00219274 0.00301814 0.00455327 0.00479622]
[0.00130726 0.00225701 0.00233188 0.00271517 0.00400102 0.00409679]
[0.00307013 0.00320242 0.0032066  0.00357432 0.00404331 0.00416769]
[0.00111673 0.00144789 0.00167618 0.0017497  0.0020579  0.00297703]
[0.00101552 0.00105955 0.00194589 0.0028292  0.0030697  0.00385798]
[0.00190132 0.00217535 0.00266543 0.00383435 0.00383928 0.0051266 ]
[0.00091934 0.00142262 0.00292485 0.00344595 0.00376867 0.00423533]
[0.00080845 0.00092448 0.00183077 0.00326441 0.00339262 0.00387668]
[0.0019909  0.00239323 0.00283203 0.00320744 0.00337104 0.00353451]
[0.00267111 0.00378551 0.00393346 0.00396516 0.00445511 0.00504764]
[0.00106224 0.00307976 0.00309196 0.00375715 0.00528265 0.00584452]
[0.00437783 0.00547148 0.00600815 0.00668277 0.00685355 0.00703795]
[0.00190667 0.00287743 0.00294446 0.00309934 0.0042143  0.00447864]
[0.00239182 0.0037172  0.00378858 0.003885   0.00419876 0.00473791]
[0.00112559 0.00267265 0.00480072 0.00494835 0.00528674 0.00545287]
[0.00258011 0.00359572 0.00367729 0.00379046 0.0046383  0.0047917 ]
[0.00321972 0.00368375 0.00407295 0.00415707 0.00489121 0.00520636]
[0.0049192  0.00539502 0.00579324 0.00593903 0.0061964  0.00652793]
[0.00274945 0.00370705 0.00653686 0.00875487 0.00893758 0.00985369]
[0.0044776  0.0061094  0.00645261 0.00679785 0.00715862 0.00723923]
[0.00469434 0.00732953 0.00793384 0.00888211 0.00895149 0.00950686]
[0.00399109 0.00505976 0.00557655 0.00657295 0.00682192 0.00684988]
[0.00416778 0.00443554 0.00462332 0.00479427 0.00513033 0.00514875]
[0.00365056 0.00437932 0.00449186 0.0047311  0.00476912 0.00543216]
[0.00394765 0.00395218 0.00594587 0.00711079 0.00729806 0.00786015]
[0.0063586  0.00716583 0.00848192 0.00924908 0.00930835 0.00969597]
[0.0066056  0.00728171 0.00744585 0.00853496 0.00881092 0.00933451]
[0.00241239 0.0028854  0.00396637 0.00491129 0.00492471 0.00746236]
[0.00271167 0.00687851 0.00865525 0.00904209 0.00923919 0.00945287]
[0.00556632 0.00648569 0.00738827 0.00801354 0.00849705 0.00858106]
[0.00200197 0.00347921 0.00414771 0.00486646 0.00509948 0.00584301]
[0.00403313 0.00590422 0.0076989  0.00839959 0.00847578 0.00902342]
[0.00594271 0.00601692 0.00645294 0.00862395 0.00889958 0.00907414]
[0.0059268  0.00859344 0.00973332 0.01010468 0.01019434 0.01111219]
[0.00616231 0.00620909 0.00691206 0.00798297 0.00804419 0.00992254]
[0.00344566 0.00539695 0.00720362 0.00875998 0.00887594 0.00929421]
[0.00410203 0.00425028 0.00440612 0.00570066 0.00678344 0.00739469]
[0.00137707 0.00229276 0.00284094 0.00467826 0.00492988 0.00658524]
[0.00440278 0.00522487 0.00640305 0.00690787 0.00751528 0.00784263]
[0.00295356 0.00416656 0.00538493 0.00623377 0.00918991 0.00988182]
[0.00398781 0.00473182 0.00597882 0.0060116  0.00735813 0.00772505]
[0.00305308 0.00376388 0.00392468 0.00413563 0.00500572 0.00510526]
[0.00262629 0.00266151 0.00284204 0.00363771 0.00372663 0.00412097]
[0.00408851 0.00508489 0.00625187 0.00645508 0.00668853 0.00740286]
[0.00341674 0.00402058 0.00423543 0.00435751 0.00436048 0.00669519]
None
[0.00405521 0.00593482 0.00628952 0.00639641 0.00654771 0.00718973]
[0.00319769 0.00579916 0.00682945 0.0074201  0.00756391 0.00872263]
[0.00267401 0.00345664 0.0044549  0.00505904 0.00539082 0.00554868]
[0.00229311 0.00357127 0.0040415  0.00460578 0.00533369 0.00585779]
[0.00255975 0.00720863 0.00843679 0.00868076 0.0088588  0.00977464]
[0.00580683 0.00723303 0.0077946  0.00860024 0.00913562 0.00954897]
[0.0023526  0.00318323 0.00628726 0.00632732 0.00705162 0.00764939]
[0.00352151 0.00423402 0.00463607 0.00593445 0.0066959  0.00696795]
[0.0082519  0.01022464 0.01093066 0.01144129 0.01168644 0.01237551]
[0.00560877 0.00660811 0.0070665  0.0071775  0.00792911 0.00811626]
[0.00507208 0.00542853 0.00786034 0.00797646 0.00798744 0.00833244]
[0.00270389 0.00328302 0.0033755  0.00475353 0.00479945 0.00492644]
[0.00271371 0.00429153 0.00477424 0.00591522 0.00607823 0.00647315]
[0.00399636 0.00531979 0.00576359 0.00582718 0.00584662 0.00620329]
[0.00530569 0.00641649 0.00833828 0.00903167 0.00925967 0.00980052]
[0.00969643 0.01048592 0.01147433 0.01239168 0.01256918 0.01370189]
[0.00633701 0.00759667 0.00841005 0.00856448 0.00876101 0.0093435 ]
[0.00050178 0.00376429 0.00449918 0.00551945 0.00657507 0.00694591]
[0.00457482 0.00481955 0.00497263 0.00523175 0.00575244 0.00593539]
[0.0021249  0.00583187 0.00786746 0.00851628 0.00943101 0.00948174]
[0.00356398 0.00387314 0.00613263 0.00618187 0.00672187 0.00701371]
[0.00564991 0.00573101 0.00586317 0.00588303 0.00645091 0.00690953]
[0.00556275 0.00731913 0.00746598 0.00747428 0.00789745 0.00789916]
[0.00401349 0.00566361 0.00575542 0.00576656 0.006715   0.00696254]
[0.00343071 0.00351266 0.00509626 0.00516248 0.00594185 0.00658291]
[0.00207734 0.00296679 0.0040146  0.00463471 0.00478849 0.00522334]
[0.00626883 0.00751664 0.00789437 0.00844577 0.00944005 0.00948419]
[0.00624968 0.00656983 0.00684544 0.00811752 0.00927637 0.00955766]
[0.00446566 0.00668593 0.0085711  0.00881773 0.00918552 0.00920526]
[0.00588115 0.00619565 0.00708298 0.00866593 0.00915733 0.00941248]
[0.0061762  0.00735053 0.00954591 0.0095507  0.01037574 0.01064746]
[0.00343133 0.00496892 0.00723735 0.0084994  0.00854605 0.00871132]
[0.00228971 0.00315751 0.00350687 0.0046401  0.00472619 0.00551324]
[0.00445026 0.00458073 0.00532787 0.00610668 0.00662824 0.00712446]
[0.00180611 0.00473387 0.00667464 0.00710181 0.00758663 0.00892565]
[0.00567013 0.00619634 0.00678508 0.00796821 0.00842529 0.00869894]
[0.00115335 0.00366424 0.00573062 0.00625535 0.00804233 0.00813118]
[0.00511473 0.00564069 0.00601289 0.0095017  0.01071671 0.01072291]
[0.00246561 0.00533184 0.00556484 0.00611034 0.00625414 0.00734317]
[0.00228821 0.00235863 0.00454001 0.00594055 0.00600997 0.00614653]
[0.00288508 0.00339646 0.00661348 0.00663204 0.00711124 0.00730653]
[0.00134217 0.00205567 0.0047778  0.00578604 0.00613631 0.00617221]
[0.00380386 0.00562088 0.00657352 0.00745643 0.00894477 0.00907642]
[0.00669457 0.00871337 0.00873287 0.00888458 0.00969373 0.01014521]
[0.00419877 0.00474817 0.00559601 0.00660678 0.00712105 0.00753552]
[0.00285173 0.00478401 0.00617113 0.00647104 0.00731249 0.00736661]
[0.00307271 0.00310093 0.00375641 0.00479157 0.00624488 0.00691286]
[0.00431899 0.00465725 0.00672364 0.00677172 0.00766731 0.00805252]
[0.0012386  0.00446398 0.00550498 0.00636037 0.00640361 0.00659175]
[0.00304022 0.00421429 0.00526979 0.00620644 0.00798014 0.00893705]
[0.00265049 0.0039708  0.00444657 0.0058568  0.00822929 0.00861366]
[0.00423267 0.00597115 0.006828   0.00861512 0.00905881 0.00934448]
[0.00307126 0.00437019 0.00545855 0.00741719 0.00762125 0.00819389]
[0.00135416 0.0031131  0.00351795 0.0051776  0.00568489 0.00636672]
[0.00197652 0.0034102  0.00414632 0.00443108 0.00545726 0.00570768]
[0.00153492 0.00235597 0.00313525 0.00389638 0.00442655 0.00523669]
[0.00230374 0.00441096 0.0065627  0.0081578  0.00871863 0.00895516]
[0.00156818 0.00557901 0.00662958 0.00797749 0.00821943 0.00898297]
[0.0044382  0.00561259 0.00618619 0.0072445  0.0082336  0.00889646]
[0.00546889 0.00714102 0.00815209 0.00907896 0.00917801 0.00945338]
[0.00236657 0.00391981 0.00486514 0.00492049 0.00495489 0.00614162]
[0.0045667  0.00530515 0.00579453 0.00620831 0.00708675 0.00842015]
[0.00154036 0.00229226 0.00377019 0.00390867 0.00414403 0.00604696]
[0.00212904 0.00391293 0.00405797 0.00447444 0.00610426 0.00619933]
[0.00532586 0.00553966 0.00629358 0.00632113 0.00790818 0.01079693]
[0.00390156 0.00572323 0.00645686 0.00702849 0.00811    0.00812128]
[0.00096142 0.00283987 0.00321927 0.0039184  0.00458959 0.00560828]
[0.00100019 0.00154012 0.00250019 0.00262503 0.00280847 0.00325026]
[0.00126986 0.00250117 0.00289056 0.00480312 0.00494244 0.00762942]
[0.00218949 0.00380267 0.00410305 0.00426346 0.0045106  0.00456482]
[0.0019415  0.00271641 0.00308388 0.00327264 0.00333852 0.00350227]
[0.00102426 0.00111616 0.00152639 0.00352435 0.00468867 0.00578151]
[0.00164339 0.00222407 0.00533085 0.00570393 0.00696241 0.00777927]
[0.00176552 0.00272693 0.00278766 0.00359977 0.00369015 0.00376646]
[0.00151783 0.00279244 0.00441335 0.00442398 0.0050445  0.00582475]
[0.00092162 0.00119876 0.00144453 0.00253854 0.00343157 0.00401569]
[0.00141466 0.00219502 0.00241533 0.00283954 0.00384869 0.00435309]
[0.00161072 0.00203113 0.00233051 0.0027708  0.00300604 0.00301571]
[0.00149604 0.00264754 0.00418944 0.00424969 0.00426738 0.00440631]
[0.0028311  0.00428139 0.00467928 0.00476874 0.00550739 0.00559693]
[0.00135301 0.00208669 0.00350107 0.00435381 0.0044282  0.0051981 ]
[0.00126632 0.00229387 0.00247824 0.00300383 0.00376868 0.00393547]
[0.0015322  0.00194309 0.00320521 0.00324273 0.00401539 0.00420224]
[0.00196437 0.00302979 0.00343789 0.00462487 0.00572215 0.00577699]
[0.00232369 0.00312781 0.0038253  0.00467822 0.00503779 0.00531844]
[0.00109167 0.00114493 0.00207924 0.00219918 0.00346171 0.00423804]
[0.00165652 0.00332798 0.00527154 0.00576781 0.00621335 0.0062496 ]
[0.00529307 0.00561066 0.00639227 0.00713652 0.00717305 0.00728676]
[0.0021969  0.0027677  0.00359756 0.00368697 0.0038422  0.00394958]
[0.00148675 0.00269878 0.00330672 0.00377639 0.00478169 0.00597306]
[0.0011363  0.00262791 0.00355486 0.00404646 0.00521234 0.00569249]
[0.00144558 0.00249211 0.00424514 0.00457905 0.00484365 0.00511395]
[0.00107983 0.00110898 0.00157987 0.00277823 0.00278531 0.0027991 ]
[0.00157413 0.00361244 0.0037186  0.00398093 0.00426316 0.00440088]
[0.00258688 0.00389804 0.00477411 0.00487999 0.00509948 0.00518233]
[0.00328106 0.00388692 0.00424478 0.00428071 0.00498595 0.00512904]
[0.00144969 0.00289005 0.0040029  0.00408296 0.00509669 0.00549989]
[0.00098833 0.00169477 0.00182918 0.00308933 0.00346426 0.00395491]
[0.00143651 0.00144525 0.00298468 0.00335922 0.00368065 0.00379198]
[0.00248087 0.00311727 0.00456707 0.00501929 0.00531796 0.00610244]
[0.00074796 0.00125778 0.00180317 0.00236879 0.00337812 0.00377402]
[0.00168035 0.00194055 0.0021861  0.00325854 0.00361781 0.00457564]
[0.00112407 0.00133706 0.0013724  0.00250757 0.00263319 0.00293532]
[0.00031373 0.00125061 0.0013515  0.00168036 0.00217779 0.00363664]
[0.00076506 0.0008656  0.00255429 0.00264374 0.00293653 0.00322581]
[0.00136861 0.00236216 0.00344966 0.00400602 0.0042532  0.00494447]
[0.00098592 0.00164377 0.00272515 0.00309014 0.00335419 0.00397325]
[0.00500879 0.00563486 0.00567678 0.00569905 0.00645982 0.00697321]
[0.00306981 0.00421314 0.00501253 0.00534359 0.0059326  0.00611139]
[0.00104248 0.0028218  0.00306728 0.00324702 0.00425854 0.00435738]
[0.00151761 0.00256439 0.00290091 0.00364921 0.00432029 0.00490108]
[0.00146804 0.00193291 0.00315344 0.00464402 0.00530534 0.00849026]
[0.00218097 0.00256516 0.00307825 0.00361167 0.00367974 0.00418322]
[0.0024695  0.00393227 0.00608833 0.00700433 0.0071833  0.00749437]
[0.00458378 0.00513329 0.00524769 0.00548961 0.00633887 0.00654561]
[0.00349921 0.00374446 0.00385404 0.00425235 0.00493196 0.00500865]
[0.00102702 0.00234761 0.00521255 0.00559568 0.00612524 0.00702658]
[0.00116697 0.00242621 0.00294023 0.00321828 0.00347133 0.00358834]
[0.00288142 0.00584157 0.00756749 0.00805049 0.00845284 0.00863426]
[0.00169635 0.00433931 0.00454978 0.00586646 0.00639986 0.00682771]
[0.00231518 0.00264413 0.00353712 0.00545107 0.00547264 0.00552612]
[0.00026836 0.00097705 0.00187641 0.00209632 0.00224441 0.00227084]
[0.0030376  0.00328062 0.0044026  0.00474216 0.00490997 0.00530962]
[0.0025717  0.00261699 0.00376855 0.00465363 0.00534364 0.00555514]
[0.00338973 0.00534712 0.00698466 0.00714844 0.00782362 0.00797188]
[0.00496725 0.0054694  0.0068211  0.007864   0.00842041 0.00889496]
[0.00213949 0.00323688 0.0039506  0.00448254 0.00462071 0.00575481]
[0.002623   0.00482269 0.00517716 0.00521303 0.00713086 0.0078103 ]
