[0.00934781 0.00948645 0.00991702 0.01284471 0.01675716 0.01690151]
[0.00684711 0.00824638 0.00944717 0.01224562 0.01237235 0.01338305]
[0.00105031 0.00699035 0.00743652 0.01189277 0.01190974 0.01243777]
[0.00575467 0.00809719 0.00996842 0.01015281 0.01045904 0.01168155]
[0.00451409 0.00647803 0.00917327 0.01027203 0.01041363 0.01157524]
[0.00563795 0.01041919 0.01062601 0.01110399 0.01212109 0.01245711]
[0.00581917 0.00664055 0.01365478 0.01755142 0.01836037 0.02215958]
[0.00366326 0.00472865 0.00876549 0.01125263 0.01367735 0.01392564]
[0.00579012 0.00737463 0.00763552 0.01075091 0.01129783 0.01437136]
[0.00452952 0.00569471 0.00628917 0.01065127 0.01238398 0.01437794]
[0.00320985 0.00747661 0.00837561 0.00846982 0.01008435 0.01091414]
[0.00333496 0.00619529 0.00689554 0.00943776 0.00952976 0.01025444]
[0.00381195 0.00704043 0.00741548 0.00888335 0.01004579 0.01070216]
[0.00367237 0.00415863 0.00456292 0.00535533 0.01012219 0.01037499]
[0.00490195 0.00511031 0.00967941 0.01124086 0.01229446 0.01285308]
[0.00585702 0.00634193 0.01046701 0.01154967 0.01186321 0.01249555]
[0.00862    0.01141699 0.01445873 0.01479598 0.01535665 0.01537067]
[0.0040095  0.0128394  0.01294354 0.01497815 0.01637441 0.01713544]
[0.00602151 0.0063231  0.00741939 0.00816479 0.00906302 0.00928159]
[0.00768753 0.00850783 0.01147331 0.01189317 0.01331999 0.01601549]
[0.00316579 0.00371793 0.0043004  0.00819088 0.01119378 0.01130653]
[0.00401859 0.00679559 0.00793643 0.00939034 0.00948018 0.0102865 ]
[0.00518189 0.00879772 0.01086022 0.01101299 0.0134626  0.01347789]
[0.00730152 0.00747309 0.01252412 0.01348948 0.01498101 0.01572638]
[0.00387893 0.00423298 0.01282418 0.01303344 0.01674401 0.01699355]
[0.00921103 0.01152308 0.01258418 0.01263854 0.01427597 0.01535337]
[0.00642311 0.00670073 0.00745649 0.00862071 0.0100398  0.01522343]
[0.00341239 0.00574057 0.00594582 0.01078061 0.0120533  0.01291865]
[0.00429222 0.00800449 0.01221311 0.01365793 0.01397143 0.01527433]
[0.0070078  0.01161504 0.01199806 0.01637477 0.01695443 0.01698715]
[0.00602115 0.00787899 0.00999451 0.01027648 0.01095567 0.0114482 ]
[0.0025486  0.00950071 0.00956685 0.01137178 0.0116642  0.01208033]
[0.00263268 0.00586404 0.00664879 0.00946956 0.01058488 0.01120711]
[0.0044315  0.00513829 0.0053357  0.00673776 0.00713678 0.00819335]
[0.0027708  0.00615516 0.00749314 0.01037524 0.01056382 0.01225494]
[0.00374672 0.00518868 0.00522493 0.00820744 0.00924579 0.01000585]
[0.00487372 0.00654137 0.00768816 0.01017636 0.01086295 0.0110333 ]
[0.00724015 0.00885341 0.00904352 0.00925159 0.00998911 0.01071104]
[0.00344306 0.00724242 0.00991271 0.01183285 0.01275806 0.01284045]
[0.00441155 0.00854311 0.01051735 0.01147368 0.0128524  0.01311545]
[0.00439094 0.00632248 0.00951236 0.01058038 0.01202821 0.01238133]
[0.00341888 0.00427285 0.00468134 0.01050556 0.01062542 0.01307718]
[0.00197686 0.004281   0.00440698 0.00621508 0.01128454 0.01273111]
[0.00537038 0.00624247 0.00632486 0.00795609 0.00883739 0.00958043]
[0.00632086 0.01017404 0.01510201 0.01884376 0.01962618 0.02068618]
[0.00329671 0.0080691  0.00865339 0.01032777 0.01248905 0.01409586]
[0.00415099 0.00752764 0.00762078 0.00939117 0.0107369  0.01160931]
[0.00153153 0.00400205 0.00527028 0.00669259 0.00907969 0.00948283]
[0.00500359 0.00564246 0.00745062 0.0088607  0.0099868  0.01013034]
[0.00284507 0.00334163 0.00521997 0.00542572 0.00968506 0.01049415]
[0.00071547 0.00589143 0.0095626  0.01161039 0.01218048 0.01315188]
[0.0033349  0.0051886  0.00778546 0.00801161 0.00863393 0.00893206]
[0.00188633 0.00488781 0.00852613 0.0109812  0.01151884 0.01194517]
[0.00629291 0.00785552 0.01018651 0.01340651 0.01382797 0.01429589]
[0.00599006 0.00769511 0.01358362 0.01389579 0.01443981 0.01633457]
[0.00499604 0.0075354  0.00847793 0.01090153 0.01138581 0.01365235]
[0.00709686 0.00753835 0.00837052 0.0084339  0.00898876 0.00900661]
[0.00559065 0.00628082 0.00699207 0.00712983 0.00850202 0.00943581]
[0.00256528 0.00294873 0.00323492 0.00788577 0.00916443 0.00952262]
[0.00410535 0.00417529 0.00569299 0.0061222  0.00721346 0.00807618]
[0.00167496 0.00347072 0.00448583 0.00480297 0.00550709 0.00803008]
[0.00348829 0.00357084 0.0047208  0.00831471 0.01037874 0.01244239]
[0.00158013 0.00367392 0.00522594 0.00549169 0.0080403  0.0083784 ]
[0.00436371 0.00635615 0.00773815 0.00912486 0.00993037 0.01075148]
[0.00302363 0.00655501 0.00758999 0.00931062 0.01143018 0.01189344]
[0.0049922  0.00668336 0.00887631 0.00964094 0.01140856 0.01184242]
[0.00386361 0.00517952 0.00974563 0.01104102 0.01152254 0.01350426]
[0.00467327 0.00588525 0.00649552 0.00821406 0.00898109 0.00991752]
[0.00374305 0.00384523 0.00534757 0.00558553 0.0132769  0.0134891 ]
[0.00209841 0.00211427 0.00288386 0.00317406 0.00401541 0.00439632]
[0.00322346 0.00718253 0.00785038 0.01039294 0.01252033 0.01317001]
[0.00083445 0.00153346 0.00324152 0.00383133 0.00709404 0.00718115]
[0.00196945 0.00473839 0.00675937 0.0089717  0.01325979 0.01640111]
[0.00379098 0.00399742 0.00773244 0.00810671 0.0083081  0.00939259]
[0.00232405 0.00284146 0.00366139 0.00805313 0.00936988 0.01045435]
[0.00105181 0.00471543 0.00699151 0.00900686 0.00924995 0.01213068]
[0.00500877 0.00697778 0.006982   0.00755684 0.00775554 0.00862935]
[0.00417784 0.00546865 0.00574696 0.00742173 0.00759118 0.0077465 ]
[0.00084011 0.00119356 0.00151041 0.00245556 0.00260914 0.00290969]
[0.00169591 0.00184864 0.00324846 0.00585069 0.00782752 0.00790568]
[0.00097943 0.00303156 0.00327248 0.00343853 0.00461769 0.00474279]
[0.00049112 0.00200964 0.00256681 0.00269516 0.00402349 0.00446741]
[0.00247297 0.00651585 0.0069138  0.00840202 0.00891165 0.00952004]
[0.00234001 0.00562337 0.00647132 0.00692024 0.00798609 0.00903066]
[0.00263018 0.00655381 0.00745479 0.00845619 0.00860167 0.00890737]
[0.00228994 0.00521599 0.00603119 0.00688463 0.00719701 0.00749521]
[0.00267068 0.00597168 0.00745754 0.00897468 0.00948866 0.01018366]
[0.00257571 0.00486041 0.00488592 0.00585814 0.0066652  0.00807656]
[0.00164329 0.00183398 0.00471734 0.00492217 0.00526833 0.00586612]
[0.00166997 0.00250101 0.00418654 0.00633487 0.00690568 0.00810836]
[0.0019679  0.00552784 0.00698175 0.00725846 0.00879027 0.00894898]
[0.00101474 0.00177974 0.00199556 0.00749014 0.00864088 0.00911767]
[0.00218255 0.00443325 0.00533737 0.0095262  0.01082501 0.0123685 ]
[0.00223202 0.00256861 0.00383477 0.00528278 0.00833743 0.00891878]
[0.00143507 0.00309506 0.00322373 0.00466882 0.0047981  0.00595455]
[0.00136842 0.00166532 0.00212184 0.00328728 0.00643665 0.00762021]
[0.00180937 0.0056578  0.00596535 0.00659083 0.00720776 0.00736022]
[0.00112043 0.00184845 0.00660796 0.0074885  0.00808495 0.0090998 ]
[0.00151123 0.0018229  0.00373238 0.00400478 0.00511602 0.00605731]
[0.00226778 0.00402285 0.00541735 0.00553239 0.00644969 0.00678504]
[0.00157671 0.00277156 0.00473147 0.00694434 0.00746843 0.01074717]
[0.00167685 0.0035265  0.00530635 0.0058736  0.00714974 0.00732002]
[0.00104803 0.00320232 0.00456765 0.00474564 0.00592319 0.00598908]
[0.00124686 0.0022281  0.00301997 0.00439234 0.00468847 0.00520166]
[0.0012594  0.0024512  0.00455327 0.00459696 0.00471651 0.00534054]
[0.00146003 0.00334719 0.00391179 0.00457687 0.00710935 0.0083724 ]
[0.00178777 0.00479116 0.00561203 0.00562196 0.010148   0.01084051]
[0.00253807 0.00374082 0.00487127 0.00612721 0.00620055 0.00756285]
[0.00155747 0.00255798 0.00523278 0.00590892 0.00668408 0.007595  ]
[0.00168684 0.00219166 0.00416887 0.00636045 0.00662156 0.00716409]
[0.00212846 0.00307291 0.00337741 0.00363703 0.00407881 0.00626842]
[0.0020776  0.0071938  0.007452   0.00808316 0.00915292 0.00985707]
[0.00254949 0.00472365 0.00701324 0.0071647  0.00755629 0.00812133]
[0.0030783  0.00500938 0.00557008 0.00653051 0.00739065 0.00776687]
[0.0014123  0.00293618 0.00716507 0.0092471  0.01077536 0.01133184]
[0.00187307 0.00288411 0.00341525 0.00348814 0.00429632 0.00721126]
[0.00152921 0.00234703 0.00362671 0.0078687  0.00833338 0.00881507]
[0.00241028 0.00404681 0.00632479 0.00806594 0.01028129 0.01117422]
[0.00203551 0.00239044 0.00782164 0.0108916  0.01132663 0.01136208]
[0.00285855 0.00366003 0.00639163 0.00761145 0.00795569 0.0084196 ]
[0.00302376 0.00443953 0.00476148 0.00756678 0.01135065 0.01242465]
[0.0032539  0.00569328 0.00695434 0.01207743 0.01451748 0.01551112]
[0.00344093 0.00582839 0.0072317  0.0104425  0.01141259 0.01335658]
[0.00214372 0.00795659 0.00893948 0.0093677  0.01127716 0.01167565]
[0.00273453 0.00448205 0.00721558 0.00818745 0.00836872 0.01056861]
[0.00332195 0.0063711  0.00870981 0.01092629 0.01296766 0.01350661]
[0.00345473 0.00594108 0.00679284 0.00776187 0.00791977 0.01015542]
[0.00288208 0.00316653 0.0049685  0.01137944 0.01148792 0.01155256]
[0.00495158 0.00684528 0.00689474 0.00790505 0.00805138 0.00880708]
[0.00192609 0.00418335 0.00531909 0.00594764 0.00611236 0.00905627]
[0.00197197 0.0068307  0.00684337 0.00695071 0.00703807 0.00721594]
[0.0033815  0.00555386 0.00743325 0.00974881 0.01094478 0.01207347]
[0.00123419 0.00248239 0.00328196 0.00400381 0.00441612 0.00504336]
[0.00217269 0.00429139 0.00543934 0.00712708 0.0076072  0.00818039]
[0.00433255 0.00732888 0.00836852 0.00978246 0.01030518 0.010537  ]
[0.00238161 0.0043463  0.00450783 0.00843777 0.0085628  0.00935063]
[0.00120432 0.00187114 0.00525885 0.00575776 0.00588331 0.00609666]
[0.00215282 0.00483618 0.00490523 0.00568674 0.00680859 0.00693112]
[0.00209752 0.00386372 0.00489224 0.00570977 0.00807773 0.00835404]
[0.00255618 0.0046537  0.00490942 0.00561308 0.0060223  0.00644267]
[0.00388272 0.00595953 0.00636428 0.00952605 0.01000546 0.01024234]
[0.00322774 0.00813253 0.00822806 0.00896958 0.00951415 0.01108347]
[0.00341312 0.00718803 0.0079537  0.00895406 0.00963038 0.01026013]
[0.00235731 0.00515165 0.00595165 0.00962214 0.01051327 0.01138134]
[0.00158842 0.00451572 0.0061693  0.00677276 0.00682248 0.00726065]
[0.00323255 0.00344463 0.0035863  0.0046035  0.00632717 0.00651188]
[0.00220917 0.0056934  0.0091141  0.00962364 0.00981274 0.00997848]
[0.00496569 0.00505275 0.00596795 0.00734049 0.00750596 0.0077399 ]
[0.00485471 0.00539351 0.00614686 0.00652972 0.00663749 0.00689672]
[0.00500864 0.00520138 0.00787184 0.00814433 0.01224639 0.01235538]
[0.00266135 0.00303279 0.00519205 0.00566597 0.00578151 0.00736837]
[0.00242592 0.00322327 0.00511838 0.00534535 0.00594723 0.00624895]
[0.00149316 0.001819   0.00465714 0.00492408 0.00555035 0.00804693]
[0.00526131 0.00540643 0.00603025 0.00762319 0.00809157 0.00878782]
[0.002189   0.00355006 0.00585919 0.00630525 0.00809928 0.01026331]
[0.00526869 0.00619069 0.00634884 0.00759275 0.00766479 0.00857236]
[0.00358232 0.00432325 0.00603071 0.00734507 0.00781185 0.00820085]
[0.0046377  0.00689689 0.00801794 0.00911639 0.00914754 0.0097852 ]
[0.0035035  0.00392411 0.00450911 0.00465233 0.00575869 0.00834998]
[0.00395089 0.00477165 0.00636515 0.00706444 0.00726348 0.00786944]
[0.00294205 0.00916819 0.01157017 0.01417948 0.01500253 0.01688499]
[0.00279466 0.00353974 0.00417061 0.00562852 0.00905123 0.00917756]
[0.00288646 0.00748966 0.00786904 0.00947918 0.00956548 0.01104817]
[0.00455447 0.00527769 0.00797741 0.00843717 0.00915997 0.01034325]
[0.00145084 0.00267141 0.0042074  0.00598432 0.00717095 0.0087656 ]
[0.00299005 0.00357949 0.00444537 0.00471515 0.00482805 0.00504757]
[0.00310734 0.00618051 0.00736697 0.0077925  0.00997742 0.01001402]
[0.00266935 0.00315291 0.00405355 0.00480333 0.00603589 0.0073084 ]
[0.00126875 0.00269667 0.00311715 0.0046529  0.00863982 0.01251455]
[0.00212037 0.00339014 0.00375943 0.00592278 0.00755263 0.00884989]
[0.00346861 0.00503664 0.00727332 0.00732315 0.00872316 0.00906004]
[0.00190477 0.00399519 0.00546054 0.00548725 0.00770859 0.00938704]
[0.00347735 0.00496801 0.0078093  0.00975757 0.01057691 0.01201867]
[0.00444729 0.00474472 0.00553141 0.00657559 0.00804897 0.00814687]
[0.00255392 0.00357422 0.00426647 0.00500063 0.00556758 0.0057189 ]
[0.00371784 0.00401884 0.00429571 0.0067097  0.00776831 0.00865302]
[0.00471404 0.00542216 0.00717293 0.00855054 0.01080621 0.01115511]
[0.00592583 0.00632804 0.00678118 0.0069805  0.00850231 0.00965237]
[0.00436199 0.00664986 0.00704953 0.00709321 0.00813453 0.00856107]
[0.00175083 0.00442354 0.00505447 0.00547016 0.00593221 0.00640656]
[0.00271159 0.00386771 0.00498742 0.00844443 0.00938198 0.0101998 ]
[0.00170199 0.00258845 0.00528144 0.00817499 0.01031187 0.01040855]
[0.002041   0.00328439 0.00511183 0.00577222 0.00686797 0.00879386]
[0.00477895 0.00550283 0.00784963 0.00881309 0.00991172 0.01129235]
[0.00411012 0.00474162 0.00590428 0.00616382 0.00699476 0.00726248]
[0.00165632 0.0023501  0.00394866 0.00570085 0.00652046 0.0073602 ]
[0.00336968 0.00497803 0.00542352 0.00624393 0.00732515 0.0075131 ]
[0.00316465 0.00547099 0.00608531 0.00670368 0.00674346 0.00776647]
[0.00382901 0.00432805 0.00630433 0.00671525 0.00879751 0.00898907]
[0.00400311 0.0084967  0.00868938 0.00945415 0.00982226 0.00984238]
[0.00407768 0.00464069 0.00817856 0.00837171 0.00860799 0.00887191]
[0.00572927 0.00685429 0.00870951 0.00903597 0.01156712 0.01328938]
[0.00340547 0.00516322 0.00557599 0.00659795 0.00765681 0.01128832]
[0.00230203 0.00303255 0.00688359 0.00858434 0.00869692 0.00961393]
[0.00252124 0.00441703 0.0057881  0.00635268 0.00951088 0.0103095 ]
[0.00239493 0.00430036 0.00597175 0.00721879 0.00770459 0.00817064]
[0.00288814 0.00784777 0.00957201 0.01048094 0.01125565 0.01195937]
[0.00582561 0.00854338 0.0092958  0.01052769 0.01082298 0.01138775]
[0.00460732 0.00479114 0.00675548 0.00681913 0.0077367  0.00805789]
[0.00527608 0.00714394 0.00834405 0.00867661 0.00938489 0.01092119]
[0.00427222 0.0065908  0.00713    0.00887442 0.00992403 0.00994642]
[0.00393815 0.00472057 0.00682822 0.00932061 0.00936327 0.01043218]
[0.00495034 0.00696861 0.00833379 0.00927844 0.01106911 0.01133828]
[0.00310431 0.00543794 0.00562211 0.00878714 0.00909873 0.00980589]
[0.00511971 0.00521096 0.01081217 0.01117731 0.01184711 0.01242188]
[0.00577325 0.00668054 0.00773599 0.00798044 0.0081196  0.00834105]
[0.00503303 0.00563993 0.00586316 0.00629922 0.00644684 0.006647  ]
[0.00352762 0.00540206 0.00580279 0.00767004 0.00862753 0.00899909]
[0.00432352 0.00712949 0.00876415 0.00913082 0.010438   0.01088062]
[0.00338883 0.00977984 0.01192379 0.01264405 0.01280428 0.01309699]
[0.00357128 0.00694697 0.01325821 0.01338552 0.01360936 0.01559114]
[0.00399403 0.00490764 0.00595797 0.01525664 0.01734398 0.01804947]
[0.00442882 0.00968315 0.01296231 0.01866234 0.01913806 0.02003574]
[0.00433944 0.00881758 0.01510271 0.01615941 0.01651024 0.02051357]
[0.00177624 0.00333903 0.00639512 0.009112   0.01152066 0.01338496]
[0.00421625 0.00608395 0.00721055 0.0100272  0.01194807 0.01330529]
[0.005369   0.0055336  0.00756169 0.00861469 0.01047855 0.01168009]
[0.00237556 0.0092481  0.0112573  0.01137323 0.01314215 0.01384266]
[0.00326462 0.00831137 0.0084097  0.01328704 0.01482781 0.01565713]
[0.0032073  0.0117704  0.0138073  0.01514118 0.01710371 0.02177175]
[0.0019361  0.01428734 0.01766501 0.01876502 0.02016835 0.02216057]
[0.00220119 0.00689868 0.01097784 0.0114209  0.01236421 0.01675741]
[0.00179986 0.00648255 0.00755778 0.00836242 0.00980559 0.01116587]
[0.00102524 0.00723651 0.01417042 0.01502917 0.01536423 0.01640623]
[0.00219514 0.00891373 0.00961763 0.0102259  0.01616157 0.01891139]
[0.00297961 0.00521922 0.00984065 0.01051602 0.01200247 0.01218783]
[0.00172613 0.00281825 0.00422472 0.00611321 0.00645415 0.00726449]
[0.00172844 0.00239042 0.00481928 0.00706156 0.00889711 0.01083478]
[0.00296126 0.00431608 0.00887174 0.01009131 0.01077827 0.01251418]
[0.00379062 0.00929645 0.01393908 0.01439349 0.0156467  0.01643417]
[0.00229621 0.00368068 0.01162855 0.01424896 0.01617471 0.01738471]
[0.00478838 0.00641383 0.00706084 0.00943524 0.01268435 0.01335739]
[0.00653951 0.00684736 0.00763023 0.0082974  0.008611   0.0087551 ]
[0.0024578  0.00340336 0.00377091 0.00398426 0.00399692 0.0046744 ]
[0.00562928 0.00726367 0.00790505 0.01017932 0.0106156  0.01072375]
[0.003262   0.00348837 0.00431471 0.00622595 0.00638602 0.00696918]
[0.00326025 0.00685952 0.00690367 0.00757427 0.00880747 0.0094591 ]
None
[0.00375001 0.00593078 0.00628069 0.00645243 0.00755278 0.00795361]
[0.00280059 0.00330488 0.00590222 0.00690495 0.00723511 0.00736003]
[0.00277159 0.00682791 0.00704158 0.0074205  0.0074641  0.00970419]
[0.00303356 0.00589014 0.0067581  0.00721941 0.0074514  0.0104458 ]
[0.00433168 0.00487233 0.00856124 0.00905537 0.01006064 0.01137192]
[0.00227808 0.00567531 0.00880595 0.01099991 0.01145008 0.0122972 ]
[0.00269351 0.00345028 0.00509086 0.0099617  0.01169004 0.01305164]
[0.00213735 0.00251818 0.0029829  0.0039658  0.01016    0.01067684]
[0.00318136 0.0090128  0.01298426 0.01304893 0.01417815 0.01757147]
[0.0056271  0.00576215 0.01193616 0.01372338 0.01471673 0.01474352]
[0.00322569 0.00448323 0.00589087 0.01174177 0.01204986 0.01206309]
[0.00237788 0.0051573  0.00575775 0.00693609 0.00840776 0.00888282]
[0.00388243 0.00962458 0.01026514 0.01099462 0.01331966 0.01382606]
[0.0032081  0.00573168 0.01142727 0.01260553 0.01302598 0.01421812]
[0.00208514 0.00583848 0.00617384 0.00694195 0.00739236 0.00870655]
[0.00294468 0.00353176 0.00388084 0.00864804 0.00990031 0.01116962]
[0.00214465 0.00294632 0.00886664 0.01181064 0.01205077 0.01304919]
[0.00240906 0.00614497 0.00814078 0.00831488 0.0087614  0.01063797]
[0.0025618  0.00942251 0.01104717 0.01195419 0.011995   0.0122577 ]
[0.00212171 0.00745177 0.009349   0.01228053 0.01234042 0.01353707]
[0.00208472 0.00658344 0.00768415 0.007737   0.00783719 0.0087896 ]
[0.00237722 0.00708829 0.00750541 0.00797772 0.00923756 0.01085661]
[0.00472297 0.00892222 0.0091785  0.01352206 0.01389596 0.0144597 ]
[0.00369891 0.00831501 0.01019625 0.01142008 0.01205097 0.01279923]
[0.00255315 0.00531421 0.00830996 0.00911789 0.00948444 0.01252419]
[0.00339236 0.00696088 0.01085061 0.01120307 0.01145611 0.012584  ]
[0.00211528 0.00703246 0.00786635 0.01137588 0.01214563 0.01225268]
[0.00264021 0.01087019 0.01126407 0.01133066 0.01134956 0.01197366]
[0.00263205 0.00368291 0.00627439 0.01276839 0.01463232 0.01508406]
[0.00402753 0.00588845 0.00805359 0.01065522 0.01095875 0.01117298]
[0.00490498 0.00530768 0.00903698 0.01040311 0.01072972 0.0116579 ]
[0.0025956  0.00397286 0.00814471 0.01075335 0.01142285 0.01251965]
[0.0021039  0.00444151 0.00824865 0.00937363 0.01134277 0.01165683]
[0.00276644 0.00517095 0.00560656 0.00762695 0.00884779 0.01031631]
[0.00273641 0.0033607  0.00435751 0.00948956 0.01222092 0.01223752]
[0.0046543  0.00877976 0.01000976 0.01042032 0.01042509 0.01142322]
[0.00224607 0.00396858 0.00420166 0.00560472 0.0092986  0.01494953]
[0.00326493 0.00807939 0.00927968 0.01204264 0.01314467 0.01328167]
[0.00367411 0.0069864  0.00786453 0.00955172 0.01019933 0.0104504 ]
[0.00387728 0.00827575 0.00952332 0.01000029 0.0127567  0.0147893 ]
[0.00294359 0.00304469 0.00811573 0.00873971 0.01079775 0.01100384]
[0.00185173 0.0045084  0.0063651  0.00698976 0.00776172 0.00811359]
[0.00432064 0.00614119 0.00904132 0.01251617 0.01618555 0.01634394]
[0.00822336 0.00909897 0.01029233 0.01417164 0.01533977 0.01611295]
[0.00553345 0.00585584 0.00773307 0.00913101 0.00950667 0.01102765]
[0.00395198 0.01508544 0.01596911 0.01616489 0.01712472 0.01750295]
[0.00372586 0.006813   0.00726533 0.00871035 0.01095475 0.01178881]
[0.00375149 0.00672716 0.00678116 0.01262207 0.01287413 0.01385639]
[0.0030614  0.00741232 0.0089882  0.0092849  0.01122527 0.01166685]
[0.00297337 0.00654436 0.00855364 0.00993456 0.01365909 0.01657046]
[0.00388886 0.00773811 0.00814106 0.00822539 0.00837412 0.01165081]
[0.00469322 0.00739335 0.01239047 0.01304694 0.0143526  0.01807672]
[0.00244523 0.00823908 0.01031242 0.01048754 0.01050357 0.01323679]
[0.00435711 0.00886259 0.01019272 0.01096526 0.012508   0.01461294]
[0.00340708 0.00834986 0.01024902 0.01110179 0.01193706 0.01211604]
[0.00300628 0.0072362  0.00758685 0.00914799 0.01037517 0.01178425]
[0.00261641 0.00784392 0.00920521 0.01083104 0.01460369 0.0160839 ]
[0.00174969 0.00458212 0.00751919 0.01165384 0.01275038 0.01834126]
[0.00510066 0.01173097 0.01241604 0.01561173 0.01672404 0.01799482]
[0.00252952 0.01028997 0.01101697 0.01553624 0.0172816  0.01730172]
[0.00438226 0.00494077 0.01252405 0.01425179 0.01458957 0.0157507 ]
[0.00276614 0.00658227 0.00694118 0.00845263 0.00990407 0.01145391]
[0.00183941 0.0026652  0.0120297  0.01291595 0.01351063 0.01503533]
[0.00275347 0.0074696  0.00817174 0.01019731 0.01181744 0.0121788 ]
[0.00457245 0.0051067  0.00802633 0.00979003 0.01022251 0.01052862]
[0.00472068 0.0056545  0.00851721 0.01050008 0.01080232 0.01134908]
[0.00235646 0.00346275 0.00656105 0.01038143 0.01053705 0.01122681]
[0.00384491 0.00604473 0.00785804 0.00905579 0.01005219 0.01215426]
[0.0025368  0.00567187 0.00573033 0.0102665  0.01256057 0.01276343]
[0.00222294 0.00418344 0.01407788 0.01522774 0.01566795 0.0167094 ]
[0.00207137 0.0041388  0.00714306 0.00882357 0.01100608 0.01250671]
[0.00291399 0.00644113 0.00698435 0.01071221 0.01091029 0.01288567]
[0.00294567 0.00348696 0.00584904 0.00654284 0.00881738 0.01094189]
[0.00193289 0.00994179 0.01019971 0.01033512 0.01166675 0.01280714]
[0.00292649 0.00369303 0.00630129 0.0078057  0.00832236 0.00861478]
[0.00229389 0.00639465 0.00652164 0.00862995 0.01389651 0.01469787]
[0.00177434 0.00585964 0.01026154 0.01083041 0.01297357 0.01306024]
[0.00150206 0.00219239 0.00806593 0.00933343 0.01060657 0.01090532]
[0.00286602 0.00497186 0.00521389 0.00550176 0.00749173 0.00842288]
[0.00200389 0.00425187 0.0064873  0.00934231 0.0100438  0.01054901]
[0.00261902 0.00420978 0.00608595 0.01077947 0.01128809 0.01284705]
[0.0030922  0.00587815 0.00621421 0.0095126  0.01112472 0.01124384]
[0.00246209 0.00283503 0.00566279 0.00735563 0.00796531 0.00930535]
[0.00193844 0.00328379 0.00345295 0.00660475 0.00827758 0.0104563 ]
[0.00203151 0.00232481 0.00730836 0.00750273 0.01033433 0.01042325]
[0.00213634 0.00651669 0.00679594 0.00684424 0.00752621 0.00833385]
[0.00354816 0.00836818 0.00889053 0.00901643 0.01079614 0.01183906]
[0.0043454  0.00631749 0.00912536 0.0102054  0.01055444 0.0108892 ]
[0.00267948 0.00432295 0.00552528 0.00651228 0.00780117 0.008289  ]
[0.00239129 0.00274637 0.00498781 0.0051677  0.00628808 0.00966029]
[0.00373958 0.00554146 0.00744413 0.00772392 0.00791682 0.00932029]
[0.00126417 0.00202288 0.00475514 0.00589382 0.00654489 0.00844597]
[0.00101812 0.00367991 0.00377294 0.00568948 0.00587109 0.00790533]
[0.00204848 0.00714497 0.00768302 0.0102715  0.01173539 0.01200185]
[0.00272702 0.00715939 0.00924829 0.00936115 0.01123393 0.01321406]
[0.004062   0.00487486 0.00576592 0.00611757 0.00639948 0.00746537]
[0.00340578 0.00399082 0.00930655 0.01060264 0.01132599 0.01152064]
[0.00177219 0.00420584 0.00484775 0.00604165 0.00759249 0.00796948]
[0.00145065 0.00388489 0.00412815 0.00705727 0.00723633 0.00780521]
[0.00173951 0.00298767 0.00487091 0.00554029 0.0067226  0.00753607]
[0.00199884 0.00387682 0.00469887 0.00533038 0.00550128 0.00579568]
[0.00171118 0.00338046 0.00351544 0.00389591 0.0054967  0.00638574]
[0.00253719 0.00449049 0.00682498 0.00827399 0.01035243 0.01045014]
[0.00240762 0.00266256 0.00414557 0.00446135 0.00703665 0.00856004]
[0.00172307 0.00240849 0.00749179 0.0075358  0.00829475 0.00919142]
[0.00173473 0.00422903 0.00666698 0.00700055 0.00774624 0.00788064]
[0.00226044 0.00522201 0.0064042  0.00710057 0.00873179 0.00996814]
[0.00159808 0.00213003 0.00621816 0.00711585 0.00732238 0.0078973 ]
[0.00306332 0.00358415 0.00805414 0.00915198 0.00987035 0.01051209]
[0.00151962 0.00251588 0.00391807 0.00612902 0.00632393 0.00669067]
[0.00179271 0.00267158 0.00509721 0.00724889 0.00895396 0.01033928]
[0.00247772 0.00295771 0.0044131  0.00662174 0.00709731 0.00719439]
[0.00218072 0.00229277 0.00584784 0.00856985 0.00860677 0.00917561]
[0.00252882 0.00368133 0.01040503 0.01049111 0.01065097 0.01227679]
[0.00317742 0.00443974 0.00637923 0.00800512 0.01055463 0.01199378]
[0.00339284 0.00545793 0.00609745 0.00640273 0.00775596 0.00915028]
[0.00215561 0.00300164 0.00606991 0.00669896 0.00771618 0.00783369]
[0.00226574 0.00571352 0.00760513 0.0081951  0.00956068 0.01180926]
[0.00230578 0.00614082 0.00616021 0.00731011 0.00870208 0.00882149]
[0.00286637 0.00417137 0.00464681 0.00524091 0.00596646 0.01010357]
[0.00184424 0.00462214 0.00737651 0.00771986 0.00859637 0.00935109]
[0.00062019 0.0009163  0.00174169 0.00436964 0.00439963 0.00611204]
[0.00337732 0.00499611 0.00520274 0.00672824 0.00689865 0.008228  ]
[0.00130646 0.00319136 0.00729809 0.00824776 0.0094697  0.00982624]
[0.00246983 0.00317138 0.00539249 0.00960816 0.01032483 0.01035573]
[0.00390578 0.00555166 0.00848641 0.01001963 0.01095325 0.01289435]
[0.00121964 0.00299428 0.00339881 0.00567563 0.00745467 0.00810594]
[0.00252567 0.00865215 0.00880154 0.00992516 0.01078166 0.01145487]
