[0.00820098 0.00827682 0.00835091 0.0106504  0.01164318 0.01238798]
[0.00398063 0.00973555 0.01253789 0.01389639 0.01548004 0.01579758]
[0.01585351 0.01685819 0.01710266 0.0188428  0.01887277 0.0190954 ]
[0.01092665 0.01107295 0.01107905 0.01227968 0.01305941 0.01423696]
[0.00303052 0.00801815 0.00859782 0.00863586 0.01006229 0.01202606]
[0.00690777 0.00755311 0.00909534 0.00982774 0.0116173  0.01231231]
[0.00506078 0.01032428 0.01104617 0.01519674 0.01579528 0.01637678]
[0.00967586 0.01105446 0.01179657 0.0138986  0.01606763 0.01697583]
[0.00861937 0.0090842  0.01012151 0.0112393  0.01468351 0.01569043]
[0.01238379 0.01421516 0.01609798 0.01628681 0.01646733 0.01659   ]
[0.00840245 0.00848049 0.00952314 0.01086887 0.01116618 0.01192985]
[0.00530715 0.01038247 0.01216493 0.01264048 0.01281748 0.01414855]
[0.00708164 0.0101324  0.01159054 0.0145527  0.01560691 0.01622707]
[0.00939656 0.010626   0.01256626 0.01445428 0.01546943 0.01626738]
[0.00761254 0.0096587  0.01390463 0.01631479 0.01664514 0.01768028]
[0.00715434 0.00900525 0.00904516 0.00921623 0.01339173 0.01462761]
[0.00691293 0.01384902 0.01649566 0.01690235 0.01745637 0.01915338]
[0.00844953 0.00917403 0.01020158 0.01261621 0.01285992 0.01342585]
[0.00350175 0.00552058 0.00725443 0.00857072 0.00865762 0.00973235]
[0.00431141 0.00505381 0.00768441 0.00910394 0.01092584 0.01289504]
[0.00591701 0.01320739 0.01400382 0.01437985 0.01487053 0.0176699 ]
[0.01182387 0.01359742 0.01549806 0.01603565 0.01683337 0.01884522]
[0.00238019 0.0090961  0.00937839 0.01154714 0.01260139 0.01628915]
[0.0120895  0.01257961 0.01281883 0.01471504 0.01484589 0.01497447]
[0.00626063 0.00694323 0.00804727 0.0093962  0.00943698 0.01232558]
[0.00895099 0.009798   0.01048298 0.01126832 0.01327275 0.01591892]
[0.00528091 0.01409813 0.01464855 0.01503335 0.01834626 0.01857382]
[0.01251453 0.01537792 0.01584966 0.01589385 0.01967584 0.02111458]
[0.00887166 0.01038203 0.01273047 0.01725708 0.0173289  0.01929243]
[0.01511148 0.0158797  0.01693115 0.01695757 0.01740371 0.01978127]
[0.00483538 0.0131307  0.01373245 0.01466373 0.01611467 0.01819778]
[0.00694876 0.007533   0.00901163 0.01091667 0.0111817  0.01232645]
[0.0066024  0.01247274 0.01312127 0.01396145 0.01722339 0.01745972]
[0.01034616 0.01038028 0.01043962 0.0112636  0.011818   0.01284589]
[0.00952204 0.0134994  0.01401053 0.01490551 0.01495673 0.01597992]
[0.00468501 0.00713137 0.01118518 0.01245628 0.01268392 0.01299591]
[0.00759272 0.00926378 0.00955115 0.00979868 0.01063722 0.01094001]
[0.00291994 0.00721823 0.00860781 0.00947348 0.01106483 0.01146145]
[0.0040168  0.00694292 0.00942577 0.01313573 0.01340823 0.01476808]
[0.00867515 0.00950631 0.00964145 0.01072802 0.01256708 0.01314428]
[0.00652167 0.00697184 0.00858904 0.00934913 0.01343654 0.01377117]
[0.01148517 0.01162013 0.01200463 0.01352952 0.01460702 0.01611573]
[0.00580726 0.01147278 0.01164089 0.01237018 0.01275655 0.01279731]
[0.00748367 0.00815895 0.00834059 0.00884082 0.0097296  0.0104586 ]
[0.00285481 0.0033971  0.00615054 0.00617098 0.01017119 0.01085869]
[0.00107092 0.00315209 0.00397838 0.00695065 0.00901146 0.00985843]
[0.00280576 0.00434455 0.00492601 0.00715292 0.00761835 0.00948592]
[0.00511471 0.00783213 0.00836946 0.01117782 0.01148675 0.01156428]
[0.00260094 0.00884054 0.01011721 0.01136287 0.01199077 0.01323269]
[0.00209148 0.00349808 0.00836365 0.01041553 0.01287564 0.01340188]
[0.00428929 0.00686131 0.01476683 0.01516732 0.01614148 0.01759988]
[0.00975194 0.00979184 0.01239249 0.01250013 0.01728914 0.01765853]
[0.0068981  0.0096183  0.01312037 0.01385525 0.01605724 0.0163892 ]
[0.00242446 0.0038913  0.00494687 0.00755938 0.00832929 0.00900566]
[0.00185004 0.00920864 0.00961326 0.01002038 0.01416232 0.0146332 ]
[0.00559206 0.00901662 0.01189063 0.01296843 0.01347605 0.01388855]
[0.0133127  0.0136666  0.01389336 0.01396918 0.0163955  0.01765059]
[0.00196912 0.00413712 0.01018374 0.01079435 0.01081653 0.01158209]
[0.00545377 0.00814588 0.00967805 0.0116563  0.0141231  0.01583267]
[0.00637971 0.00937176 0.01364214 0.01468007 0.01675255 0.01679911]
[0.00545623 0.00727769 0.00845869 0.00889156 0.01184347 0.01243252]
[0.00880222 0.01303944 0.01522239 0.01625155 0.0195504  0.02028142]
[0.00823557 0.01267516 0.01313668 0.01368445 0.01530296 0.01604678]
[0.00379063 0.01042196 0.01085525 0.01197517 0.0123565  0.01266843]
[0.00223982 0.01262926 0.0150236  0.01814183 0.01987324 0.01998046]
[0.00344642 0.00969825 0.01778724 0.01821527 0.02404516 0.02482787]
[0.00796802 0.01200041 0.01325072 0.0135399  0.01359248 0.01695162]
[0.00570687 0.01400489 0.01471325 0.01683956 0.01722543 0.01813169]
[0.00461094 0.00759501 0.00934928 0.01676125 0.01830221 0.01886229]
[0.00204377 0.00309502 0.00974555 0.01084844 0.01175559 0.01721725]
[0.00136033 0.00467591 0.00919692 0.01325172 0.01409327 0.01460209]
[0.01015378 0.01086598 0.01303088 0.01474144 0.01559832 0.01591459]
[0.00622631 0.00864597 0.0093571  0.01156434 0.01803183 0.01817238]
[0.00336929 0.00848166 0.00943494 0.00964809 0.01167155 0.0117504 ]
[0.00468362 0.00541111 0.00780276 0.00828259 0.00851885 0.00868353]
[0.00322998 0.00431736 0.0077348  0.00856961 0.00958413 0.01009896]
[0.0063785  0.00781967 0.00797463 0.00825527 0.00949667 0.01035837]
[0.00402236 0.00699924 0.0106803  0.01173805 0.01359601 0.01488515]
[0.00746974 0.00788978 0.00807844 0.00828915 0.00940096 0.00984642]
[0.00487777 0.00574416 0.00658386 0.00689447 0.00738444 0.00770751]
[0.00138923 0.00182198 0.00248576 0.00264022 0.00309534 0.00353241]
[0.00243065 0.00324893 0.00499755 0.0053625  0.00562596 0.00566465]
[0.00138298 0.00383003 0.00405814 0.00592702 0.00627475 0.00701134]
[0.00343041 0.00345067 0.00423174 0.00462714 0.00503967 0.00514834]
[0.00130402 0.0045558  0.0059253  0.00593045 0.00625904 0.00692124]
[0.00412051 0.00414629 0.00612035 0.00727499 0.00851527 0.00996075]
[0.00727668 0.00814882 0.0085043  0.0096423  0.00978568 0.0100894 ]
[0.00262565 0.0041108  0.00441477 0.00557348 0.00559165 0.00699602]
[0.0008732  0.00168397 0.00219465 0.0035186  0.00358254 0.00374582]
[0.00350437 0.00429877 0.00519821 0.00537556 0.00621208 0.00658397]
[0.00359901 0.00383987 0.00429187 0.00511223 0.00541514 0.00584082]
[0.00342381 0.00406809 0.00597413 0.00611615 0.00627004 0.0064037 ]
[0.00419318 0.0062035  0.00687848 0.00748178 0.00759752 0.00796749]
[0.00162222 0.00189397 0.00416046 0.00454513 0.00502578 0.00578866]
[0.0039885  0.00432452 0.00548343 0.00587688 0.00602594 0.00608504]
[0.00283331 0.00333176 0.00351613 0.00438836 0.0044902  0.00454961]
[0.00148132 0.00230367 0.00465164 0.00647757 0.00677468 0.00694472]
[0.00081727 0.0032289  0.00551614 0.00574244 0.00602797 0.00629769]
[0.00332709 0.005217   0.00661713 0.00758572 0.00792293 0.0080688 ]
[0.00222639 0.00350469 0.00447683 0.00461092 0.00671601 0.00738292]
[0.00418468 0.00430195 0.00621194 0.0075032  0.00752543 0.00791695]
[0.00786    0.00834329 0.00883291 0.00930209 0.00958334 0.0109367 ]
[0.00142588 0.00208373 0.00247077 0.00260774 0.003374   0.00408311]
[0.00178671 0.00273636 0.0039085  0.00418187 0.00490591 0.00521361]
[0.00452202 0.00535151 0.00650278 0.00660969 0.00697698 0.007293  ]
[0.00232304 0.00541652 0.00676595 0.00726382 0.00758477 0.00924125]
[0.00122124 0.0042604  0.0052793  0.00615581 0.00629257 0.00670135]
[0.00370578 0.00394462 0.00668015 0.00922872 0.00950251 0.00968753]
[0.00351663 0.00492179 0.00522721 0.00524816 0.00528866 0.00570743]
[0.00142665 0.00271673 0.00568095 0.00695633 0.00721773 0.00724811]
[0.00312679 0.0036934  0.005876   0.00687303 0.00716622 0.0074295 ]
[0.00219504 0.00357171 0.00472245 0.00562794 0.00586293 0.00601907]
[0.00169225 0.00504825 0.00541746 0.00572293 0.0059708  0.0073255 ]
[0.00328646 0.00479748 0.00512386 0.00644563 0.00688917 0.00702151]
[0.00648191 0.0105844  0.01175294 0.01201078 0.01226023 0.01343404]
[0.00296601 0.00517359 0.00664075 0.00717445 0.00720531 0.00891067]
[0.00328644 0.00424028 0.00470882 0.00546788 0.00582813 0.0063006 ]
[0.00108911 0.00583833 0.00624904 0.00739526 0.00745384 0.0075947 ]
[0.00248369 0.00462025 0.00660837 0.00698042 0.00890185 0.00927076]
[0.00109412 0.00492454 0.00613635 0.00674009 0.00864577 0.00898935]
[0.00234529 0.00324068 0.00369527 0.00587915 0.00621294 0.00635802]
[0.00191645 0.00455668 0.00698334 0.00800897 0.00992926 0.01013612]
[0.00445943 0.00633121 0.00634461 0.00860469 0.00867863 0.00949775]
[0.00130337 0.00268158 0.0045711  0.00811086 0.00918599 0.00918748]
[0.00196213 0.00329446 0.00508168 0.00545594 0.00556135 0.00572526]
[0.00306016 0.00383836 0.00483373 0.00493578 0.00559542 0.00793367]
[0.00338237 0.00571542 0.00637076 0.00859795 0.00885238 0.00972854]
[0.00138235 0.00244738 0.00360522 0.00707368 0.00835756 0.0091158 ]
[0.0010779  0.00136008 0.00623073 0.00766143 0.00813538 0.00872378]
[0.00165799 0.00716907 0.00729189 0.00737053 0.00806683 0.00832305]
[0.00161326 0.00326901 0.00369282 0.00390178 0.0040375  0.0043294 ]
[0.00253258 0.00348687 0.00373639 0.00423496 0.00673815 0.00698012]
[0.00286864 0.00343072 0.00386263 0.0039086  0.00602528 0.00617546]
[0.00357634 0.0036578  0.00400885 0.00593313 0.00654509 0.00721021]
[0.00259461 0.00266964 0.004758   0.00641381 0.00664698 0.00886037]
[0.00603721 0.00695758 0.00719771 0.00727954 0.00774404 0.00776123]
[0.00405217 0.00636555 0.00826205 0.0083108  0.00852598 0.00894966]
[0.00284452 0.00470987 0.00700523 0.00731465 0.00798798 0.00834084]
[0.00235019 0.00329465 0.00508123 0.00564074 0.00605873 0.00609811]
[0.00346472 0.00393203 0.00584751 0.00683717 0.00805325 0.00839109]
[0.00187016 0.0063546  0.00637341 0.00651723 0.00733881 0.00769956]
[0.00487174 0.00506833 0.00553277 0.0065916  0.00757283 0.00847413]
[0.00328032 0.00425765 0.00513027 0.007116   0.00743864 0.00974117]
[0.00583411 0.00673819 0.00733458 0.00885385 0.01029749 0.0106418 ]
[0.00310126 0.00520844 0.00703931 0.00746287 0.00879722 0.00906898]
[0.00273943 0.00349593 0.0056077  0.0056747  0.00606819 0.00641218]
[0.00722473 0.00804861 0.00910792 0.01168251 0.01216834 0.01323361]
[0.00365669 0.0043649  0.00443072 0.00478367 0.00636225 0.00673493]
[0.00475679 0.00571086 0.00611253 0.0104959  0.01116155 0.01159068]
[0.00272324 0.0033931  0.00560244 0.00585243 0.00705409 0.00736735]
[0.00575374 0.00902489 0.00967457 0.01242858 0.01261115 0.01357133]
[0.00144659 0.00375254 0.00550169 0.00723914 0.00796597 0.00798502]
[0.00472206 0.00505106 0.00509986 0.00551926 0.00758336 0.00868597]
[0.00271373 0.0079891  0.01096446 0.01098116 0.01108995 0.0113767 ]
[0.0012731  0.00601333 0.00604199 0.00633542 0.00673292 0.00736805]
[0.00476833 0.00520761 0.00559949 0.00586856 0.00709732 0.00715156]
[0.00157231 0.00601188 0.00694493 0.00759881 0.0093076  0.01091753]
[0.00351236 0.00400741 0.00484808 0.00667144 0.00688071 0.00693304]
[0.00352476 0.00723019 0.00758882 0.00765829 0.00780001 0.00804422]
[0.00501527 0.00564768 0.00702526 0.00769809 0.00802917 0.00897697]
[0.00245068 0.00507504 0.00536481 0.0068634  0.00711667 0.00720487]
[0.00337128 0.00596204 0.00645773 0.00846388 0.00874227 0.01073173]
[0.00649417 0.00783735 0.00797766 0.00801585 0.00920759 0.00952414]
[0.00212953 0.00408487 0.00462784 0.00667927 0.00826395 0.00942151]
[0.00166399 0.00277326 0.00533085 0.0066477  0.00712553 0.00785923]
[0.00571207 0.00751813 0.00818159 0.00942062 0.01095941 0.01226117]
[0.00664525 0.00690353 0.00748984 0.00843862 0.01093334 0.01096494]
[0.00317412 0.00407371 0.00472015 0.0057744  0.00749797 0.00816044]
[0.00196518 0.00212485 0.00262481 0.00312574 0.00314531 0.00439235]
[0.00229761 0.00504684 0.00623858 0.0062561  0.0070826  0.0080108 ]
[0.00188396 0.00584786 0.00702697 0.00800126 0.00963109 0.00982176]
[0.00552051 0.00944429 0.00956223 0.01066948 0.01098619 0.01105709]
[0.00220626 0.00318476 0.00581726 0.00598376 0.00732739 0.00994223]
[0.0039356  0.00538601 0.00597213 0.00794026 0.01000623 0.01106443]
[0.00255762 0.0039633  0.00744063 0.00806987 0.00842979 0.0091605 ]
[0.0027399  0.005188   0.00656143 0.00759068 0.00833126 0.00900237]
[0.00339164 0.00879841 0.00908255 0.0092087  0.00925485 0.01082513]
[0.00443075 0.00870627 0.01120141 0.01153192 0.0117249  0.0117602 ]
[0.00331636 0.00408002 0.00551714 0.00583082 0.00586395 0.00623501]
[0.00456876 0.00464651 0.00466898 0.00626468 0.00675912 0.00723067]
[0.00322576 0.00341364 0.00468992 0.00519354 0.00541687 0.00669361]
[0.0038126  0.0069074  0.00707653 0.00769865 0.00798581 0.00860649]
[0.00368533 0.0055997  0.00580898 0.0058282  0.00607318 0.00629275]
[0.00496248 0.00554954 0.00622378 0.00667019 0.00698418 0.00704233]
[0.00807204 0.0082272  0.00892306 0.00904499 0.00906591 0.00910077]
[0.00123648 0.00135496 0.00223967 0.00234257 0.0036995  0.00431625]
[0.00020057 0.00131548 0.00257109 0.00279611 0.00586646 0.00709295]
[0.00178211 0.00391978 0.00490689 0.00593862 0.00612224 0.00672175]
[0.00183714 0.00406029 0.00435222 0.0069337  0.00771774 0.00783397]
[0.00438551 0.00577254 0.00603843 0.0067953  0.00899964 0.01013068]
[0.0024046  0.00402004 0.00461817 0.00471694 0.00534749 0.00614082]
[0.00276005 0.00279023 0.00375733 0.00416673 0.005398   0.00736869]
[0.00632976 0.00932682 0.01007953 0.01150025 0.01164917 0.01219821]
[0.00625236 0.00639575 0.00836842 0.00860152 0.00915747 0.00975567]
[0.00366853 0.00536301 0.00542905 0.00707094 0.00785939 0.00797532]
[0.00517796 0.00638316 0.00768088 0.00906009 0.00934307 0.00991815]
[0.00703395 0.01077078 0.01291454 0.01361767 0.01379864 0.01456828]
[0.0053766  0.00871137 0.01186616 0.01311513 0.01354001 0.01404359]
[0.00607281 0.0089979  0.01030394 0.01231962 0.01286579 0.01291041]
[0.00823362 0.00847716 0.01011443 0.01464622 0.01550837 0.01574032]
[0.00490865 0.00647913 0.00673686 0.00726699 0.0076225  0.00911135]
[0.00354287 0.00640488 0.00675842 0.00735775 0.00885449 0.00951644]
[0.00322798 0.00394193 0.00468455 0.00699156 0.00819981 0.00830025]
[0.00510697 0.00592551 0.00648606 0.00796437 0.00880042 0.00889888]
[0.0055002  0.00778384 0.00833239 0.00856182 0.00860952 0.00880589]
[0.00716795 0.0082452  0.01112313 0.01139567 0.01172121 0.01235492]
[0.00312419 0.0062977  0.0063415  0.00704021 0.00875203 0.01121161]
[0.00425794 0.00634505 0.0074866  0.00881125 0.00882595 0.0122478 ]
[0.00503994 0.00574656 0.00587028 0.009138   0.01028748 0.01037943]
[0.00488324 0.01022664 0.01048434 0.0117815  0.01214948 0.01227436]
[0.01384606 0.01398494 0.01567378 0.01969196 0.02048857 0.02125222]
[0.01343921 0.01477161 0.01727978 0.01960912 0.01997958 0.02196546]
[0.01431001 0.0164396  0.02112339 0.02154226 0.02226924 0.02308956]
[0.01083629 0.01980905 0.02047044 0.02093344 0.02156482 0.02320767]
[0.01092062 0.01417858 0.01554524 0.01620684 0.02168724 0.0235894 ]
[0.00822735 0.00942098 0.0101617  0.01135642 0.01257843 0.01313832]
[0.00787519 0.01022951 0.01092191 0.01290112 0.01301758 0.0166602 ]
[0.00472341 0.00873865 0.0194742  0.02080745 0.02089224 0.02095587]
[0.00185436 0.01705101 0.01933352 0.02108515 0.02113241 0.02544378]
[0.01433523 0.01673489 0.01741558 0.01903693 0.02004386 0.02078127]
[0.00760517 0.0085292  0.00942345 0.0102216  0.01318773 0.01499195]
[0.00735714 0.01054871 0.01086535 0.01473865 0.01561491 0.01684646]
[0.00974897 0.01139265 0.01576143 0.01744455 0.01802977 0.02253646]
[0.00867189 0.01366098 0.01433093 0.01656113 0.01763738 0.01811112]
[0.01043677 0.01208001 0.01270343 0.01411605 0.01462825 0.01850952]
[0.00855922 0.00857807 0.01083539 0.01737271 0.01740227 0.01778969]
[0.00852527 0.01199222 0.01588403 0.01642025 0.01734411 0.01854272]
[0.01091864 0.01713552 0.01990856 0.01996529 0.02083943 0.0245969 ]
[0.01143196 0.02229822 0.02277228 0.02281254 0.02305579 0.02375775]
[0.00422715 0.01406688 0.01409334 0.01475084 0.01485596 0.01909   ]
[0.00936003 0.01102316 0.01199042 0.01365253 0.01532108 0.0164742 ]
[0.00551574 0.00985557 0.01062777 0.01528763 0.01701681 0.01828188]
[0.00507017 0.00622156 0.00690813 0.00862347 0.00871354 0.00915316]
[0.00952113 0.01069096 0.01077609 0.01088882 0.01227922 0.01229454]
[0.0070524  0.0072962  0.00769606 0.00865871 0.00891887 0.00895116]
[0.00452884 0.00739988 0.00883857 0.00967647 0.00997518 0.01206299]
[0.00430987 0.00810428 0.008233   0.00895812 0.00925238 0.01007693]
None
[0.00394388 0.00729667 0.00901599 0.00903126 0.01046257 0.01089253]
[0.00263598 0.00480053 0.00540598 0.00604119 0.00686766 0.00838697]
[0.00334369 0.00603833 0.00753065 0.00809519 0.01053711 0.01109761]
[0.000649   0.00690969 0.00701315 0.0070569  0.00901645 0.00919418]
[0.00923553 0.00931213 0.00944129 0.01098699 0.01120746 0.01144583]
[0.00629172 0.00795316 0.01016549 0.01396029 0.01462246 0.01763827]
[0.00507106 0.00651123 0.00803235 0.00995158 0.01002778 0.01053614]
[0.00884294 0.0106534  0.01076524 0.0112547  0.0114011  0.01233724]
[0.0123885  0.01271441 0.01273768 0.01554585 0.01590804 0.01650185]
[0.00691826 0.00802417 0.01007308 0.01032826 0.0119553  0.01232304]
[0.00731594 0.01069885 0.01087453 0.01366811 0.01371506 0.01425767]
[0.00454011 0.00732882 0.00779304 0.00904227 0.01009489 0.01023287]
[0.0091264  0.01159935 0.01290112 0.0132036  0.01442795 0.01473292]
[0.00713317 0.01041464 0.01297232 0.01381353 0.01385874 0.01459934]
[0.01111677 0.01130536 0.01147816 0.0117775  0.01192277 0.01320778]
[0.00778558 0.00877409 0.00939023 0.01024111 0.01081612 0.01176581]
[0.0114667  0.01187608 0.01225723 0.01449781 0.01472096 0.01675693]
[0.00845292 0.0100188  0.01119834 0.01227152 0.01419621 0.01443803]
[0.00419408 0.00677261 0.00745713 0.00950924 0.00979001 0.01062937]
[0.00480829 0.00579706 0.00711838 0.00741733 0.00744211 0.00781684]
[0.01037518 0.01100504 0.01251439 0.01381409 0.01612475 0.01635871]
[0.00432062 0.00853542 0.00897611 0.01079011 0.01089641 0.01175448]
[0.00369999 0.00700172 0.00754516 0.00929145 0.01244454 0.01361318]
[0.00774492 0.00938962 0.01097399 0.01099291 0.01166631 0.01247584]
[0.00883717 0.01015021 0.01276091 0.01336586 0.01400141 0.01428358]
[0.00380971 0.0059464  0.00727173 0.00780935 0.00800945 0.00905851]
[0.00515189 0.00750306 0.00960232 0.01190465 0.01303221 0.01387507]
[0.00520993 0.00904655 0.00966299 0.01031107 0.01175884 0.01189254]
[0.00986583 0.01042569 0.01275428 0.01342375 0.01373055 0.01517008]
[0.00574159 0.00766228 0.00867144 0.00875308 0.0122253  0.01407948]
[0.00590043 0.00688795 0.01206235 0.01258571 0.01262125 0.01271304]
[0.00820102 0.00825187 0.01057112 0.01111006 0.01161113 0.01341398]
[0.00528272 0.0059064  0.01069867 0.01171298 0.01191188 0.01264485]
[0.00013399 0.00720507 0.00747505 0.00858915 0.00887497 0.00958507]
[0.00658907 0.00807058 0.00893177 0.00992431 0.01103676 0.01331626]
[0.00024129 0.00359511 0.0074109  0.01114893 0.01125095 0.01277016]
[0.0045576  0.00660011 0.0069227  0.00949206 0.01097892 0.01355756]
[0.00773076 0.01035112 0.01126123 0.01292335 0.01318802 0.0157959 ]
[0.00530658 0.00565376 0.00752337 0.00828546 0.01157092 0.01276609]
[0.00374567 0.00442011 0.00478981 0.00563663 0.0082057  0.00861914]
[0.0099626  0.01389388 0.01509812 0.01586195 0.0175972  0.01770241]
[0.00551397 0.01163511 0.01329365 0.01509453 0.01557351 0.01661211]
[0.00529055 0.00706522 0.00823484 0.01028421 0.0113703  0.01203832]
[0.00754959 0.01001588 0.01130761 0.01229152 0.0140469  0.01477362]
[0.00780036 0.00819428 0.01014263 0.01183376 0.01221072 0.01404114]
[0.00839211 0.01114038 0.01172582 0.01233155 0.01348352 0.01458313]
[0.00514179 0.00706164 0.00743668 0.00844485 0.01045995 0.01135636]
[0.00957454 0.01213428 0.01374269 0.01405038 0.01469221 0.01492853]
[0.00574063 0.00836861 0.00937511 0.00955468 0.01038842 0.01089053]
[0.00954341 0.01296961 0.01301295 0.01498426 0.01594933 0.01606985]
[0.01033656 0.01303351 0.01534596 0.01628868 0.01635077 0.01656575]
[0.00678174 0.01073689 0.01279671 0.01345538 0.01358502 0.0147954 ]
[0.0062655  0.00793978 0.01028622 0.01069754 0.0114717  0.01495617]
[0.00898212 0.01187269 0.01274246 0.01466574 0.01527558 0.01654386]
[0.00668871 0.01126132 0.01255718 0.01305707 0.01524214 0.01603191]
[0.00838712 0.01236341 0.01378679 0.01383373 0.01539058 0.01542666]
[0.01168489 0.01324505 0.01330192 0.01407323 0.01528006 0.01689377]
[0.01155299 0.01245141 0.01256921 0.01408673 0.01554334 0.01811292]
[0.00397411 0.00976145 0.01070986 0.01688031 0.01734676 0.01911993]
[0.0030935  0.0066033  0.01001328 0.01175707 0.01299023 0.01548724]
[0.00823327 0.0119532  0.01346002 0.01422329 0.01448891 0.01499515]
[0.0076751  0.00776446 0.00833008 0.00913536 0.0095024  0.0103273 ]
[0.00605778 0.00708567 0.00826585 0.01167162 0.01230977 0.01311008]
[0.00794264 0.01424563 0.01549445 0.01639004 0.01656039 0.01677227]
[0.00322589 0.00932694 0.01036241 0.01112079 0.01124125 0.01377603]
[0.00211732 0.00468939 0.01092056 0.01290439 0.01446432 0.01513141]
[0.00539178 0.00940988 0.01007477 0.01184926 0.01200955 0.01221909]
[0.00767173 0.00806434 0.00877738 0.00985114 0.01035401 0.01149088]
[0.00396589 0.00533833 0.00715944 0.00841072 0.00881173 0.00959583]
[0.00839948 0.0087048  0.01062374 0.01394593 0.01613225 0.01730218]
[0.00652387 0.00711026 0.00782742 0.00921679 0.01409735 0.01625021]
[0.00478679 0.00839593 0.00953663 0.00965111 0.00974837 0.01107532]
[0.00631827 0.00979949 0.01057951 0.01253458 0.01255985 0.01493668]
[0.00792143 0.01181087 0.01318234 0.01347046 0.01409486 0.01577277]
[0.00493074 0.00637634 0.00816336 0.00867802 0.00869447 0.00980586]
[0.00575588 0.00931005 0.00956516 0.0125568  0.01260415 0.0127027 ]
[0.00417441 0.00719721 0.00916274 0.01081998 0.01113409 0.01162092]
[0.00766074 0.00956211 0.0097138  0.01018367 0.01067924 0.01307796]
[0.00372417 0.00473407 0.00901114 0.01053713 0.01120064 0.01212968]
[0.00897944 0.01014798 0.01397001 0.01411929 0.01434243 0.01520968]
[0.00552866 0.0089537  0.00985388 0.01064036 0.01165272 0.01249853]
[0.0039791  0.00417326 0.00465289 0.00499687 0.00578953 0.00619296]
[0.00239491 0.00479112 0.0049393  0.00512842 0.00955092 0.01046055]
[0.00559425 0.00631817 0.00794271 0.00884914 0.01003055 0.01119293]
[0.00707153 0.00779504 0.00833484 0.00980259 0.01000575 0.01102991]
[0.00653053 0.00826596 0.00840468 0.00868968 0.00971573 0.01077143]
[0.00958844 0.01041743 0.01056537 0.01085043 0.01553329 0.01561866]
[0.00594168 0.00648557 0.00743355 0.0075752  0.00771834 0.00847865]
[0.00378226 0.0045887  0.00747168 0.0077264  0.00816443 0.00852514]
[0.00417359 0.00612207 0.00651054 0.00890287 0.0094295  0.01003218]
[0.00368537 0.00485005 0.0095338  0.0098337  0.01017139 0.0135313 ]
[0.00314061 0.00611853 0.00974041 0.01060129 0.01144712 0.01203583]
[0.00171855 0.00226379 0.00242134 0.00260861 0.00268781 0.00314828]
[0.00102291 0.00809833 0.00830199 0.01030216 0.01035805 0.01157517]
[0.0007753  0.0008992  0.00278753 0.00404004 0.00406936 0.00502834]
[0.00258149 0.00469597 0.00600896 0.0067888  0.00741921 0.00829208]
[0.0051416  0.00518849 0.00521115 0.0065335  0.00742368 0.01025095]
[0.00108844 0.00664135 0.00677439 0.00790828 0.00920639 0.00973021]
[0.00174961 0.00496671 0.00509584 0.00539612 0.00610289 0.00698475]
[0.00535584 0.00787386 0.00892996 0.00898899 0.00948023 0.00974985]
[0.00088414 0.00416088 0.00635882 0.00667036 0.00770821 0.00952972]
[0.00292121 0.00352094 0.00426723 0.00830992 0.00858958 0.00882481]
[0.00224343 0.00431953 0.00743934 0.00814833 0.00899643 0.01127296]
[0.00536931 0.00622873 0.00892221 0.00901606 0.01042472 0.01095033]
[0.00160765 0.00270555 0.00435183 0.00804419 0.00846653 0.00931124]
[0.0018339  0.00281229 0.00448685 0.00569994 0.00621644 0.00657909]
[0.00298883 0.0073102  0.00746399 0.00792383 0.00802678 0.0080715 ]
[0.00248786 0.00549703 0.00605101 0.00636397 0.00646953 0.00873801]
[0.00133032 0.00234473 0.00427729 0.00447977 0.00576606 0.00692277]
[0.00048382 0.00313326 0.00592175 0.00732623 0.00763591 0.00773322]
[0.00407395 0.00483071 0.00732823 0.00755411 0.00802894 0.00804839]
[0.00707144 0.00819532 0.00847996 0.00897105 0.00903554 0.00962034]
[0.00213025 0.00343099 0.00369459 0.00402341 0.0051473  0.0063832 ]
[0.00079323 0.00089517 0.00127151 0.00137539 0.00197039 0.0025147 ]
[0.00068598 0.00308192 0.00667487 0.00853062 0.01083699 0.011936  ]
[0.00181811 0.00672563 0.00708325 0.00786808 0.00803279 0.00859795]
[0.00172665 0.00533368 0.00570906 0.00597386 0.00643942 0.00651485]
[0.00381709 0.00416828 0.00640934 0.00773641 0.00822756 0.00933296]
[0.00556073 0.0097815  0.00991954 0.01123139 0.01153207 0.01182563]
[0.00637637 0.00905557 0.01125163 0.01213559 0.01239459 0.01282573]
[0.00569961 0.00814126 0.00834316 0.00940642 0.0098043  0.00987016]
[0.00053653 0.00124484 0.0022044  0.00259746 0.003212   0.00392696]
[0.00183546 0.00212636 0.00281425 0.00555228 0.00591915 0.00714263]
[0.00686778 0.00732735 0.00749228 0.00841903 0.00884461 0.00941716]
[0.0035554  0.00463533 0.00744945 0.00767253 0.00866374 0.00877581]
[0.00479561 0.00530689 0.00962713 0.00975042 0.01163439 0.01191644]
[0.00140203 0.00738144 0.00820363 0.00946125 0.00948951 0.01134868]
[0.00263704 0.00533326 0.01019086 0.01079374 0.01089101 0.01093325]
