[0.00565813 0.01037032 0.01080489 0.01089535 0.01171121 0.01174082]
[0.00604362 0.00767691 0.00861591 0.0087973  0.01463132 0.01609389]
[0.00859024 0.00950061 0.01039464 0.01042385 0.01415922 0.01444894]
[0.00784084 0.00975123 0.00984761 0.01224851 0.01242719 0.01252767]
[0.00612187 0.00809519 0.009249   0.00946757 0.00964865 0.00978109]
[0.00405058 0.00564338 0.00765414 0.00811222 0.00850584 0.0126899 ]
[0.00535125 0.00783093 0.01402136 0.01534146 0.0163516  0.01735755]
[0.01004872 0.01206472 0.01394949 0.01437619 0.01513364 0.01811787]
[0.00795892 0.01127368 0.01128616 0.01443243 0.01498631 0.01624164]
[0.01321646 0.01370758 0.01398565 0.01436847 0.0150618  0.01678253]
[0.0080348  0.0106183  0.01568314 0.01587922 0.01607407 0.01833382]
[0.00334971 0.00616693 0.00804269 0.00873052 0.00938456 0.01034127]
[0.01041196 0.01187005 0.0119261  0.0128789  0.01469511 0.01574865]
[0.00971972 0.01189873 0.01256923 0.01261815 0.01387659 0.01397603]
[0.01157035 0.01354281 0.01437532 0.01521437 0.01535823 0.01706245]
[0.0097803  0.01263329 0.0148717  0.01645292 0.01747376 0.01753712]
[0.00824772 0.00939145 0.01118464 0.01277072 0.01335355 0.01343703]
[0.01052409 0.01150057 0.01336154 0.01341668 0.01482218 0.01548709]
[0.00528688 0.00743853 0.0081741  0.00851271 0.00885181 0.01015726]
[0.00591259 0.00710781 0.00940721 0.01061512 0.0107879  0.01388556]
[0.00314514 0.00520868 0.00976278 0.01082862 0.01165693 0.01349684]
[0.0087359  0.01064557 0.01268091 0.01331759 0.01498504 0.01529689]
[0.00764462 0.00918334 0.0109518  0.01154188 0.01230238 0.01610623]
[0.00454491 0.00942826 0.01197771 0.01247246 0.012664   0.01364768]
[0.00086199 0.0056564  0.00787207 0.00894112 0.01171997 0.01271134]
[0.0033087  0.00638882 0.00655555 0.01090444 0.01113574 0.01114207]
[0.00659222 0.00779022 0.00860722 0.00907788 0.01184812 0.01277408]
[0.00582191 0.006874   0.00747826 0.01023055 0.01110461 0.01614881]
[0.01100079 0.01215761 0.01427696 0.01573707 0.01651529 0.01871976]
[0.00600145 0.00878237 0.0108202  0.01241533 0.01468959 0.01499145]
[0.00714824 0.00802078 0.01002971 0.0109639  0.01114493 0.01377274]
[0.00730042 0.00818324 0.00840439 0.00978762 0.0101109  0.01017084]
[0.00516514 0.00745944 0.00970001 0.00976425 0.01009978 0.01144762]
[0.00938245 0.01047063 0.01097082 0.01110806 0.01208972 0.01262882]
[0.00832032 0.00954241 0.00999344 0.0110629  0.01159322 0.01305892]
[0.00797282 0.00855882 0.01011049 0.01295128 0.01336418 0.01344394]
[0.00434533 0.00691755 0.00822888 0.01060489 0.01193444 0.01220385]
[0.00665418 0.00872075 0.01077134 0.01152573 0.01181538 0.01352095]
[0.00638466 0.00725872 0.00767742 0.01022745 0.0108737  0.01099789]
[0.00673058 0.00735159 0.00864523 0.00875386 0.00894831 0.00917317]
[0.00719667 0.01286982 0.01455948 0.01567972 0.01632019 0.01738948]
[0.01132618 0.01297991 0.01429827 0.01491631 0.01508978 0.01530367]
[0.01385127 0.01628573 0.01637167 0.01667446 0.01855767 0.01900845]
[0.00508412 0.00683927 0.00870767 0.01022734 0.01113804 0.01273706]
[0.00644687 0.00683286 0.00746736 0.00861615 0.01028031 0.01062073]
[0.00428468 0.00712413 0.00782634 0.00928199 0.01066921 0.01101832]
[0.00257365 0.00824844 0.00932462 0.00979027 0.01079564 0.01156879]
[0.0037386  0.00478486 0.00786305 0.00890457 0.01053367 0.01057414]
[0.00168294 0.00724259 0.01251461 0.01256357 0.01319913 0.01370254]
[0.00518616 0.00769242 0.0081367  0.00853904 0.01026473 0.01133975]
[0.00532906 0.00997976 0.01065327 0.01202029 0.01228501 0.01257497]
[0.00248901 0.00649594 0.00666232 0.00672695 0.00673361 0.007098  ]
[0.00870428 0.0104113  0.01086953 0.01181599 0.01183283 0.01239678]
[0.00808367 0.01221385 0.01237395 0.01301765 0.0136159  0.01452926]
[0.00740395 0.01297862 0.0144028  0.0160308  0.01691635 0.01825406]
[0.0018124  0.00811401 0.00856743 0.00892716 0.01101663 0.01307621]
[0.00063847 0.00335782 0.00433095 0.00606487 0.00614925 0.0117451 ]
[0.00323412 0.00388085 0.00513324 0.00901189 0.01261224 0.01315654]
[0.00821591 0.00966835 0.01021147 0.01073267 0.01167361 0.01470083]
[0.00607798 0.01012205 0.01054216 0.01286039 0.01435244 0.01459814]
[0.00610784 0.00636235 0.00642    0.00868434 0.00898987 0.00901662]
[0.00681525 0.00886318 0.01018983 0.01218731 0.01314251 0.01690656]
[0.00751116 0.00943442 0.01289964 0.01462104 0.01865218 0.02144806]
[0.01167586 0.01231341 0.01692475 0.01694006 0.0186224  0.0190372 ]
[0.00512289 0.00586762 0.00962897 0.01001863 0.01148025 0.01176802]
[0.00784503 0.00903985 0.00977005 0.0099985  0.01061067 0.01216851]
[0.00361408 0.00502222 0.00569441 0.00896709 0.00910692 0.01002547]
[0.00273056 0.003642   0.00473414 0.00565569 0.00573946 0.00881969]
[0.0042154  0.00541429 0.00632284 0.00696163 0.00752851 0.00864958]
[0.00519573 0.00824018 0.00904716 0.01041206 0.01125096 0.01157852]
[0.00429319 0.01094806 0.01127623 0.01128341 0.01142331 0.0118788 ]
[0.00701673 0.00845928 0.00874421 0.00973903 0.0112834  0.0123985 ]
[0.00152866 0.00661268 0.00663626 0.00730253 0.00940468 0.01007499]
[0.00821097 0.00828304 0.00829181 0.0087477  0.00876103 0.0096289 ]
[0.00325479 0.004796   0.00506638 0.005811   0.00620858 0.00687392]
[0.00464449 0.00559815 0.00805423 0.0086872  0.00938768 0.01005743]
[0.00391397 0.00486937 0.00588623 0.00642558 0.00659371 0.00685924]
[0.00398771 0.00837861 0.00860881 0.00945032 0.01098912 0.01115451]
[0.00740294 0.00826512 0.01035035 0.01073306 0.01142461 0.01183921]
[0.00371503 0.00460321 0.00478959 0.00698838 0.00870439 0.00966095]
[0.0012464  0.00198172 0.00201444 0.00262823 0.00315384 0.00334206]
[0.00161885 0.00317446 0.00362532 0.00479549 0.00536429 0.00559139]
[0.00178748 0.0041627  0.00459298 0.0049049  0.00496142 0.00723671]
[0.00386211 0.00528699 0.0062035  0.00672315 0.0068355  0.00694533]
[0.00155382 0.00254532 0.00542066 0.00631008 0.00644017 0.00647017]
[0.00304924 0.0070944  0.00751925 0.00859487 0.00863364 0.00989137]
[0.00468121 0.00489526 0.00546455 0.00556789 0.00731213 0.00774553]
[0.00247797 0.0042683  0.00460394 0.00704093 0.0070971  0.00720147]
[0.00303736 0.00538069 0.0055221  0.00553725 0.00564523 0.0058338 ]
[0.0042669  0.00503931 0.00508935 0.00526307 0.0057809  0.0060623 ]
[0.00543676 0.00549535 0.00588421 0.00706919 0.00721026 0.00721742]
[0.00437072 0.00539281 0.00560533 0.00685754 0.00759957 0.00814109]
[0.0055541  0.00782291 0.00788037 0.00808781 0.00851675 0.00896568]
[0.00403148 0.00463702 0.00631673 0.00645184 0.00687431 0.0073543 ]
[0.00249093 0.00426571 0.00493334 0.00565431 0.00597545 0.00634612]
[0.00362288 0.00377343 0.00513129 0.0058066  0.0058127  0.00731648]
[0.00298431 0.00371634 0.00561877 0.00576105 0.00654739 0.00664532]
[0.00664771 0.00681047 0.00707256 0.00755414 0.00792    0.00799867]
[0.00329825 0.004305   0.004673   0.00508079 0.00537424 0.0058299 ]
[0.00191814 0.00763065 0.0077381  0.00794263 0.00832368 0.00846988]
[0.00484652 0.00582919 0.00614055 0.0062438  0.00639835 0.00743954]
[0.00615573 0.00622162 0.00668038 0.00964552 0.00966274 0.01070128]
[0.00314274 0.0052424  0.00532922 0.00536742 0.00546339 0.00554825]
[0.00325073 0.00444194 0.00466019 0.0051795  0.00522076 0.0066864 ]
[0.00307994 0.00490124 0.00592079 0.00696157 0.00742589 0.00773612]
[0.00230074 0.00235557 0.00261404 0.00374922 0.00423237 0.00425822]
[0.00424265 0.00538622 0.00548129 0.0056302  0.00604877 0.00622574]
[0.00451282 0.00498905 0.00639173 0.00673302 0.00712569 0.00857022]
[0.00397058 0.00399717 0.00411391 0.00425553 0.00462899 0.00556175]
[0.0037514  0.00388926 0.00527626 0.00563281 0.00590956 0.00606878]
[0.00269403 0.00445722 0.00518436 0.00530184 0.00555993 0.00573048]
[0.00273264 0.00374039 0.00420064 0.00638946 0.00714938 0.00723959]
[0.00236322 0.00430221 0.00435514 0.00490174 0.00597711 0.00706132]
[0.00299398 0.00466764 0.00529179 0.00603651 0.00605042 0.00637068]
[0.00144345 0.00464778 0.00542964 0.00567395 0.00569526 0.00753951]
[0.00366186 0.00559776 0.00629644 0.00640435 0.00640862 0.00649716]
[0.00331394 0.00424002 0.00507078 0.00598171 0.00604703 0.0063792 ]
[0.00353648 0.00380739 0.00437037 0.00492906 0.00530108 0.00600993]
[0.00274249 0.00361175 0.00528682 0.00606312 0.00766408 0.00779335]
[0.00496973 0.00500238 0.0055492  0.00603648 0.00637505 0.00639958]
[0.00081871 0.00105462 0.00328603 0.00475572 0.00593421 0.00602686]
[0.00569592 0.00573613 0.00613322 0.00654485 0.00662164 0.00815154]
[0.0038447  0.00625942 0.00816912 0.00880072 0.008806   0.01001588]
[0.00476234 0.0052265  0.00708677 0.00709472 0.00715879 0.00808032]
[0.00375715 0.00469401 0.00512502 0.00621231 0.00640196 0.00662207]
[0.00249311 0.00494186 0.00589217 0.00597213 0.00657256 0.00725584]
[0.00380887 0.00403094 0.00427464 0.00570202 0.00591582 0.00597634]
[0.00314628 0.00580025 0.00613558 0.00663093 0.00671479 0.00685221]
[0.00180961 0.0020463  0.00290861 0.00418867 0.00462639 0.00523006]
[0.00272643 0.00364362 0.00372213 0.00388517 0.00603031 0.00613329]
[0.00365588 0.00424131 0.00540334 0.00569057 0.0060469  0.00691623]
[0.00169676 0.00259724 0.00479439 0.0048061  0.00548636 0.00550966]
[0.00395332 0.004054   0.00446679 0.00660102 0.00664569 0.00727578]
[0.00421977 0.00483163 0.00493621 0.0051939  0.00562474 0.00567452]
[0.00214441 0.00375752 0.00418965 0.0045834  0.00463964 0.00470026]
[0.00167153 0.0038443  0.00431596 0.00443107 0.00453051 0.00458228]
[0.00340159 0.00364167 0.00426176 0.00523247 0.00533554 0.00539714]
[0.00229984 0.0025802  0.00319753 0.00372529 0.00464097 0.00470296]
[0.00308623 0.00357095 0.00490702 0.00555695 0.00592965 0.00597165]
[0.0036612  0.00415577 0.00443931 0.00577576 0.00709173 0.00715779]
[0.0029067  0.00292381 0.00342746 0.00362772 0.00441682 0.00457938]
[0.00198353 0.00340497 0.00506961 0.00522527 0.00528251 0.00620195]
[0.00453749 0.00512831 0.00551979 0.00597859 0.00621131 0.00628322]
[0.00316098 0.00385323 0.00463616 0.00526315 0.0059122  0.00617597]
[0.00543537 0.00602398 0.00761319 0.00801892 0.00826374 0.00827041]
[0.00225004 0.00230157 0.00295712 0.00316883 0.00364462 0.00419596]
[0.00328773 0.00384302 0.00499994 0.00519401 0.00540442 0.00548741]
[0.00234512 0.00355963 0.0040142  0.00451397 0.00512975 0.00530438]
[0.00471303 0.00516082 0.00546347 0.00694722 0.00782574 0.00793575]
[0.00227989 0.00368119 0.00391583 0.00430587 0.00545551 0.0056241 ]
[0.00356476 0.00461622 0.00468461 0.00567721 0.00623499 0.00637016]
[0.00378172 0.00384172 0.00448126 0.00451029 0.00605227 0.00613648]
[0.00392562 0.00443565 0.00523019 0.00601053 0.00608423 0.00640604]
[0.00478355 0.00670356 0.00708684 0.00728123 0.00764317 0.00765691]
[0.00409591 0.00474934 0.0058895  0.00597081 0.0061236  0.00626344]
[0.00339179 0.00353699 0.00361814 0.00418264 0.00535501 0.00580742]
[0.00571732 0.00667175 0.00717619 0.00840841 0.00858813 0.00869081]
[0.00348818 0.00349318 0.00430614 0.00470995 0.0052029  0.0057486 ]
[0.0033714  0.00488098 0.00507806 0.00593627 0.00611936 0.00661679]
[0.00325561 0.0050629  0.00676927 0.00727499 0.00823643 0.00826379]
[0.0020222  0.0051406  0.00524213 0.00677672 0.00741201 0.00811317]
[0.00336592 0.00372177 0.00436253 0.0046523  0.00516245 0.00532675]
[0.00207941 0.00343013 0.00541035 0.00604682 0.00610542 0.00664513]
[0.00455903 0.00470746 0.0057978  0.00613848 0.0067462  0.0068129 ]
[0.001241   0.00556692 0.00564784 0.0059499  0.00636478 0.00668932]
[0.00492749 0.00593002 0.00642666 0.00697091 0.00763772 0.00778579]
[0.00326336 0.00329225 0.00541979 0.00626949 0.0067596  0.00682307]
[0.00188369 0.00242007 0.00377823 0.00413762 0.00436676 0.00445212]
[0.00301482 0.00390031 0.00406799 0.00412019 0.00451802 0.00462151]
[0.0025321  0.00435124 0.00492797 0.00578268 0.00611034 0.00630698]
[0.00618309 0.00742714 0.00773663 0.00843855 0.00905644 0.00932799]
[0.00647003 0.00797283 0.00907049 0.00917983 0.00937205 0.01007407]
[0.00518967 0.00548438 0.00556393 0.00586064 0.00749436 0.00796441]
[0.00201331 0.00268677 0.00419554 0.0046978  0.00618388 0.0064838 ]
[0.00401069 0.00469924 0.00474926 0.00591428 0.00608277 0.0064498 ]
[0.00506217 0.00567809 0.00569747 0.00611418 0.00650893 0.00744298]
[0.00265188 0.00422181 0.00466034 0.00537804 0.00564408 0.00753539]
[0.00343953 0.00453986 0.00552103 0.00674504 0.00763759 0.00782875]
[0.00245315 0.00347375 0.0035612  0.00449376 0.00485868 0.00557866]
[0.00526774 0.00608714 0.00641404 0.00656331 0.00760843 0.0078298 ]
[0.00285114 0.00365802 0.00553928 0.00570558 0.00600418 0.00651044]
[0.003307   0.00337147 0.00537632 0.00776928 0.00836515 0.00843023]
[0.00113974 0.00443842 0.00476996 0.00537152 0.00583783 0.00685817]
[0.00345649 0.00352484 0.00428311 0.00513669 0.00759985 0.00780345]
[0.00195987 0.00242745 0.00297287 0.00414345 0.00500662 0.00549151]
[0.00292388 0.00363775 0.00383674 0.00647792 0.00667566 0.00685868]
[0.00212239 0.00334907 0.00493917 0.00506075 0.00514936 0.00579231]
[0.00740421 0.00806888 0.00933251 0.00936995 0.00941187 0.01069672]
[0.00529796 0.00590784 0.00592079 0.00624331 0.00648283 0.00848839]
[0.00318188 0.00690251 0.00744143 0.00857961 0.00896963 0.00934889]
[0.00433073 0.00472708 0.0051045  0.00620973 0.00720432 0.00752151]
[0.00323248 0.00439069 0.00570462 0.00607508 0.00631006 0.00694211]
[0.00334749 0.00356947 0.00504125 0.00558524 0.00560859 0.00639162]
[0.00661589 0.00674776 0.00841786 0.00871501 0.00958167 0.01006625]
[0.00324861 0.00444683 0.00503614 0.00586169 0.00786799 0.00811182]
[0.00209455 0.00305205 0.00471095 0.0062062  0.00864961 0.00901215]
[0.00417889 0.00460623 0.00548886 0.00581286 0.00815556 0.0084655 ]
[0.00599084 0.00840767 0.00889674 0.00938396 0.01058497 0.01118018]
[0.00278796 0.00434859 0.00502895 0.00578956 0.00677589 0.00684506]
[0.00384373 0.003995   0.00402104 0.00637103 0.00681196 0.00732339]
[0.0010333  0.00493919 0.0056865  0.00581256 0.00601943 0.00618547]
[0.00384905 0.00596804 0.0060691  0.00631307 0.00638481 0.00659503]
[0.00405503 0.00414055 0.00417114 0.00436353 0.00482052 0.00616191]
[0.00238503 0.00509233 0.00733383 0.00736614 0.00784197 0.00854153]
[0.00436052 0.00480051 0.00509366 0.00543802 0.00563913 0.0072102 ]
[0.00220195 0.00346147 0.00654234 0.00809785 0.00811072 0.00814849]
[0.00428402 0.00471501 0.00598213 0.00601122 0.00634521 0.00666283]
[0.00413938 0.00428742 0.00461214 0.00528451 0.00537291 0.00545498]
[0.00203545 0.00352291 0.00658408 0.00750771 0.00765559 0.0082357 ]
[0.00052092 0.0034914  0.00530411 0.00539638 0.00628932 0.00641109]
[0.00786192 0.0105759  0.01197715 0.01241636 0.01423306 0.01840869]
[0.00874877 0.01260799 0.01270512 0.01340365 0.01516425 0.01746261]
[0.0106365  0.01090578 0.0113271  0.01282338 0.01604547 0.01645088]
[0.00558878 0.00602256 0.01271839 0.01329391 0.01707062 0.01707762]
[0.00303358 0.00401618 0.00557217 0.00648638 0.00728974 0.00837006]
[0.00694205 0.00905676 0.00969051 0.01003209 0.01136426 0.01184922]
[0.00762889 0.00786386 0.00852742 0.00899819 0.00915781 0.01063759]
[0.0043624  0.01027033 0.0103446  0.01338363 0.01544293 0.01645653]
[0.00174923 0.00858517 0.009638   0.00970216 0.01188841 0.01331122]
[0.00147718 0.00409896 0.00416594 0.00788346 0.00976242 0.01018493]
[0.0110399  0.01206301 0.01276981 0.01710562 0.02010315 0.02120661]
[0.00304663 0.00975902 0.0115813  0.01160983 0.01298584 0.01406503]
[0.00590895 0.00673998 0.00799412 0.00839367 0.01001552 0.01199044]
[0.00474543 0.00961971 0.009828   0.01044849 0.01051071 0.01162837]
[0.00870662 0.01024526 0.01055476 0.01228275 0.01267147 0.01369091]
[0.00578071 0.00960509 0.01027366 0.01098332 0.01109168 0.01346683]
[0.00822957 0.0085692  0.01004769 0.01306187 0.01424109 0.01461105]
[0.00349659 0.00881746 0.00899544 0.01204643 0.01438359 0.01484486]
[0.00286063 0.00478672 0.00909875 0.01059974 0.01103061 0.01148585]
[0.00130193 0.00433238 0.00845289 0.00866544 0.01062771 0.01087639]
[0.00547851 0.01278191 0.01557464 0.01589042 0.01712522 0.01735192]
[0.00610606 0.01097829 0.01116017 0.01440094 0.01536592 0.01637828]
[0.00782559 0.00875544 0.00947711 0.00965437 0.01024011 0.01130315]
[0.00460155 0.00679201 0.00698553 0.00870951 0.0087713  0.00940982]
[0.00416958 0.00438822 0.00520708 0.0084394  0.00870109 0.00890034]
[0.0032022  0.00373621 0.00520049 0.00526512 0.00612523 0.00617315]
[0.00301403 0.00302892 0.00538907 0.00613769 0.00677831 0.00686257]
None
[0.0035338  0.00360767 0.00568734 0.00591182 0.00600268 0.00626186]
[0.00296499 0.00422006 0.00430023 0.00460227 0.00472431 0.00476522]
[0.00427912 0.00556883 0.0059128  0.00682723 0.00720854 0.00746372]
[0.0037079  0.00423843 0.00497726 0.00499346 0.00680135 0.00686887]
[0.00434851 0.00559323 0.00586879 0.00757871 0.00783787 0.00785994]
[0.0097667  0.00986948 0.01058477 0.01193051 0.01205992 0.01246896]
[0.00688519 0.00880203 0.01018579 0.0101966  0.01081071 0.01170777]
[0.00986199 0.01083159 0.0110418  0.01181888 0.01187133 0.01291313]
[0.00766004 0.01014873 0.0124918  0.01317992 0.01462746 0.0152647 ]
[0.01003655 0.01080809 0.0121654  0.01475043 0.015159   0.0163458 ]
[0.00359039 0.0080456  0.00884519 0.00986107 0.01195222 0.01214556]
[0.00791288 0.00907659 0.00962073 0.00993672 0.00994793 0.01054103]
[0.00521631 0.00541239 0.00589655 0.00796038 0.00819705 0.009306  ]
[0.00584011 0.00731357 0.00806703 0.00959498 0.01107275 0.01155601]
[0.00820687 0.00950935 0.0098522  0.00986016 0.01055265 0.01217402]
[0.00568714 0.00770186 0.0083082  0.00895013 0.01000023 0.01305272]
[0.00934175 0.01205562 0.01263005 0.01295508 0.01360685 0.01372444]
[0.00617073 0.00657293 0.00895413 0.01003897 0.01030388 0.01078922]
[0.00852049 0.00880401 0.01147244 0.01154924 0.01222167 0.01237264]
[0.00500918 0.00880309 0.00889541 0.01102719 0.01169382 0.01333919]
[0.00727015 0.00819013 0.00942237 0.01038465 0.01074342 0.0113118 ]
[0.00681695 0.0081385  0.00866835 0.01003959 0.01175742 0.0121082 ]
[0.00597552 0.0063814  0.00861965 0.01001564 0.01020595 0.01041071]
[0.00563415 0.00566453 0.00595013 0.00595742 0.00629082 0.0070339 ]
[0.01016833 0.01061514 0.01292273 0.01325065 0.01355677 0.01386349]
[0.00842809 0.00856624 0.00865138 0.00895894 0.00950196 0.00966226]
[0.00779322 0.00881287 0.00893747 0.0091055  0.00927201 0.00943375]
[0.00753279 0.00823614 0.00844372 0.00854679 0.00876534 0.00880564]
[0.00756012 0.00783071 0.00821835 0.0083317  0.00939934 0.00955283]
[0.00494883 0.00753847 0.00976973 0.00995552 0.01008829 0.01019992]
[0.00828731 0.01092423 0.01119116 0.01163156 0.01166087 0.01303536]
[0.00303157 0.00478243 0.00525051 0.00557412 0.00650362 0.00990925]
[0.00491727 0.00665555 0.00697544 0.00749105 0.0080323  0.00822417]
[0.00430011 0.00509073 0.00685155 0.00786543 0.00817216 0.00820894]
[0.00737371 0.00807148 0.00859933 0.00871776 0.00914871 0.00994984]
[0.00608586 0.00676893 0.00824526 0.00889394 0.01085078 0.01094366]
[0.00332133 0.00865136 0.00875432 0.00930194 0.01123308 0.01279681]
[0.00641966 0.00693097 0.01012458 0.01165793 0.01189608 0.01212761]
[0.0080525  0.00913395 0.0097664  0.01291568 0.01316458 0.01342138]
[0.0089144  0.00972699 0.01181438 0.01253691 0.01284379 0.01291227]
[0.00348374 0.00774461 0.00873682 0.00880284 0.01062526 0.01198225]
[0.00367696 0.00679397 0.00718009 0.00762637 0.00851765 0.00886745]
[0.00906048 0.01045658 0.01221408 0.01229665 0.01287483 0.01313945]
[0.00643668 0.00735108 0.00951021 0.01239019 0.01374215 0.0143328 ]
[0.00874674 0.00884051 0.00933323 0.00990557 0.01050343 0.01070712]
[0.00542063 0.00836325 0.00936006 0.01081021 0.01175831 0.01220686]
[0.00414811 0.01030092 0.01044473 0.01088901 0.01172488 0.01183344]
[0.00646727 0.00773858 0.00781338 0.00836091 0.00860511 0.01052852]
[0.00745356 0.00826924 0.01007947 0.01086021 0.01119577 0.01176087]
[0.01228418 0.0133383  0.0141646  0.01567133 0.01652085 0.01728581]
[0.00450004 0.00886898 0.00955601 0.01288148 0.01316781 0.01537682]
[0.00624066 0.00658469 0.00721056 0.00753029 0.00981692 0.010504  ]
[0.0084615  0.01152177 0.01217323 0.01222183 0.01358779 0.01370111]
[0.00575552 0.00803944 0.00929865 0.0099772  0.01033858 0.01082471]
[0.00843144 0.00937122 0.01062629 0.01120597 0.01314486 0.01316071]
[0.00917046 0.00972172 0.01176114 0.01213074 0.0123016  0.01230688]
[0.00769166 0.00977009 0.01341048 0.01520276 0.01534526 0.01559852]
[0.00401992 0.01504084 0.01534451 0.01719604 0.01798448 0.01885446]
[0.00862553 0.00895665 0.0146908  0.01706666 0.01728162 0.01745206]
[0.00377233 0.00692278 0.00808203 0.01270874 0.01410901 0.01423363]
[0.00715448 0.00864111 0.01145362 0.01371399 0.01457799 0.01519997]
[0.00661935 0.00751297 0.00838365 0.00876165 0.00902085 0.0092289 ]
[0.00157025 0.00432911 0.00806643 0.00827227 0.00853944 0.00954564]
[0.00579839 0.00922323 0.00995957 0.01099345 0.01107892 0.01126417]
[0.00215557 0.00448434 0.00877425 0.01020579 0.01066302 0.01096417]
[0.00330053 0.00507768 0.00529141 0.00821032 0.00859473 0.00889676]
[0.00838105 0.00879    0.00899109 0.01005725 0.01081247 0.01172338]
[0.00289362 0.0075165  0.0086165  0.00894174 0.00937296 0.00941807]
[0.00644911 0.00671344 0.00764899 0.00806122 0.0086574  0.00886705]
[0.00793575 0.00979645 0.0105388  0.01226308 0.01255184 0.01394287]
[0.00559556 0.00595448 0.00615026 0.00812497 0.00953747 0.01268492]
[0.0063741  0.00714198 0.00842877 0.0088193  0.00917615 0.01136047]
[0.0087315  0.01323588 0.01389992 0.01409194 0.01472724 0.01484221]
[0.0073282  0.00873624 0.00903262 0.00913006 0.00968242 0.01107037]
[0.00490903 0.00633514 0.00673095 0.00681944 0.00858439 0.01044329]
[0.00061659 0.00503321 0.00656817 0.00800018 0.00851502 0.00911493]
[0.00566086 0.0066138  0.00708695 0.00798045 0.00821616 0.00987682]
[0.00391333 0.00486722 0.00549362 0.00563595 0.00605179 0.007133  ]
[0.00694948 0.00786765 0.00789203 0.00800269 0.00853535 0.00910771]
[0.00459065 0.00794636 0.00814738 0.00981727 0.01026614 0.01187426]
[0.00709798 0.0110543  0.01246928 0.01248341 0.01289653 0.01304264]
[0.00281954 0.00397657 0.00439512 0.00496058 0.00528639 0.00715904]
[0.00455576 0.00548823 0.00584831 0.00715719 0.00960778 0.01112116]
[0.00305355 0.0056156  0.00813826 0.00815642 0.0100756  0.01026664]
[0.00530761 0.00867077 0.00970867 0.0100716  0.01083533 0.01112513]
[0.00297895 0.00806313 0.00815558 0.00921484 0.00940892 0.00969001]
[0.00306733 0.00403916 0.00667646 0.00828445 0.00836306 0.00880787]
[0.00549617 0.00688472 0.00691457 0.00787589 0.0089286  0.00910349]
[0.00774144 0.00827024 0.00888577 0.00953681 0.009675   0.00970819]
[0.00371852 0.00584963 0.0076639  0.00930926 0.01014512 0.01025446]
[0.0066229  0.00859357 0.00995305 0.00998708 0.01021102 0.01040554]
[0.0073566  0.00785917 0.00846482 0.00859194 0.0101802  0.01022748]
[0.00290747 0.004268   0.00535188 0.00562155 0.00574014 0.00575349]
[0.00541039 0.00602621 0.00765621 0.00892332 0.00919562 0.00984159]
[0.00617838 0.00826024 0.00847559 0.00900205 0.00925823 0.01067409]
[0.00074775 0.00331598 0.00543095 0.00579444 0.00583389 0.00602312]
[0.00376866 0.00708509 0.00750854 0.0080822  0.00828581 0.00833679]
[0.0044159  0.00448932 0.00594812 0.00653568 0.00679286 0.00696732]
[0.00264934 0.0045048  0.00767019 0.00917146 0.00941409 0.01019802]
[0.00497889 0.00559383 0.0075546  0.00830531 0.00867647 0.00874815]
[0.00375048 0.00420227 0.006444   0.00694137 0.0071354  0.00735046]
[0.00553882 0.00584731 0.00618958 0.00720689 0.00727405 0.00768227]
[0.00954785 0.01092776 0.01162208 0.01171265 0.01174466 0.01294506]
[0.00606221 0.00755379 0.00916045 0.00954616 0.00968266 0.01047895]
[0.00219084 0.00352856 0.00484972 0.0068501  0.0075144  0.00861774]
[0.00447952 0.00643732 0.00657155 0.00700997 0.00713327 0.00766851]
[0.00232923 0.00276637 0.00421651 0.00640393 0.00770731 0.00834796]
[0.00503868 0.00542156 0.00775779 0.00837859 0.00867504 0.00928928]
[0.00329113 0.00357775 0.00469195 0.00588437 0.00649554 0.00848019]
[0.0031623  0.00471157 0.00790282 0.00791064 0.00889449 0.00893691]
[0.00442453 0.005276   0.00587801 0.00805091 0.00833349 0.00868103]
[0.00185879 0.00283706 0.00385199 0.00491325 0.00655764 0.00848202]
[0.00386453 0.00641307 0.00677956 0.00722005 0.00763803 0.00795185]
[0.00134193 0.00223922 0.00302561 0.00313301 0.00329492 0.00488765]
[0.00426703 0.00657226 0.00803643 0.00827047 0.01030595 0.01087145]
[0.00565947 0.0067355  0.0075035  0.0076595  0.00768482 0.00828234]
[0.00134031 0.00444676 0.00472401 0.00483046 0.00495673 0.00509136]
[0.00580376 0.00606907 0.00692837 0.00761014 0.00779374 0.00826174]
[0.00327559 0.00474495 0.00814687 0.00821187 0.01097453 0.01169627]
[0.00329895 0.00395831 0.00409345 0.00446449 0.00636872 0.00864555]
[0.0048196  0.00664396 0.0068562  0.00719884 0.00786421 0.00789653]
[0.0019895  0.00277303 0.00365206 0.00399706 0.00418956 0.00423286]
[0.00477384 0.0069106  0.00715067 0.00750186 0.00845072 0.00846401]
[0.00409458 0.00420732 0.00488767 0.00664534 0.00723496 0.00740452]
[0.00283389 0.00478494 0.00553478 0.00558147 0.00945738 0.01016826]
[0.00405833 0.00550884 0.00743942 0.00779997 0.0085742  0.0087088 ]
[0.00538332 0.00569825 0.0071354  0.00859995 0.00870098 0.00875683]
[0.0065331  0.0073294  0.00853789 0.01004967 0.01044564 0.01091296]
[0.0036056  0.00392418 0.00466791 0.0049937  0.00510924 0.00563149]
[0.00668247 0.0072459  0.0084848  0.00873897 0.00963559 0.00974407]
[0.0023923  0.00582582 0.00625666 0.00626441 0.00648645 0.0069411 ]
[0.00279504 0.00545071 0.00622092 0.0064651  0.00709369 0.0072271 ]
[0.00296867 0.00628331 0.00632888 0.00704243 0.00903491 0.00922138]
[0.00657553 0.00776301 0.00782688 0.00899966 0.00950121 0.009644  ]
[0.00406848 0.00463332 0.00557405 0.00738335 0.00900212 0.00922616]
[0.00223262 0.00411944 0.00796053 0.00904054 0.01012114 0.01050845]
[0.00324215 0.00392331 0.00492765 0.00498391 0.00842471 0.01006165]
[0.00575064 0.00685536 0.00862039 0.0096391  0.01082995 0.01155537]
[0.00487677 0.00637499 0.00642361 0.00691157 0.00697818 0.00708609]
[0.00073692 0.0056961  0.00615976 0.00646707 0.00722878 0.00815217]
[0.00402345 0.00688157 0.00799129 0.0080042  0.01046301 0.01081006]
[0.00689476 0.00689999 0.00911253 0.01032163 0.01058627 0.01096265]
[0.00194504 0.00210303 0.00420188 0.00483779 0.00761298 0.00869249]
[0.00648093 0.00708277 0.0073963  0.00760629 0.00776473 0.00835034]
[0.00244205 0.00300736 0.00308767 0.00568926 0.00645997 0.00693716]
[0.00350119 0.00771567 0.00784885 0.00850393 0.01118936 0.01144649]
[0.00917731 0.00973305 0.01136583 0.01260851 0.01271733 0.01272909]
[0.00518001 0.00546511 0.00559396 0.00704247 0.00760016 0.00811407]
[0.00582675 0.00771062 0.00904812 0.00976695 0.00986951 0.01001305]
[0.0055001  0.00847006 0.00849931 0.00958506 0.00991075 0.01046667]
[0.00599446 0.00635907 0.00636569 0.00694718 0.00750718 0.00877554]
[0.00590321 0.00611832 0.00754508 0.00769993 0.00791523 0.00800405]
[0.00727163 0.00763603 0.0085222  0.00975183 0.01133706 0.01245308]
[0.00244857 0.0052456  0.0054938  0.00577095 0.0072194  0.00743508]
[0.00188199 0.00433686 0.00511086 0.00538726 0.00574789 0.00654949]
[0.00495175 0.00615112 0.00616137 0.00636299 0.0079953  0.0084571 ]
[0.00484832 0.00503108 0.00534782 0.00627843 0.00749139 0.0076213 ]
[0.00345136 0.00413519 0.00421995 0.00524861 0.00557479 0.00599894]
[0.00297885 0.00538486 0.00604807 0.00680452 0.00697415 0.00729134]
[0.00141236 0.0021813  0.00237585 0.00283986 0.00293519 0.00295468]
[0.00346634 0.00370959 0.00423149 0.00446277 0.00558688 0.00653792]
[0.0086852  0.0087673  0.00945832 0.00963715 0.00977255 0.00994374]
[0.00159835 0.00647596 0.00855049 0.00929629 0.00942428 0.00945541]
[0.00660414 0.00714094 0.00827423 0.00856432 0.00880415 0.0091278 ]
[0.00626811 0.0073791  0.00745501 0.0075128  0.00772097 0.00957872]
[0.0033075  0.00494973 0.00530807 0.00537282 0.00597148 0.00623811]
[0.00393153 0.00544711 0.00572787 0.00864137 0.00931722 0.00990524]
[0.00426133 0.00454725 0.00586454 0.00680775 0.00712325 0.00742287]
[0.00542168 0.00590429 0.00710826 0.00749409 0.00763692 0.00841556]
[0.00647025 0.00810383 0.00868547 0.00882654 0.00913022 0.00964254]
[0.00404099 0.00423152 0.00570334 0.00880675 0.00968745 0.0097955 ]
[0.00140895 0.00511629 0.00728897 0.0080865  0.00872032 0.00926601]
[0.00312576 0.00430664 0.00531009 0.00635101 0.00667129 0.007392  ]
[0.00197095 0.00342054 0.00681145 0.00685563 0.00755066 0.00834146]
[0.00499719 0.00618987 0.00686352 0.00707941 0.00803086 0.00819225]
[0.00375503 0.00450439 0.00464957 0.00635539 0.00639056 0.00691946]
[0.00149186 0.00462307 0.00619208 0.00691303 0.00763745 0.00842587]
[0.00294926 0.00342299 0.00439304 0.00451391 0.00547051 0.00619343]
[0.00072934 0.00435964 0.00516951 0.00595077 0.00703505 0.00713201]
[0.00446847 0.00622493 0.0063551  0.00671807 0.00720079 0.00899537]
[0.00289709 0.00437903 0.00444245 0.00541898 0.00738498 0.00806162]
[0.00392643 0.00394618 0.00434818 0.00507357 0.00702533 0.00733108]
[0.00471299 0.00491495 0.00510265 0.00742142 0.00765109 0.00767433]
[0.00329231 0.0037463  0.00386156 0.00498614 0.00500067 0.0055211 ]
[0.00574811 0.00599759 0.00605443 0.00743399 0.0079707  0.00839044]
[0.00352633 0.00406521 0.00445278 0.00492637 0.00619294 0.00639748]
[0.00362826 0.00376255 0.00537517 0.00606797 0.00615752 0.00659192]
[0.00239535 0.00649751 0.00659102 0.00742658 0.00756895 0.00847859]
[0.00309078 0.00576959 0.00623596 0.00668584 0.00678621 0.008189  ]
[0.00583941 0.0067388  0.00706804 0.0079029  0.0090746  0.009892  ]
[0.00224623 0.00338154 0.00458024 0.00479171 0.00585291 0.00650993]
[0.00570546 0.00670392 0.00854363 0.00855201 0.00965373 0.00967422]
[0.00273553 0.00411056 0.00482038 0.00570892 0.00847091 0.00907941]
[0.00310943 0.00645783 0.00819377 0.00838055 0.00844265 0.00889524]
[0.00386719 0.00534353 0.00543365 0.00599921 0.0067187  0.00679556]
[0.00516169 0.00710025 0.00765007 0.00900489 0.00939207 0.01042661]
[0.00488139 0.00612558 0.00730415 0.00767194 0.00853739 0.00870509]
[0.00448306 0.00630993 0.0067625  0.00919297 0.00962797 0.01041375]
[0.00741602 0.00820269 0.00866553 0.0089116  0.00925354 0.00947184]
[0.00541493 0.00554823 0.00724325 0.00852305 0.00960168 0.00960657]
[0.00499363 0.00542145 0.0061843  0.00627076 0.0068889  0.00814414]
[0.00455116 0.00456074 0.00568314 0.00762164 0.00811971 0.00866722]
[0.00340562 0.0043882  0.00779518 0.00779992 0.00847528 0.00924812]
[0.00272294 0.00664797 0.00705529 0.00814459 0.00838158 0.00908058]
[0.00419029 0.00436809 0.00526073 0.0077325  0.00812574 0.00930968]
[0.0043647  0.00552175 0.00601662 0.00618484 0.00725588 0.00771611]
[0.00591919 0.00667109 0.00670439 0.00863074 0.01005833 0.01105704]
[0.00283586 0.00360314 0.00577611 0.00688166 0.00762632 0.00785605]
[0.00648668 0.00664414 0.00753179 0.00822915 0.00839945 0.0085668 ]
[0.00230786 0.00243825 0.00373873 0.0041256  0.00457176 0.00703828]
[0.00493558 0.00630588 0.00762701 0.00868911 0.00941714 0.00977754]
[0.00270014 0.0038737  0.00556482 0.00623544 0.00695647 0.00714865]
[0.00387908 0.00482145 0.00502751 0.00543392 0.00636924 0.00655312]
[0.00507881 0.00611578 0.00658045 0.0103388  0.01049121 0.01058705]
[0.00404654 0.00441488 0.00575559 0.00654081 0.00738077 0.00779174]
[0.00336498 0.00383367 0.00633361 0.00755164 0.00821923 0.01033066]
[0.00300484 0.00301609 0.00474602 0.00926342 0.01074691 0.01075844]
[0.00567879 0.00596332 0.00718242 0.00776531 0.00806824 0.00859466]
[0.00442802 0.00690853 0.00703965 0.00737234 0.00753577 0.00818512]
[0.00258228 0.00291206 0.00355165 0.00527052 0.00630195 0.00691377]
[0.0025202  0.00313377 0.00632665 0.00692601 0.00935098 0.01017507]
[0.00296162 0.00339706 0.00421226 0.0045261  0.00456932 0.00514184]
[0.00078631 0.00228017 0.00489851 0.00560038 0.0103744  0.01074155]
[0.00368722 0.00462002 0.00587117 0.00608263 0.00615572 0.00616845]
[0.00319875 0.00507237 0.00543282 0.00560891 0.00653493 0.00716587]
[0.00029182 0.00383204 0.00522407 0.00899661 0.00958652 0.00961786]
[0.00445413 0.00547744 0.0069772  0.00746912 0.00859711 0.00904786]
[0.00348946 0.00680966 0.00750956 0.0097375  0.01007679 0.01062099]
[0.0036691  0.00434745 0.00493955 0.00540349 0.00595653 0.00641063]
[0.0025233  0.00404509 0.00637838 0.00724142 0.00837045 0.00841362]
None
None
None
None
None
None
None
None
None
None
None
None
None
None
None
None
None
None
None
None
None
None
None
None
None
None
None
None
None
None
None
None
None
None
None
None
None
None
None
None
None
None
None
None
None
None
None
None
None
None
None
None
None
None
None
None
None
None
None
None
None
None
None
None
None
None
None
None
None
None
None
None
None
None
None
None
None
None
None
None
None
None
None
None
None
None
None
None
None
None
None
None
None
None
None
None
None
None
None
None
None
None
None
None
None
None
None
None
None
None
None
None
None
None
None
None
None
None
None
None
None
None
None
None
None
None
None
None
None
None
None
None
None
None
None
None
None
None
None
None
None
None
None
None
None
None
None
None
None
None
None
None
None
None
None
None
None
None
None
None
None
None
None
None
None
None
None
None
None
None
None
None
None
None
None
None
None
None
None
None
None
None
None
None
None
None
None
None
None
None
None
None
None
None
None
None
None
None
None
None
None
None
None
None
None
None
None
None
None
None
None
None
None
None
None
None
None
None
None
None
None
None
None
None
None
None
None
None
None
None
None
None
None
None
None
None
None
None
None
None
None
None
None
None
None
None
None
None
None
None
None
None
None
None
None
None
None
None
None
None
None
None
None
