[0.00427292 0.00528364 0.00550963 0.00575459 0.0058235  0.00695594]
[0.00480669 0.0049166  0.00604919 0.00652211 0.01091808 0.01148342]
[0.00731317 0.00855409 0.01008177 0.01213113 0.0131369  0.01408787]
[0.00295049 0.00855758 0.01180348 0.01347907 0.01452839 0.01461893]
[0.00420412 0.0046953  0.00526296 0.00552624 0.00578877 0.00862969]
[0.00385219 0.0078803  0.0096281  0.01122562 0.01351617 0.01374474]
[0.00575862 0.00809724 0.00936716 0.01306114 0.01340475 0.01481777]
[0.00429926 0.00455251 0.00580105 0.00638431 0.0103011  0.0104841 ]
[0.00688937 0.0086169  0.01215285 0.01277171 0.01491431 0.01679614]
[0.00673524 0.01021436 0.01086076 0.01190929 0.01437408 0.01511516]
[0.00516914 0.00811098 0.00911199 0.01052529 0.01178183 0.01264796]
[0.002964   0.00476513 0.0063529  0.00656569 0.0072196  0.00788657]
[0.00474783 0.00558852 0.00780485 0.01203777 0.01242917 0.01383125]
[0.00651847 0.00719062 0.0075346  0.01353272 0.01549325 0.01563807]
[0.00570254 0.00611029 0.00699859 0.00763202 0.0140197  0.01413752]
[0.00893483 0.01031842 0.01177816 0.01207957 0.01460062 0.01650325]
[0.01216495 0.01328019 0.01590885 0.01603258 0.01634362 0.01715061]
[0.00804065 0.00838998 0.01031125 0.01198711 0.01312492 0.01332666]
[0.00187666 0.00314687 0.00596706 0.00616753 0.00637673 0.00701051]
[0.0063094  0.00841816 0.00898062 0.01058128 0.01110167 0.01174798]
[0.0062666  0.00871307 0.01102412 0.01195529 0.01294329 0.01498239]
[0.00601898 0.01089763 0.01093039 0.01261421 0.01323409 0.01447159]
[0.00670386 0.00728546 0.00817624 0.01070812 0.01336234 0.01417421]
[0.01288905 0.01388388 0.0145096  0.01527581 0.01612428 0.01747196]
[0.00679887 0.0121461  0.01336686 0.01374441 0.01414365 0.01658843]
[0.00614232 0.00670361 0.00738131 0.00752331 0.00962666 0.01116376]
[0.0057729  0.00851094 0.00914994 0.00972629 0.01124681 0.0115491 ]
[0.00668869 0.00704383 0.00735263 0.00807221 0.0118743  0.01229967]
[0.00462657 0.00677491 0.00806975 0.00874562 0.00934602 0.01123738]
[0.00498951 0.00758402 0.00784249 0.00889119 0.00981024 0.01222382]
[0.00242892 0.01386159 0.01431677 0.01436991 0.01489603 0.0167141 ]
[0.01138804 0.01216837 0.01285302 0.01406012 0.0146985  0.01548946]
[0.00286887 0.00301118 0.0059174  0.00701941 0.00807944 0.0096679 ]
[0.00252343 0.00339258 0.0039025  0.00643599 0.00673245 0.00741097]
[0.00477339 0.00645416 0.00734724 0.00867608 0.0091659  0.01030563]
[0.00349732 0.00617923 0.00688563 0.00897874 0.00963731 0.01165362]
[0.0042181  0.00521277 0.00766322 0.01002583 0.01260424 0.01336466]
[0.00595214 0.00689205 0.00905805 0.01010293 0.01136094 0.01233618]
[0.00540024 0.00599922 0.00830852 0.00871054 0.00879582 0.01075548]
[0.00367287 0.00443036 0.00485064 0.00636825 0.00806231 0.00882401]
[0.00605655 0.0066501  0.00704257 0.00763996 0.00838692 0.01018941]
[0.00288089 0.0054621  0.00664614 0.0095008  0.01029165 0.01097642]
[0.00492369 0.00592785 0.00605481 0.00900598 0.01229283 0.01354208]
[0.00851846 0.01051576 0.01073902 0.01244412 0.01303323 0.01462701]
[0.00717577 0.00792796 0.01083711 0.01210344 0.01233288 0.01286619]
[0.00408689 0.00461529 0.00541248 0.00928548 0.0097498  0.0103773 ]
[0.00299146 0.00453012 0.00526259 0.00579143 0.00850381 0.00894825]
[0.00687467 0.00802264 0.00884088 0.00919171 0.00944142 0.01043003]
[0.00197566 0.00711988 0.00907329 0.01052031 0.01468806 0.01590097]
[0.00917391 0.00993973 0.01050346 0.0115804  0.01338724 0.0152342 ]
[0.00996865 0.01368078 0.01449532 0.0163734  0.01700645 0.01730018]
[0.00996256 0.01079063 0.01488411 0.01629028 0.01683975 0.01704517]
[0.00503342 0.00868338 0.00926506 0.01073614 0.0129646  0.01411201]
[0.00374402 0.00404225 0.00521883 0.0080067  0.00954477 0.0104454 ]
[0.0060965  0.00674628 0.00733871 0.00754159 0.00804989 0.00906708]
[0.00557932 0.00677812 0.00682239 0.00820609 0.00992573 0.01050803]
[0.01095049 0.01247056 0.01316742 0.01377842 0.01469062 0.01496539]
[0.00341245 0.0040866  0.0079995  0.01032001 0.01076902 0.01221218]
[0.00188887 0.00725006 0.01175652 0.01408783 0.01542428 0.01623886]
[0.01062061 0.01342657 0.0150044  0.0157546  0.01765625 0.01802395]
[0.00335408 0.00577269 0.00621894 0.00836926 0.00885615 0.01146306]
[0.00357261 0.00595973 0.00761286 0.009019   0.00921617 0.01016527]
[0.00463254 0.00581723 0.00802895 0.01086066 0.01333207 0.01442576]
[0.00476448 0.00568251 0.00591109 0.00675143 0.00750188 0.00769729]
[0.00618044 0.00929139 0.01211913 0.01291646 0.01334194 0.01408274]
[0.00923267 0.0103381  0.01279228 0.01287622 0.01417728 0.01494318]
[0.00402486 0.00737427 0.00932137 0.01057733 0.01309486 0.01361735]
[0.00274148 0.00485021 0.00569558 0.00709556 0.00732595 0.00816791]
[0.00334229 0.00446131 0.00569415 0.00862896 0.00899922 0.01037332]
[0.00373681 0.00620779 0.00856456 0.01094891 0.01430387 0.01455095]
[0.00504955 0.00564224 0.01007791 0.0124255  0.01362353 0.01404984]
[0.00684399 0.01050303 0.01133344 0.01223799 0.01420221 0.01521032]
[0.00422098 0.00847439 0.00871309 0.01434121 0.01505767 0.01533112]
[0.00311603 0.00444871 0.00465812 0.00750614 0.00880556 0.01006072]
[0.00372167 0.00393665 0.0046892  0.00482317 0.00533081 0.00659342]
[0.00501993 0.00782258 0.01020151 0.01057528 0.01104043 0.01138308]
[0.00413917 0.00501613 0.00665817 0.00964535 0.01007553 0.010825  ]
[0.00542254 0.00701727 0.00790183 0.00849119 0.0096602  0.01011768]
[0.00129571 0.00143216 0.00281153 0.00313712 0.00398323 0.00463121]
[0.000743   0.00087763 0.00192398 0.00211302 0.00254456 0.00323867]
[0.00126157 0.00162834 0.00215638 0.00232296 0.00270162 0.00299304]
[0.00040558 0.00072701 0.00120645 0.00190649 0.00289064 0.00362194]
[0.00118402 0.00141711 0.0020812  0.00235724 0.00300993 0.00388147]
[0.00116503 0.00201483 0.00243156 0.00248006 0.00332284 0.00416822]
[0.00153871 0.00204715 0.00362145 0.0040705  0.00473075 0.00503865]
[0.00107235 0.00115093 0.00320938 0.00389759 0.0054008  0.00571022]
[0.00269452 0.00304746 0.00505323 0.00662187 0.00725421 0.00772778]
[0.0007285  0.00132266 0.00168939 0.00364672 0.00406929 0.00419426]
[0.00090723 0.001346   0.00165325 0.00181599 0.00335137 0.00435328]
[0.00149094 0.00235856 0.00298799 0.00396206 0.00464271 0.0052435 ]
[0.00086538 0.00274663 0.00322722 0.00411365 0.00478502 0.00491478]
[0.00153945 0.00318079 0.00427839 0.00489962 0.00508644 0.00617872]
[0.00194536 0.00240293 0.00322921 0.00344532 0.00468408 0.00520662]
[0.00274668 0.00355285 0.0046236  0.00488391 0.00551117 0.00592402]
[0.00112825 0.00180904 0.00398275 0.0042078  0.00476755 0.00500335]
[0.00067328 0.00095416 0.00239432 0.00296163 0.00365435 0.0042687 ]
[0.0012393  0.00161586 0.00186122 0.00220908 0.00394079 0.00438335]
[0.0008029  0.00131522 0.00135738 0.00166234 0.00420474 0.00446332]
[0.00029542 0.00100412 0.00286515 0.003324   0.00456384 0.00565847]
[0.00129646 0.00152522 0.00424758 0.00638072 0.00652342 0.00672581]
[0.00206338 0.0037688  0.0045905  0.00527986 0.00601518 0.00692623]
[0.00163674 0.00194105 0.00306063 0.00331966 0.0035403  0.00426156]
[0.00051309 0.00079219 0.001265   0.00226204 0.00228759 0.00257292]
[0.00049664 0.0005617  0.00166772 0.00183949 0.00249033 0.00253705]
[0.00025318 0.00101542 0.00210111 0.00217202 0.00268403 0.00339151]
[0.00145227 0.00154258 0.0025194  0.00436907 0.00464581 0.0050201 ]
[0.00071203 0.00102344 0.00112077 0.00118456 0.00232114 0.00257114]
[0.00275624 0.00389794 0.00587903 0.00614549 0.00663826 0.00697371]
[0.00103295 0.00161128 0.00186734 0.00310179 0.00356352 0.00364261]
[0.0002224  0.00093859 0.00120713 0.00188327 0.00228817 0.00322703]
[0.00325836 0.00356985 0.00427967 0.00518306 0.00642053 0.00757395]
[0.0021969  0.00390104 0.0055165  0.00627261 0.00666231 0.00821663]
[0.00209019 0.0026393  0.00292597 0.00419653 0.00436392 0.00520437]
[0.00113857 0.00194958 0.00347893 0.00379513 0.00402399 0.00433977]
[0.00408032 0.00443468 0.0046014  0.00512808 0.00790644 0.00806477]
[0.00165416 0.00275627 0.00321869 0.00328737 0.00469569 0.00472732]
[0.00225342 0.00295749 0.0033985  0.00351128 0.00475913 0.00493668]
[0.00171863 0.00442067 0.00465077 0.00491836 0.00558284 0.00680552]
[0.00271891 0.00372868 0.0066816  0.00760107 0.0078367  0.00796175]
[0.00344948 0.00386903 0.00448746 0.00511027 0.00566085 0.00616521]
[0.00240022 0.00604897 0.00670456 0.00700234 0.00778617 0.00812942]
[0.00416787 0.00600662 0.00719774 0.00784585 0.00904325 0.00982472]
[0.00113112 0.0035779  0.00470796 0.00472198 0.00705405 0.00713514]
[0.00366785 0.0043364  0.00477522 0.00563327 0.0063919  0.00700138]
[0.00243116 0.0033804  0.00386884 0.0039913  0.00558459 0.0058968 ]
[0.00315577 0.00469862 0.0049783  0.00501464 0.0057269  0.00640722]
[0.00233121 0.00330938 0.0043565  0.00463918 0.00549668 0.00652409]
[0.002975   0.00435317 0.00476175 0.00585175 0.00590426 0.0060367 ]
[0.00282857 0.0065689  0.00827075 0.00884954 0.0106717  0.01087387]
[0.00427868 0.00438579 0.0051649  0.00552299 0.00590634 0.00625435]
[0.0030333  0.00328911 0.00339247 0.00391833 0.00429808 0.00497741]
[0.00215529 0.00281478 0.00329394 0.0038547  0.00620383 0.00629266]
[0.00328888 0.00513734 0.00521916 0.00614571 0.00668677 0.00701336]
[0.00309754 0.00442197 0.00498054 0.00543465 0.00618187 0.00643964]
[0.00258169 0.00323299 0.00413957 0.00455772 0.00572575 0.00629684]
[0.0085903  0.00951531 0.01119899 0.01237653 0.01263713 0.01266575]
[0.0038471  0.00398735 0.00454968 0.0055889  0.00612149 0.00839894]
[0.00361108 0.00366428 0.00425451 0.00715002 0.00742441 0.00843734]
[0.0069505  0.00709124 0.00750709 0.01042586 0.01124378 0.01195143]
[0.00250218 0.00445722 0.00484773 0.00532842 0.00658995 0.00917131]
[0.0054274  0.00676895 0.00947056 0.01109384 0.01121204 0.01142292]
[0.00329095 0.00352191 0.00602665 0.00666486 0.00858608 0.0092737 ]
[0.00976578 0.01151181 0.01279792 0.01455539 0.01729422 0.0179232 ]
[0.0014567  0.00391797 0.00644058 0.00647619 0.00846724 0.00935878]
[0.00831964 0.00844625 0.00860948 0.00885959 0.00902107 0.00908059]
[0.00452406 0.00573572 0.00677103 0.00682671 0.00795314 0.00887968]
[0.00423713 0.00593798 0.00649569 0.00716688 0.00889877 0.00929738]
[0.0055753  0.00812488 0.00889212 0.00961241 0.01008396 0.01071299]
[0.00687591 0.01068262 0.01105447 0.01268989 0.01343594 0.01371917]
[0.000427   0.00993195 0.01284439 0.01442202 0.01470891 0.01635753]
[0.00438505 0.00762784 0.00807299 0.00941651 0.0107364  0.01236908]
[0.00256574 0.00355642 0.00467459 0.00578076 0.00628784 0.00699489]
[0.00501319 0.00709811 0.00765006 0.00778931 0.00792729 0.00852411]
[0.00674486 0.00693419 0.00703421 0.00746264 0.00932234 0.0099909 ]
[0.00498645 0.00589959 0.00756924 0.00829354 0.00857047 0.01081453]
[0.0068613  0.00702111 0.00862811 0.01003905 0.01087149 0.01313237]
[0.00221532 0.00570745 0.00931137 0.01279815 0.01440482 0.01524898]
[0.00224671 0.00747427 0.00914444 0.0107609  0.01142309 0.0119546 ]
[0.00281388 0.00375573 0.00472708 0.00506474 0.00701409 0.00795244]
[0.00303274 0.00469929 0.00586281 0.00620505 0.00710747 0.00768025]
[0.00414588 0.00804234 0.00951664 0.0097     0.00981196 0.01025263]
[0.00221689 0.00395755 0.00422718 0.00448409 0.00909902 0.00973373]
[0.00260683 0.00442014 0.00505092 0.00614722 0.01295475 0.01342384]
[0.0038201  0.00539556 0.00677628 0.00892787 0.01225072 0.01291431]
[0.00127043 0.00515051 0.00658021 0.01059266 0.01150403 0.01166077]
[0.00545891 0.00900856 0.00906364 0.01044325 0.01108908 0.01188733]
[0.00483708 0.00485609 0.00647359 0.00660053 0.00798584 0.00802444]
[0.00294526 0.00308448 0.00493173 0.00540905 0.005668   0.00677579]
[0.001313   0.00155226 0.00456108 0.00565348 0.00619447 0.006557  ]
[0.00288444 0.00346053 0.00602655 0.00609356 0.00744691 0.00902639]
[0.00432069 0.00689696 0.011163   0.01348093 0.01525892 0.01532116]
[0.0038794  0.00400326 0.00497422 0.00831696 0.00924702 0.01135141]
[0.00489739 0.00680663 0.00811486 0.00885474 0.00913605 0.00916725]
[0.00524045 0.00569925 0.00742281 0.00871786 0.00929526 0.01235   ]
[0.00254115 0.00627972 0.00841002 0.01091761 0.01114219 0.01174   ]
[0.00612405 0.00689353 0.01008384 0.01085879 0.01255091 0.01299136]
[0.00540531 0.00687361 0.00861595 0.00942972 0.00974374 0.010815  ]
[0.00148644 0.00265148 0.00592578 0.00727801 0.00979702 0.0108432 ]
[0.00328385 0.00424651 0.00488378 0.00665424 0.00830542 0.01015519]
[0.00444066 0.0047666  0.00570732 0.00619921 0.00696055 0.00737112]
[0.00868153 0.00877624 0.0103008  0.01075512 0.01169747 0.01192695]
[0.00528158 0.00560176 0.00614866 0.00652099 0.00680465 0.01034233]
[0.00213725 0.0078151  0.00795731 0.01176607 0.01197765 0.01241813]
[0.00521647 0.00888068 0.01106272 0.01113792 0.01227952 0.01397947]
[0.00178001 0.00235444 0.01010487 0.01028741 0.010682   0.01101085]
[0.00843062 0.00929218 0.01138619 0.01167206 0.01188044 0.0127821 ]
[0.0034413  0.00561353 0.00772597 0.00882934 0.00908135 0.01008101]
[0.00581507 0.00798447 0.00876684 0.01116817 0.01192221 0.01290629]
[0.00546079 0.00565479 0.00606957 0.00742486 0.01115671 0.01134852]
[0.00358789 0.00760546 0.00915892 0.01157474 0.01225876 0.01256922]
[0.00252643 0.00320618 0.00844961 0.00902727 0.00920496 0.01066593]
[0.00165274 0.00599007 0.0061983  0.006572   0.00710577 0.00749865]
[0.00069545 0.00663529 0.00670941 0.00674062 0.00826778 0.00838674]
[0.00128105 0.00442664 0.0058882  0.00828938 0.00896499 0.00938758]
[0.00509465 0.00843081 0.00896591 0.00948194 0.01307087 0.01350836]
[0.00379175 0.00816255 0.00974272 0.01020683 0.01033095 0.01067141]
[0.00595606 0.00715695 0.00966549 0.01017617 0.01045877 0.01120555]
[0.00586509 0.0062124  0.00739765 0.00913601 0.01281341 0.0144058 ]
[0.00659222 0.00685649 0.00926909 0.0095294  0.01104489 0.01270501]
[0.00408103 0.00838015 0.01075614 0.01080565 0.01107878 0.01226675]
[0.0033406  0.0038828  0.00392071 0.00522481 0.00738777 0.00803908]
[0.00454839 0.0055562  0.00722082 0.01061862 0.01341325 0.01366953]
[0.00125908 0.00694169 0.00810229 0.00987273 0.01149122 0.01244997]
[0.00190209 0.00524876 0.00570398 0.00639028 0.00925945 0.00948889]
[0.00098285 0.00753506 0.00975792 0.01150328 0.01256251 0.01289651]
[0.00208282 0.00418084 0.0048278  0.00491445 0.00551164 0.00767582]
[0.00675304 0.0080766  0.00982241 0.00986788 0.01000027 0.01081902]
[0.00135464 0.00779882 0.00919108 0.01178502 0.01265667 0.0127388 ]
[0.00091672 0.00470425 0.00505263 0.0056933  0.00984144 0.01058688]
[0.00371426 0.00545132 0.00581004 0.00606749 0.0072967  0.00756661]
[0.0143058  0.01652591 0.01963688 0.02038802 0.02662082 0.02812067]
[0.02149111 0.02633841 0.02922018 0.03057475 0.03115236 0.03303978]
[0.01321132 0.02719589 0.03110941 0.03123512 0.03130743 0.03709038]
[0.01467563 0.01491427 0.01686769 0.02086758 0.02364347 0.02497953]
[0.01569478 0.0157607  0.02565719 0.02735568 0.02881695 0.03023627]
[0.01217812 0.01258277 0.01315365 0.01737931 0.02114874 0.02312883]
[0.01571077 0.02305909 0.02489014 0.02677002 0.02782874 0.02992383]
[0.00654967 0.01517411 0.01519853 0.01588395 0.01800953 0.01828347]
[0.01088989 0.01198737 0.01730677 0.01808809 0.01944079 0.01967387]
[0.00745908 0.00925306 0.01499152 0.01879914 0.02086866 0.02200152]
[0.0070287  0.0111623  0.01607756 0.0162457  0.02032928 0.0206934 ]
[0.00494621 0.00746188 0.00770253 0.01296454 0.01964933 0.02054209]
[0.00851055 0.00938553 0.00985723 0.01382699 0.01520487 0.01749418]
[0.0037397  0.01436241 0.01872275 0.01979125 0.0245506  0.02559564]
[0.00807005 0.01505151 0.01863622 0.02295549 0.02384844 0.02408173]
[0.01200074 0.01405496 0.01576823 0.02293006 0.02390996 0.02423365]
[0.01031005 0.01370233 0.01654709 0.02365038 0.02424115 0.02835963]
[0.00291844 0.00959715 0.01653961 0.01738968 0.02685216 0.02705458]
[0.0133964  0.01875414 0.02071671 0.02104449 0.0246053  0.02549201]
[0.01289979 0.0140218  0.01667757 0.02127446 0.02511892 0.02603348]
[0.00963531 0.02171718 0.02249944 0.02526202 0.02558275 0.02736547]
[0.01066419 0.01251664 0.01453652 0.01508776 0.0168085  0.01825156]
[0.00858383 0.01161143 0.0133697  0.01343054 0.01442383 0.01465638]
[0.00212015 0.00217856 0.0060422  0.01209764 0.01236822 0.01268769]
[7.08958059e-05 4.29022854e-03 6.55132579e-03 9.85808685e-03  1.16426668e-02 1.23297778e-02]
[0.00189128 0.00357621 0.00394234 0.00481757 0.00543858 0.00747789]
[0.00333856 0.00844814 0.0090095  0.0099709  0.01036472 0.01104071]
None
[0.00051852 0.00935602 0.01063801 0.01212691 0.0123621  0.01265252]
[0.00493578 0.00664954 0.00907996 0.01032786 0.01081964 0.01093007]
[0.0021794  0.00732267 0.01009945 0.01148643 0.0123995  0.01479849]
[0.00835434 0.00882536 0.00886217 0.00895461 0.01006242 0.01278284]
[0.00166393 0.00195159 0.0067268  0.00744895 0.00810124 0.00848301]
[0.00174699 0.00839122 0.01058471 0.01151504 0.01192194 0.01201894]
[0.01020553 0.01072097 0.01346248 0.01439545 0.01480773 0.01523242]
[0.00722842 0.01026824 0.01078089 0.01195383 0.01199525 0.01526257]
[0.01094316 0.01191208 0.01210047 0.01294367 0.01356522 0.01425578]
[0.01141399 0.012785   0.01365479 0.0170333  0.01904038 0.01919783]
[0.00540962 0.0076668  0.01235769 0.01385273 0.01558682 0.01669902]
[0.0027389  0.00418402 0.00647493 0.00825869 0.00871215 0.00950175]
[0.0048794  0.00526237 0.00648569 0.00824867 0.00937543 0.01011225]
[0.00343687 0.00425487 0.00461918 0.00496329 0.00756095 0.00804639]
[0.00626883 0.00674275 0.00841919 0.00962566 0.01064931 0.0110542 ]
[0.00197254 0.00275882 0.01324672 0.01352267 0.01366716 0.01617422]
[0.00378255 0.01055198 0.01419009 0.01459248 0.01524519 0.01838887]
[0.00610656 0.00884897 0.00923093 0.00939424 0.01101454 0.01139844]
[0.00573572 0.00701667 0.00896834 0.00914121 0.01171701 0.01289418]
[0.01006512 0.01210412 0.012469   0.0128471  0.01372441 0.01392879]
[0.00601276 0.00663418 0.00946159 0.01091257 0.01307638 0.01354043]
[0.00725691 0.01002123 0.0111794  0.01177713 0.012237   0.01313008]
[0.01265825 0.01576957 0.01631033 0.01666553 0.01760319 0.01872411]
[0.00757377 0.00933487 0.01135697 0.01152475 0.01277483 0.0133338 ]
[0.00576829 0.00769147 0.01237274 0.01301315 0.01380943 0.0142549 ]
[0.00350719 0.00365211 0.00397821 0.00611142 0.0066059  0.00733951]
[0.00703361 0.00771587 0.00873165 0.00942303 0.01035336 0.01150699]
[0.00764616 0.00858161 0.0099772  0.01058571 0.01066901 0.01128914]
[0.00500494 0.00857636 0.00868442 0.01052506 0.01069078 0.01077297]
[0.004023   0.00568966 0.01092258 0.01160485 0.01201551 0.01505056]
[0.00738648 0.01042605 0.01137795 0.01638798 0.01910241 0.0206545 ]
[0.00695845 0.01010031 0.01035766 0.01304311 0.01435505 0.0151582 ]
[0.00339511 0.005469   0.00558134 0.00744733 0.00936967 0.01068201]
[0.00324829 0.00350327 0.00482789 0.0079172  0.00831806 0.00941689]
[0.00881954 0.0105625  0.01084642 0.01205445 0.01328545 0.01366524]
[0.00838465 0.00845964 0.01235597 0.01696735 0.01898746 0.01967881]
[0.00660172 0.00768545 0.00991782 0.01209868 0.01224767 0.01584901]
[0.00970975 0.01033884 0.01313875 0.01330447 0.01886123 0.01998976]
[0.00806761 0.00857236 0.01325245 0.01347323 0.01423104 0.01474987]
[0.00375777 0.00609159 0.00749509 0.00894786 0.00912729 0.00942254]
[0.00314099 0.00759285 0.00865659 0.00925762 0.00945604 0.01037617]
[0.00857575 0.01021705 0.01030535 0.01311457 0.01630681 0.01729412]
[0.01288499 0.01406606 0.01637003 0.01831528 0.01955347 0.01967442]
[0.00970202 0.01104041 0.01522985 0.01555581 0.01592363 0.01786533]
[0.00899048 0.00915963 0.01316005 0.0147029  0.01601287 0.02026097]
[0.00461073 0.01004174 0.01091313 0.01272415 0.01305457 0.01443034]
[0.0058726  0.00898887 0.01014413 0.01215886 0.01342672 0.0138318 ]
[0.00828721 0.00865319 0.00926273 0.00958507 0.01192554 0.01351346]
[0.00704    0.01290601 0.01384784 0.01687957 0.01713822 0.01782534]
[0.00695139 0.00730671 0.00847719 0.01029344 0.01107149 0.01154587]
[0.00883041 0.01044131 0.01133526 0.01319057 0.01407803 0.01476294]
[0.00950843 0.01044701 0.01098761 0.01393686 0.01525342 0.01558462]
[0.00308689 0.00476712 0.00565016 0.00946696 0.0099772  0.01369246]
[0.00497269 0.00565118 0.0061375  0.00752732 0.00771449 0.00830699]
[0.00175802 0.00501427 0.00642885 0.00767066 0.01043323 0.01169808]
[0.00365424 0.00625576 0.0081491  0.0086115  0.00984385 0.01104483]
[0.00569082 0.00638578 0.0077357  0.00795316 0.0108135  0.01151976]
[0.0073764  0.00789159 0.00799099 0.00871714 0.00985331 0.01042406]
[0.00391223 0.00558879 0.00914048 0.01129865 0.0138769  0.01435836]
[0.00235886 0.00268143 0.00362748 0.00481799 0.00489451 0.00526349]
[0.00097028 0.00215787 0.00254903 0.00284386 0.00308576 0.00364784]
[0.00297556 0.00530472 0.00566361 0.00655713 0.00764651 0.00808671]
[0.00330497 0.00344265 0.00410238 0.00715152 0.00907868 0.00985437]
[0.00356197 0.0046906  0.00737326 0.0088992  0.01042692 0.01107168]
[0.00727724 0.01038665 0.01144409 0.01316749 0.01447197 0.01559221]
[0.00851051 0.00909999 0.0094344  0.01011985 0.01171383 0.01272353]
[0.0032293  0.004997   0.00571096 0.00731443 0.00837295 0.00905571]
[0.00047725 0.00132942 0.00236768 0.00310242 0.00354185 0.00445431]
[0.00234672 0.00501021 0.00598772 0.00651259 0.00704303 0.00791302]
[0.00244331 0.00553171 0.00713299 0.0090159  0.00984426 0.01066742]
[0.00136146 0.00346991 0.00488756 0.00507629 0.00623952 0.00655538]
[0.00479144 0.00501358 0.00549332 0.00736888 0.00755947 0.00785307]
[0.00340473 0.0041481  0.00477454 0.0074217  0.00886505 0.00897818]
[0.0039425  0.00416041 0.00526386 0.00559937 0.00602371 0.0063658 ]
[0.0006538  0.0011917  0.00143632 0.00193114 0.00206343 0.0029534 ]
[0.00139752 0.00263419 0.00368993 0.00424885 0.00545002 0.00659064]
[0.00123467 0.00225588 0.00512128 0.00580612 0.00654042 0.00747784]
[0.00125816 0.00139232 0.00326026 0.00441905 0.00490954 0.00605301]
[0.0043982  0.00486109 0.00608617 0.00731194 0.00783535 0.0090208 ]
[0.00512956 0.00725766 0.00897487 0.0090581  0.00943667 0.01043711]
[0.00196437 0.0029428  0.00307661 0.00322251 0.00451137 0.00653072]
[0.00118017 0.00168242 0.00294457 0.00354183 0.00508939 0.00529327]
[0.00301716 0.00382702 0.00427141 0.00458915 0.0050613  0.0063833 ]
[0.00147263 0.00322448 0.00388665 0.00415122 0.00478892 0.00530737]
[0.00264496 0.0028196  0.00318612 0.00449783 0.0055063  0.00646981]
[0.00254318 0.00403831 0.00827143 0.00850365 0.00890451 0.00936881]
[0.00410935 0.00535778 0.00667035 0.00674941 0.00735622 0.0078066 ]
[0.00363805 0.00620283 0.00727626 0.00778418 0.00817651 0.0085825 ]
[0.00386231 0.00453637 0.00588478 0.00609048 0.00709497 0.00731733]
[0.00250968 0.0030473  0.00346066 0.00519486 0.00649554 0.00778459]
[0.00391564 0.00452505 0.00588222 0.00632307 0.00751928 0.00885958]
[0.00065205 0.00146296 0.00271781 0.0037493  0.00512339 0.00574254]
[0.0008391  0.00185045 0.00212366 0.00247458 0.00338121 0.00384404]
[0.00064895 0.00133019 0.00398532 0.00439481 0.00480977 0.00632201]
[0.00140272 0.00246737 0.00424556 0.00445808 0.00732884 0.00815311]
[0.00203819 0.00222205 0.00328689 0.00369509 0.00389582 0.00481414]
[0.00207266 0.00297578 0.00423046 0.00456272 0.00586829 0.00679135]
[0.00161603 0.00207533 0.00234677 0.00430689 0.00451501 0.00498726]
[0.00274539 0.00374741 0.00434875 0.00468003 0.00474431 0.00518152]
[0.00207802 0.00249666 0.00398155 0.00630029 0.0069834  0.00804148]
[0.00290147 0.00376119 0.00393551 0.00583554 0.00657707 0.00699783]
[0.00127612 0.00266858 0.00465112 0.00528069 0.00592682 0.00724111]
[0.00052405 0.00161392 0.00170653 0.00266435 0.0035372  0.00407179]
[0.00351534 0.00377536 0.00506388 0.00565654 0.00595484 0.006979  ]
[0.00255894 0.00385142 0.00498331 0.00539549 0.00564602 0.00661665]
[0.00058005 0.0006333  0.0042127  0.00518685 0.00693851 0.00716183]
[0.00270093 0.00458973 0.00624045 0.00665076 0.00720122 0.00740127]
[0.00212861 0.00410014 0.00488435 0.00518437 0.00537233 0.00606119]
[0.00172389 0.00177032 0.00320615 0.00356527 0.00520502 0.00660982]
[0.00270655 0.00346332 0.00445813 0.00464073 0.00488022 0.00707038]
[0.00303796 0.00311792 0.00443328 0.00550485 0.00594258 0.00616812]
[0.0011744  0.00125656 0.00138185 0.00421738 0.00480783 0.00559683]
[0.00363909 0.00383303 0.00460914 0.00478573 0.00515443 0.00589236]
[0.00267323 0.00424077 0.00631343 0.00667753 0.0070336  0.00705591]
[0.00409674 0.00453963 0.00747007 0.00767391 0.00947493 0.00958365]
[0.00477032 0.00529569 0.00545155 0.00564461 0.00847396 0.00897038]
[0.00136087 0.00374696 0.00504491 0.00517026 0.00537158 0.00598814]
[0.00445485 0.00462229 0.00596713 0.00621804 0.00697013 0.00914553]
[0.00344295 0.00540253 0.00755906 0.00763339 0.0083475  0.00850533]
[0.00204548 0.00251485 0.00313869 0.00374275 0.00450592 0.00660828]
[0.00269054 0.00544694 0.00600063 0.00733495 0.00893872 0.00984502]
[0.00185893 0.00201897 0.00268619 0.00313918 0.00330975 0.00396203]
[0.00216448 0.00324097 0.00536472 0.00569233 0.00575869 0.0059068 ]
[0.00103618 0.00211428 0.0056418  0.00609175 0.00704438 0.0071578 ]
[0.00241239 0.00291572 0.00422337 0.0062181  0.00655578 0.00660179]
[0.00258664 0.00405032 0.00575263 0.00635434 0.00668248 0.00672646]
[0.00618579 0.0069725  0.0077587  0.00859552 0.00992601 0.01049735]
[0.00310983 0.0037465  0.00447053 0.00468576 0.00641678 0.00781186]
