[0.00468621 0.00788366 0.00817946 0.00884953 0.00923718 0.01089711]
[0.00504272 0.00510907 0.00576944 0.00692841 0.00778895 0.00783561]
[0.00310386 0.00624203 0.00757893 0.00845954 0.01015943 0.01061164]
[0.00160969 0.00346085 0.00613682 0.00786369 0.00855272 0.00995259]
[0.00170123 0.00283513 0.00331942 0.00636929 0.0069521  0.00781558]
[0.0053514  0.00578991 0.00634881 0.00701028 0.00853473 0.00902819]
[0.00456067 0.00575606 0.00685086 0.00860803 0.00914848 0.00950313]
[0.00366194 0.00700509 0.00837886 0.00850821 0.01049421 0.01157906]
[0.00537305 0.00563896 0.00597249 0.00806009 0.00998601 0.01025937]
[0.0004837  0.00730361 0.00901588 0.00977541 0.00989087 0.01230414]
[0.00378266 0.00701173 0.00916313 0.0093756  0.01016198 0.01059165]
[0.00448196 0.00635229 0.00664849 0.00678948 0.00713677 0.00730792]
[0.00624161 0.00669064 0.00727531 0.00808627 0.00836703 0.01007723]
[0.00814893 0.00832165 0.00860673 0.00863433 0.00910104 0.00960931]
[0.00866643 0.00926015 0.01049408 0.01053215 0.01108555 0.01158134]
[0.00718461 0.00961291 0.00980169 0.01058051 0.01066573 0.01073376]
[0.00203021 0.00760586 0.00793137 0.00795206 0.01001237 0.01026966]
[0.004028   0.00426053 0.00496807 0.00666704 0.0067079  0.00708469]
[0.0032549  0.00488052 0.0050744  0.00520965 0.00572849 0.00634773]
[0.00360223 0.00747661 0.00779706 0.0087132  0.00932122 0.00948543]
[0.00488407 0.00580268 0.00658347 0.00704508 0.00717339 0.0072525 ]
[0.00436174 0.0059157  0.00683649 0.00891508 0.00935517 0.00980035]
[0.00452141 0.00479453 0.00586067 0.00601382 0.0063393  0.00867632]
[0.00637253 0.00700325 0.00701391 0.00746515 0.00770742 0.00803817]
[0.00390025 0.00414925 0.00494395 0.00559839 0.00670391 0.0082135 ]
[0.00126771 0.00218736 0.0022968  0.00332893 0.00369347 0.00459896]
[0.00235117 0.00583713 0.00639261 0.00666534 0.00779235 0.00851406]
[0.00370767 0.00954883 0.0103423  0.01042749 0.0108076  0.01203911]
[0.00421327 0.00442739 0.00804384 0.00860811 0.00880214 0.00909166]
[0.00746934 0.00776138 0.00790763 0.00870886 0.00872239 0.00916469]
[0.00634715 0.00690777 0.00733498 0.00876449 0.00917279 0.00953463]
[0.00341711 0.00414964 0.0043578  0.00599164 0.00720155 0.00733592]
[0.00304614 0.00342144 0.00362588 0.00378894 0.00418831 0.00440595]
[0.00489493 0.00552109 0.00574028 0.00584936 0.00660094 0.00677099]
[0.00525002 0.00665427 0.0069842  0.00743587 0.00757713 0.00818348]
[0.0041789  0.00460391 0.0052206  0.0056666  0.00621937 0.00683866]
[0.00220405 0.00377459 0.00542687 0.00559797 0.00567611 0.00630267]
[0.00453703 0.00492335 0.00563034 0.00575383 0.00690363 0.00927579]
[0.0008823  0.00155221 0.00580204 0.0063667  0.00647304 0.00662932]
[0.00430923 0.00575803 0.00612896 0.00636229 0.00719213 0.00719861]
[0.00322226 0.00483682 0.00647874 0.00759918 0.00796595 0.0082209 ]
[0.00355835 0.003769   0.00500987 0.00723185 0.00795891 0.00837388]
[0.00241398 0.00275329 0.00469321 0.00494416 0.00501899 0.00529594]
[0.00167641 0.00352174 0.00597032 0.0080673  0.00951603 0.01011284]
[0.00224909 0.00355935 0.00511079 0.00588533 0.00759188 0.00761165]
[0.004031   0.00553745 0.00620479 0.00776534 0.00793877 0.00832672]
[0.00066742 0.00265717 0.0043779  0.00458766 0.00522463 0.00533581]
[0.00424567 0.00478369 0.00558381 0.00580781 0.00718381 0.00721136]
[0.00459663 0.00479866 0.00508999 0.00511198 0.00554662 0.00634099]
[0.00128664 0.00248288 0.00250391 0.00291283 0.00439606 0.00475344]
[0.00307387 0.00617872 0.00707357 0.00767138 0.00854212 0.00874506]
[0.00129849 0.00333203 0.00469522 0.00509467 0.00533349 0.00645087]
[0.00231026 0.00337492 0.00463616 0.00507048 0.0053569  0.00657818]
[0.00115653 0.00176757 0.00211954 0.00267423 0.00460037 0.00589394]
[0.00402045 0.00500285 0.00595004 0.00630276 0.00807055 0.00822075]
[0.00124684 0.00313606 0.0046045  0.00486707 0.00543791 0.00588729]
[0.00686498 0.00743005 0.00746061 0.00746818 0.00832125 0.00890826]
[0.00205104 0.00276789 0.00595806 0.00657267 0.00736955 0.00804444]
[0.003491   0.00433658 0.00458165 0.00472984 0.00504035 0.00519532]
[0.00238868 0.00285909 0.00542653 0.00587205 0.00597142 0.00715047]
[0.0047776  0.00550412 0.00633829 0.00643006 0.00717533 0.0074438 ]
[0.00243885 0.00388216 0.00572363 0.00595215 0.00804132 0.00871088]
[0.00330777 0.00601108 0.00650334 0.00801679 0.0083451  0.00856519]
[0.00210204 0.00214822 0.00260664 0.00303412 0.00398627 0.0050095 ]
[0.00217657 0.00306516 0.00526577 0.0055197  0.0058076  0.00581911]
[0.0021988  0.00254204 0.00483747 0.00491542 0.00494321 0.00685574]
[0.0012289  0.00209206 0.00304906 0.00568789 0.0058648  0.00616042]
[0.00238116 0.00350397 0.00407821 0.00416459 0.00440594 0.00527189]
[0.00218114 0.0024018  0.00269133 0.00465729 0.00470157 0.00487034]
[0.00192004 0.00427958 0.00432801 0.00483077 0.00491862 0.00501549]
[0.0024289  0.00358487 0.00383456 0.00484875 0.00556026 0.00610651]
[0.00357031 0.00449    0.00464356 0.00493607 0.00520641 0.00548777]
[0.00078003 0.00134361 0.00145719 0.00424547 0.00426133 0.00483566]
[0.00058351 0.00433989 0.00480433 0.00485371 0.00502262 0.00552102]
[0.00157744 0.00164745 0.00371628 0.00387358 0.00474294 0.0049436 ]
[0.0009407  0.00181507 0.00253973 0.00326276 0.00605681 0.00675711]
[0.00336702 0.00402628 0.00461286 0.00540666 0.00617382 0.00656338]
[0.00198975 0.00292446 0.00293129 0.00326461 0.00424307 0.00520612]
[0.00113494 0.00261792 0.00372664 0.00518665 0.00664625 0.00769706]
[0.00553545 0.00602014 0.00698121 0.00731906 0.0074512  0.0074572 ]
[0.00115335 0.00128105 0.00244723 0.00250658 0.00256196 0.00323465]
[0.00192477 0.00196546 0.00228537 0.0026951  0.00297151 0.00318653]
[0.00369977 0.00404037 0.00568261 0.00577494 0.00701815 0.00723478]
[0.00341206 0.00494157 0.00537718 0.00541889 0.00601047 0.00638139]
[0.0008137  0.00196844 0.00244543 0.00304399 0.00314314 0.00342979]
[0.00169585 0.00214208 0.00228514 0.00229703 0.00305804 0.00438939]
[0.00464175 0.00535426 0.00667903 0.00670058 0.00704173 0.00721897]
[0.00102812 0.00241208 0.00243286 0.00332663 0.00364461 0.0040147 ]
[0.00123423 0.00245073 0.00349991 0.00357182 0.00373929 0.0043289 ]
[0.00203596 0.00438777 0.00475087 0.00516454 0.00530767 0.00554499]
[0.00264722 0.00407802 0.00464514 0.00464771 0.00477887 0.00505293]
[0.00326244 0.00465063 0.00554386 0.00584464 0.00609852 0.0062082 ]
[0.00522224 0.00828098 0.00853805 0.0087439  0.00925833 0.00930899]
[0.00361154 0.00476576 0.00506216 0.00524391 0.00609858 0.00666229]
[0.00193554 0.00239901 0.00411524 0.00414698 0.00443203 0.00455919]
[0.0016673  0.00185441 0.00189793 0.00222871 0.00252485 0.00350836]
[0.00239766 0.0038487  0.00473752 0.00514551 0.00566555 0.00579323]
[0.0066471  0.00719164 0.0077319  0.00793097 0.00796149 0.00886412]
[0.00110907 0.00320899 0.00345597 0.00348962 0.00522359 0.00556449]
[0.00274165 0.00394807 0.00403649 0.00493005 0.00493782 0.00560479]
[0.00265957 0.00796363 0.00814466 0.00827684 0.00861742 0.00862376]
[0.00209044 0.00294817 0.00308795 0.00369945 0.00378345 0.00430977]
[0.00132559 0.0016113  0.00238879 0.0031305  0.00317172 0.00357714]
[0.00332673 0.00459432 0.00576586 0.00625319 0.00641017 0.00643128]
[0.00244931 0.00325508 0.00554363 0.00576128 0.00580155 0.00623661]
[0.00285755 0.0037289  0.004041   0.00499332 0.00530345 0.00573976]
[0.00481877 0.00537497 0.00550539 0.00582678 0.00608142 0.00633157]
[0.00364038 0.00436331 0.00456449 0.00474767 0.00604605 0.00627661]
[0.00464578 0.00470938 0.00518864 0.00589969 0.00612873 0.00748896]
[0.00242221 0.00329191 0.00413348 0.00422954 0.00443506 0.00481018]
[0.00244842 0.00255044 0.00430024 0.00469523 0.00593803 0.00738981]
[0.00275398 0.00611464 0.00697703 0.00745637 0.00768341 0.00772404]
[0.00274071 0.00331617 0.0040345  0.00532696 0.00542567 0.00603578]
[0.00417206 0.00608785 0.00651401 0.00734727 0.0076056  0.00774682]
[0.00507648 0.00574442 0.00583607 0.00639604 0.00739077 0.00862299]
[0.00631525 0.00643261 0.0081746  0.00818035 0.00879631 0.00899402]
[0.00241814 0.00450462 0.00461282 0.00528929 0.00645086 0.00645469]
[0.00294853 0.00640831 0.007189   0.00734046 0.00910256 0.00920616]
[0.00423169 0.00450801 0.00548811 0.00637378 0.00672097 0.00775887]
[0.00299036 0.00511665 0.00516891 0.00709087 0.00712344 0.00733404]
[0.00272944 0.00494114 0.0049751  0.00519464 0.00592516 0.0062356 ]
[0.0082035  0.00948767 0.01095199 0.01147208 0.01170858 0.01172484]
[0.0060672  0.00779605 0.00883062 0.00981319 0.01064329 0.01153552]
[0.00437245 0.00560892 0.00642903 0.00712411 0.00735541 0.00750182]
[0.00380671 0.00590408 0.00729802 0.00918235 0.01059251 0.01076163]
[0.00304935 0.0053301  0.0053903  0.00667025 0.00727129 0.0079142 ]
[0.00240372 0.00415102 0.00442021 0.00511697 0.00694277 0.00734653]
[0.0020613  0.00217647 0.00431234 0.00436281 0.00445167 0.00461367]
[0.00386535 0.00597123 0.00647963 0.00690351 0.00704787 0.00810856]
[0.00407326 0.00518462 0.00573296 0.00588485 0.0075839  0.00760126]
[0.00349293 0.00469163 0.00498276 0.00535934 0.00557997 0.00610844]
[0.00265927 0.00323156 0.00524976 0.00627555 0.00662357 0.00790125]
[0.00325667 0.0044819  0.00521489 0.00535464 0.00558063 0.00601198]
[0.00059563 0.00158899 0.00182134 0.0018363  0.002016   0.00210842]
[0.00082025 0.00164112 0.00180554 0.00182492 0.00182917 0.00186055]
[0.0009853  0.00100633 0.00159496 0.00192295 0.002204   0.00220928]
[0.00022374 0.00084542 0.00124464 0.00154101 0.00157239 0.00164425]
[0.000712   0.0009672  0.00121529 0.00147863 0.0015015  0.00165307]
[0.00072236 0.00152635 0.00172939 0.00194885 0.00254475 0.002745  ]
[0.00086807 0.0008826  0.00153512 0.00178264 0.00182819 0.0018304 ]
[0.0006442  0.00070218 0.0010416  0.00119858 0.00159792 0.00160867]
[0.00369805 0.00496332 0.00510435 0.00559584 0.00636085 0.00673852]
[0.00145657 0.00203629 0.00311207 0.00449327 0.00454611 0.00484513]
[0.00157684 0.0020892  0.0034818  0.00350717 0.0056404  0.00598903]
[0.00232947 0.00242872 0.00368066 0.00398527 0.00415256 0.00428564]
[0.00195813 0.00231432 0.00245016 0.00353893 0.00366568 0.00393706]
[0.00130622 0.00185913 0.00293534 0.00302488 0.00341866 0.00355769]
[0.00135062 0.00272358 0.00293603 0.00295084 0.00305883 0.00367167]
[0.00532756 0.00566021 0.0061821  0.00641046 0.00792468 0.00866126]
[0.00456278 0.00692621 0.00729827 0.00769162 0.00816176 0.00823361]
[0.00430897 0.0043394  0.00438738 0.00461001 0.00467691 0.00481503]
[0.00107468 0.00238041 0.00573476 0.00591007 0.00613032 0.0061565 ]
[0.00057916 0.00105034 0.00110828 0.00255113 0.00300065 0.0034704 ]
[0.0023563  0.00277289 0.00319663 0.00525407 0.00588938 0.00629831]
[0.00303715 0.00475425 0.00524907 0.00585138 0.00598306 0.00634015]
[0.00173282 0.00205283 0.00257458 0.00265597 0.0033092  0.00348085]
[0.00199413 0.00265629 0.00337808 0.00340736 0.00363729 0.00378915]
[0.00172574 0.00338399 0.00468795 0.00568127 0.00573846 0.00576369]
[0.00073297 0.00141871 0.00146199 0.00195463 0.0021566  0.0023652 ]
[0.000976   0.00108994 0.00135158 0.00179388 0.00222237 0.00228644]
[0.00170994 0.00254036 0.00367707 0.00406108 0.00428608 0.00464451]
[0.00239559 0.00288783 0.00300026 0.00306495 0.0042992  0.00459535]
[0.00171434 0.00341697 0.00376061 0.00510342 0.00529931 0.00590059]
[0.00123111 0.00238573 0.00269173 0.00386405 0.00414936 0.00419056]
[0.00260357 0.00289264 0.00343634 0.00374651 0.00453283 0.00492436]
[0.00096294 0.00295729 0.00326666 0.00334757 0.0038065  0.00382509]
[0.00124103 0.00197888 0.00276848 0.00279778 0.0028799  0.00343568]
[0.00256571 0.00410082 0.00427981 0.00439121 0.00488977 0.00527948]
[0.00152494 0.00194564 0.00320685 0.00333405 0.00337775 0.00343368]
[0.00170088 0.00232176 0.00248415 0.00383276 0.00391628 0.00622612]
[0.00382908 0.00387637 0.0051224  0.00622874 0.00704613 0.00820468]
[0.00246804 0.00249569 0.00308585 0.0040967  0.00449552 0.0052348 ]
[0.0026574  0.00291243 0.00380421 0.00441774 0.00477381 0.00534091]
[0.00448598 0.0047869  0.00482486 0.00491378 0.00507214 0.00516653]
[0.00237512 0.00331747 0.00409586 0.00460154 0.00516786 0.00520004]
[0.00336562 0.00500861 0.00652998 0.00709307 0.0074299  0.00767828]
[0.00224426 0.00356711 0.00417916 0.00491531 0.00500699 0.00581508]
[0.00392911 0.0058076  0.00617539 0.00654598 0.00693589 0.00738392]
[0.00202702 0.00225265 0.00261772 0.00441077 0.00484982 0.00574933]
[0.00256157 0.00270695 0.00404954 0.00425023 0.00440517 0.00484484]
[0.00070182 0.00177029 0.00247601 0.00288469 0.00305084 0.0037233 ]
[0.00153568 0.00163222 0.00200864 0.00238323 0.0024603  0.00269222]
[0.0019701  0.00215531 0.00225618 0.00285974 0.00346379 0.00369801]
[0.00297103 0.00329716 0.00385392 0.00412212 0.00469338 0.0047763 ]
[0.00128293 0.00132314 0.00252891 0.00259802 0.00288231 0.00307759]
[0.0011664  0.00234159 0.00264989 0.00289799 0.00358265 0.00369426]
[0.00151346 0.00266352 0.00271796 0.00312451 0.00319412 0.00377866]
[0.00148992 0.00270306 0.00271798 0.00295992 0.00476497 0.00547451]
[0.00316376 0.0031686  0.00317642 0.00388668 0.00541264 0.00564624]
[0.00387925 0.00467103 0.006168   0.00617575 0.00668588 0.00680896]
[0.00271107 0.00406995 0.00533882 0.00537955 0.00557516 0.00576281]
[0.0040073  0.00633032 0.00666066 0.00692285 0.00711078 0.00794415]
[0.00158199 0.00337078 0.00343726 0.00423956 0.00446371 0.00588295]
[0.00229579 0.00278001 0.00475428 0.00519138 0.00528518 0.00539032]
[0.00215572 0.00274464 0.00287513 0.00320875 0.00430802 0.00473506]
[0.00122203 0.00245792 0.00278675 0.00295457 0.00316533 0.00435336]
[0.00093314 0.00215558 0.00220351 0.00288651 0.00375267 0.00391944]
[0.00276583 0.00341516 0.00364819 0.00414709 0.00446842 0.00562469]
[0.00210016 0.00425885 0.00628534 0.0070441  0.00738364 0.00795187]
[0.00091462 0.00096137 0.00242947 0.00348971 0.00433246 0.00516562]
[0.00371407 0.00394481 0.00412674 0.00465565 0.00466572 0.00576175]
[0.00260688 0.00309591 0.00415855 0.00460702 0.00520955 0.00550986]
[0.00136643 0.00137905 0.00215526 0.00259069 0.00332433 0.00336869]
[0.00258462 0.00390294 0.0044875  0.00486944 0.00511713 0.00560989]
[0.00578752 0.00691514 0.00701927 0.00800745 0.00870994 0.00872047]
[0.00331215 0.00353352 0.00364985 0.00531646 0.00545357 0.00766735]
[0.00443244 0.00556313 0.0058404  0.00629245 0.00638308 0.00729396]
[0.00251079 0.00291626 0.00358958 0.00493089 0.0056943  0.00608494]
[0.00290122 0.00605086 0.00737282 0.00748581 0.00849509 0.00895446]
[0.00163838 0.00294004 0.00458132 0.0055435  0.00564563 0.00610178]
[0.005428   0.00665534 0.00840803 0.00960063 0.0115897  0.01249148]
[0.0064181  0.00772959 0.00785243 0.00845585 0.00847475 0.01003309]
[0.00520505 0.00769899 0.00903477 0.01030732 0.01052851 0.01094218]
[0.00253759 0.00401539 0.00571032 0.00806827 0.00812692 0.00912206]
[0.00359506 0.00474237 0.00485313 0.00587816 0.00592967 0.0065303 ]
[0.00260978 0.00324583 0.00325118 0.00344954 0.00506415 0.00523757]
[0.00580991 0.00745283 0.00764996 0.0088763  0.00938401 0.00965188]
[0.00247147 0.00774378 0.00804188 0.00834576 0.00839862 0.00846991]
[0.00084123 0.00423464 0.00433698 0.00826563 0.00850232 0.00890778]
[0.00221164 0.00224413 0.00484173 0.00577403 0.00611481 0.00625896]
[0.00357452 0.00738973 0.00857927 0.00868204 0.01070554 0.01140387]
[0.00563554 0.00590207 0.00728074 0.00898878 0.00931857 0.0097548 ]
[0.00639546 0.00690916 0.0075322  0.0085251  0.00869768 0.00906232]
[0.00237175 0.0058506  0.00618384 0.00673615 0.00683559 0.0107236 ]
[0.00178966 0.00303936 0.00368201 0.00454579 0.00689688 0.0077873 ]
[0.00242719 0.00608945 0.0062667  0.00898502 0.01151973 0.01207526]
[0.00212246 0.00758243 0.00798395 0.00798774 0.00902703 0.01159763]
[0.00303378 0.00902714 0.00912726 0.0099145  0.01030723 0.01132943]
[0.00235052 0.00360538 0.0041425  0.00510078 0.00675502 0.00691484]
[0.00755113 0.00765522 0.00874474 0.00904035 0.00946255 0.00990549]
[0.00188431 0.00501569 0.00696611 0.00726809 0.00727473 0.00732376]
[0.00324461 0.00559462 0.00828171 0.00847326 0.00913969 0.0112739 ]
[0.00502712 0.00535134 0.00670544 0.00714508 0.00715097 0.00753031]
[0.0013642  0.00275245 0.00310797 0.00379015 0.00737899 0.0073899 ]
[0.0004471  0.00215159 0.00226513 0.00343466 0.00367548 0.00592578]
[0.00329935 0.003356   0.0040952  0.0044067  0.00447628 0.00523782]
[0.00466746 0.00480821 0.00490098 0.00512012 0.00639146 0.00762192]
None
[0.00441674 0.00586375 0.00630799 0.00661032 0.0077747  0.00811807]
[0.00410763 0.0043042  0.00501338 0.00552322 0.0055785  0.00655277]
[0.00547525 0.00652409 0.00675337 0.00678443 0.00752314 0.00826224]
[0.00058785 0.00570937 0.00573215 0.00784297 0.00858825 0.00923078]
[0.00379436 0.00421673 0.00476832 0.00540528 0.00582365 0.00631593]
[0.00806636 0.00857767 0.00945713 0.00963805 0.01050651 0.01072599]
[0.00502523 0.00736829 0.00829248 0.00976234 0.01015622 0.01023903]
[0.00847048 0.00866014 0.00961961 0.00987771 0.01181442 0.01187258]
[0.00772865 0.00821241 0.00986756 0.01043728 0.01073278 0.01195428]
[0.00897704 0.00908268 0.00940603 0.01098361 0.01357855 0.01453228]
[0.00588098 0.00597366 0.00620638 0.00683634 0.00784063 0.00903008]
[0.0075812  0.00767936 0.00834238 0.00911988 0.00931215 0.00932326]
[0.00271971 0.00548323 0.0055941  0.00689398 0.0071706  0.00880635]
[0.00429416 0.00464694 0.01018918 0.01070938 0.01108353 0.01137517]
[0.00889095 0.00966065 0.01025732 0.01113743 0.01165281 0.01171054]
[0.00504846 0.00685186 0.0070645  0.0082367  0.00867499 0.0088248 ]
[0.00425601 0.00832811 0.00919635 0.00961318 0.01102577 0.01129745]
[0.00565565 0.00803376 0.01028957 0.01102951 0.01118004 0.01193525]
[0.00237636 0.00571134 0.00650892 0.00745913 0.00782684 0.00808457]
[0.00524454 0.00869104 0.00951928 0.00995942 0.01193369 0.01226528]
[0.00577998 0.00687644 0.008325   0.00835592 0.00855881 0.00892846]
[0.00616813 0.00839325 0.00868148 0.00973121 0.01033833 0.01072652]
[0.00667077 0.00845642 0.00891979 0.010187   0.01052657 0.010608  ]
[0.00335895 0.00773954 0.00785857 0.00860273 0.0087813  0.00909956]
[0.00555654 0.00752859 0.00891916 0.00932929 0.00954285 0.01045129]
[0.00385425 0.00428824 0.00580275 0.00581949 0.00771238 0.00802156]
[0.00556802 0.00647836 0.00717859 0.00734018 0.00752371 0.00783411]
[0.00326667 0.005996   0.00772203 0.00847255 0.00874237 0.01187045]
[0.00751741 0.00770002 0.00800371 0.00839201 0.00896277 0.01031583]
[0.00106779 0.00441863 0.00551674 0.00704036 0.00819801 0.00844767]
[0.00187703 0.00472784 0.00696381 0.00852566 0.00923938 0.01046964]
[0.00588559 0.00611751 0.00737188 0.00854711 0.00869401 0.00881005]
[0.00306742 0.00417743 0.00441156 0.00551066 0.00562669 0.00585941]
[0.00407635 0.00728097 0.00763763 0.00785067 0.00804165 0.00833247]
[0.00576176 0.00675132 0.00833511 0.0091419  0.00931513 0.01010094]
[0.00591628 0.00714819 0.00849017 0.00979764 0.01034149 0.01177499]
[0.003633   0.00750859 0.0088322  0.00914855 0.00919429 0.01039713]
[0.01002356 0.01117695 0.01183047 0.01309614 0.01442454 0.01538708]
[0.00690932 0.00696173 0.00734468 0.00920037 0.00957032 0.00964993]
[0.00381832 0.00504993 0.0063641  0.00660544 0.00734052 0.00751553]
[0.00985776 0.01022108 0.01064727 0.01071252 0.01143217 0.01189264]
[0.00199008 0.0044556  0.00874594 0.00880902 0.00964299 0.00998858]
[0.00667018 0.00715893 0.00975195 0.01054516 0.01084359 0.01145291]
[0.00540421 0.00582194 0.00664418 0.00800834 0.00803726 0.00885676]
[0.00544231 0.0059759  0.00606951 0.00666553 0.00816402 0.00821479]
[0.00259312 0.00587529 0.00633738 0.00672845 0.00750466 0.00797519]
[0.00398332 0.00600251 0.00647785 0.00679402 0.00754205 0.00776315]
[0.00709091 0.00713463 0.00744511 0.00910175 0.00911182 0.0095977 ]
[0.00336917 0.00556406 0.0077339  0.00820876 0.00861043 0.01010125]
[0.00529921 0.00690121 0.00761747 0.00810268 0.00947054 0.00995101]
[0.00822862 0.01078462 0.01137915 0.01172614 0.01179716 0.01208948]
[0.00385003 0.00464447 0.00646239 0.00836232 0.00870646 0.0102015 ]
[0.0079643  0.00906834 0.01106587 0.01133581 0.01236787 0.0124401 ]
[0.00566973 0.00644059 0.00759617 0.00817869 0.00858556 0.0087224 ]
[0.00718    0.00731602 0.00753383 0.01083218 0.0109807  0.01168172]
[0.00464227 0.00621989 0.00624884 0.00694059 0.00727257 0.00800411]
[0.00762607 0.00833435 0.00989578 0.01208441 0.01264045 0.01367574]
[0.00485712 0.01142605 0.01299275 0.01484334 0.01583858 0.01636084]
[0.00296746 0.00890583 0.00899615 0.00986139 0.01047299 0.01079357]
[0.00522965 0.00571103 0.00601109 0.00764866 0.00909992 0.00962495]
[0.0056768  0.0066693  0.0075958  0.00873392 0.00923365 0.00953015]
[0.00498028 0.00614186 0.00891026 0.00943512 0.01092119 0.01105295]
[0.00180662 0.00183161 0.00209107 0.00243208 0.00347884 0.00381363]
[0.00221092 0.0066691  0.00723005 0.00731475 0.00738268 0.00815986]
[0.00430392 0.01033954 0.01074503 0.01150189 0.01193429 0.01201788]
[0.00907697 0.0101379  0.01124731 0.01203202 0.01210214 0.01217001]
[0.00609863 0.00622529 0.008409   0.01014221 0.01070761 0.01136264]
[0.00386789 0.00646457 0.00673626 0.0072765  0.00729129 0.0083973 ]
[0.00467092 0.0056758  0.00700303 0.00750057 0.00816873 0.00838337]
[0.00611013 0.00768404 0.00957752 0.0100343  0.01151463 0.01220019]
[0.00238026 0.00411352 0.0078027  0.00869363 0.00986682 0.01027953]
[0.00235115 0.00666212 0.00740687 0.00805792 0.00927645 0.01015075]
[0.00583758 0.00686238 0.0069722  0.00834178 0.00859555 0.00901658]
[0.00340359 0.00714651 0.00727007 0.00730585 0.00763629 0.00767185]
[0.00383761 0.00464981 0.00481253 0.00487175 0.00645534 0.00749979]
[0.00567426 0.0058173  0.00658909 0.00732077 0.0078014  0.00799217]
[0.00218205 0.00534955 0.00706225 0.00720272 0.00816558 0.01061021]
[0.00487328 0.00533307 0.00568605 0.00592862 0.0060585  0.00655918]
[0.00617918 0.00691399 0.00784919 0.0079204  0.00831084 0.00839059]
[0.00357624 0.00626863 0.00736823 0.00898307 0.01054343 0.01101793]
[0.00496667 0.00573486 0.00602247 0.00672185 0.00704394 0.00828508]
[0.00348437 0.00400835 0.00420473 0.00601952 0.0060447  0.00628766]
[0.00454241 0.00561966 0.00623199 0.00668766 0.00907253 0.00928924]
[0.00691689 0.00722512 0.00916545 0.00935487 0.00939387 0.00945218]
[0.00524229 0.00646098 0.00797092 0.00818537 0.00830062 0.0102234 ]
[0.00473743 0.0050875  0.00666963 0.00709124 0.00786079 0.00787251]
[0.0021285  0.00494733 0.00716683 0.00746931 0.00752619 0.0080225 ]
[0.00221391 0.00601926 0.00740168 0.00745976 0.00771603 0.00787721]
[0.00322451 0.00507777 0.00508605 0.00547547 0.00574426 0.00577389]
[0.0011269  0.00415037 0.00500008 0.0054226  0.00642285 0.00709926]
[0.00204008 0.00332345 0.00546881 0.00558217 0.0056896  0.00569342]
[0.00218452 0.00390199 0.00608714 0.00615226 0.00619762 0.00662561]
[0.00392739 0.00512912 0.00551924 0.00634986 0.00677297 0.00691776]
[0.00394217 0.00420312 0.00426278 0.00515286 0.00567964 0.00569095]
[0.00393835 0.00407695 0.00422114 0.00498697 0.0051693  0.00665928]
[0.00374482 0.00416752 0.00444573 0.0046165  0.00622555 0.00634949]
[0.00306456 0.00382279 0.0043919  0.00449289 0.00503216 0.00523271]
[0.00199279 0.00608351 0.00610566 0.00749805 0.00753026 0.00852987]
[0.00466767 0.00699534 0.00765596 0.00868667 0.00891065 0.01017128]
[0.00521668 0.00589446 0.006231   0.0065099  0.00783412 0.0080524 ]
[0.00329745 0.00369847 0.00412754 0.00459746 0.00464657 0.00526842]
[0.00604744 0.00607452 0.00787974 0.00790484 0.00847768 0.00868892]
[0.00170521 0.00401304 0.0041952  0.0046498  0.00526587 0.00561047]
[0.00106984 0.00190252 0.00401851 0.00409558 0.00412645 0.00435319]
[0.00391723 0.00647351 0.00799761 0.0080927  0.00838586 0.00866313]
[0.00410326 0.00618351 0.00667684 0.00765923 0.007786   0.00803924]
[0.00364595 0.00444667 0.00524452 0.00614588 0.00625291 0.00669936]
[0.00191183 0.00623786 0.00673076 0.00673954 0.00684285 0.00825686]
[0.0042706  0.00509838 0.00536154 0.00541095 0.00597052 0.00615331]
[0.00352817 0.00512412 0.00527469 0.00704159 0.00727798 0.00734278]
[0.00339164 0.00438897 0.00668128 0.00692995 0.00735045 0.00768267]
[0.00131338 0.00338837 0.00363271 0.00531002 0.0062784  0.00733104]
[0.00237427 0.00576047 0.00634433 0.00661979 0.00746671 0.00797702]
[0.0029116  0.00449175 0.00507129 0.00525965 0.00555926 0.00649899]
[0.00620671 0.00737298 0.00829669 0.00857738 0.00875227 0.00884783]
[0.00384349 0.00472038 0.0052418  0.00709115 0.00760864 0.00764337]
[0.00301736 0.00343814 0.00369286 0.00424065 0.00481146 0.00516189]
[0.00366613 0.00378025 0.00509735 0.00523884 0.00553728 0.00630224]
[0.00404122 0.00430454 0.00460175 0.00543083 0.00757143 0.00761389]
[0.00425031 0.00436117 0.00466936 0.00662024 0.00723847 0.00777446]
[0.00331112 0.00353014 0.0043096  0.00489218 0.0053185  0.00595603]
[0.00138619 0.00330678 0.00352737 0.00353365 0.00416333 0.0042165 ]
[0.00399013 0.00537442 0.0059575  0.00676536 0.00693253 0.00846166]
[0.00340979 0.00449241 0.00472785 0.00524582 0.00549782 0.00600615]
[0.0023255  0.00408409 0.00555526 0.00629392 0.00760472 0.00768418]
[0.00547597 0.00686215 0.00695533 0.00708932 0.00883753 0.00908583]
[0.0037186  0.00397453 0.00458036 0.0052806  0.00548933 0.00581066]
[0.00497642 0.00541918 0.00656283 0.00674178 0.0071615  0.00799757]
