[0.00618034 0.00838584 0.00996646 0.01028575 0.01499271 0.01519305]
[0.00575529 0.00912633 0.00913015 0.01164319 0.01213855 0.01629561]
[0.0077457  0.00971362 0.01028668 0.01058438 0.01201739 0.01309286]
[0.00719473 0.01031393 0.01450436 0.0158066  0.01599922 0.01607453]
[0.00769984 0.01111175 0.01118116 0.01272806 0.01274958 0.01298453]
[0.00978827 0.0148127  0.02128418 0.02306974 0.0232508  0.02477337]
[0.01058275 0.01100081 0.01532713 0.01572836 0.01680067 0.01833073]
[0.00698245 0.0123409  0.01619464 0.01657572 0.01685808 0.01765781]
[0.00366329 0.00792999 0.00826854 0.00882002 0.01013812 0.01094289]
[0.00772728 0.01357991 0.0140918  0.01434076 0.01493474 0.02004245]
[0.00842609 0.01086973 0.01153282 0.01154857 0.01156739 0.01630863]
[0.00487306 0.00533038 0.00733191 0.00752627 0.00906663 0.00915154]
[0.00585607 0.00622087 0.01090178 0.01122795 0.01355646 0.01430481]
[0.00358536 0.00498405 0.00718466 0.00720667 0.0081209  0.01178998]
[0.00390361 0.01042804 0.01204657 0.0122877  0.01395746 0.0149893 ]
[0.00661044 0.00989102 0.01119447 0.0153615  0.01767552 0.01953208]
[0.00481334 0.00905359 0.00959113 0.01153957 0.01175462 0.01178523]
[0.00935369 0.00947329 0.00950464 0.01133176 0.01238063 0.01366263]
[0.00604015 0.01149276 0.01250968 0.01307816 0.01317955 0.01329895]
[0.01001193 0.01299103 0.01687928 0.01716754 0.0186606  0.01895889]
[0.0080482  0.00881679 0.01066083 0.01150856 0.01194906 0.01361943]
[0.01390084 0.0139765  0.01595727 0.01777716 0.01914141 0.01918036]
[0.00606335 0.00818012 0.00929748 0.01200036 0.01364789 0.01485868]
[0.01215205 0.0148396  0.01681756 0.02068509 0.021372   0.02200778]
[0.00271708 0.00918551 0.00962    0.00993808 0.00994585 0.01092879]
[0.00719855 0.0102679  0.01116846 0.01272664 0.01320421 0.01428346]
[0.00317981 0.00812091 0.00896611 0.01023904 0.01111068 0.01258549]
[0.00576837 0.00899431 0.01298713 0.01315503 0.01508638 0.01511626]
[0.00475594 0.00837497 0.0093886  0.00990488 0.01063264 0.01162429]
[0.00588712 0.01187339 0.01269952 0.01274765 0.01406435 0.01424611]
[0.00417988 0.00928723 0.01140556 0.01306245 0.01366277 0.01422705]
[0.00495048 0.00502407 0.0085198  0.01094487 0.01120002 0.0125166 ]
[0.00772761 0.00834492 0.00836416 0.00868868 0.00910993 0.01217926]
[0.00463017 0.00675036 0.00808347 0.00835896 0.00856151 0.01031606]
[0.00230997 0.00824379 0.0097148  0.01250269 0.01276466 0.01280521]
[0.00639348 0.01002053 0.01314817 0.0137796  0.01395692 0.01512947]
[0.00824013 0.00853969 0.011943   0.01253472 0.01336798 0.01540206]
[0.00479257 0.00493479 0.00801624 0.01169891 0.01341839 0.01375269]
[0.00734409 0.01148129 0.01155353 0.01324324 0.01331018 0.01473429]
[0.0056195  0.00888013 0.01047639 0.01140241 0.01144629 0.01182356]
[0.00879925 0.01225056 0.015798   0.01697296 0.01726627 0.0173758 ]
[0.00835244 0.01178096 0.01321908 0.01520597 0.0172202  0.01739636]
[0.00932662 0.01102455 0.01308046 0.01430552 0.01455747 0.01479162]
[0.00498261 0.00787515 0.0080716  0.01155163 0.01209118 0.01291106]
[0.00396212 0.00792248 0.01159673 0.01309319 0.01335249 0.01451415]
[0.00376677 0.00532011 0.00707184 0.00752807 0.00955468 0.01008705]
[0.0073099  0.00807546 0.00940141 0.01009441 0.01033617 0.01121552]
[0.00162943 0.0033146  0.0072456  0.00752908 0.00757972 0.0080663 ]
[0.00087533 0.00792476 0.0096396  0.0102383  0.0106329  0.01128877]
[0.00921513 0.00942863 0.01036451 0.0107374  0.01142123 0.01207772]
[0.01351158 0.01503419 0.01587191 0.01611079 0.01907475 0.01955557]
[0.01001474 0.01160945 0.01200286 0.0127681  0.01279623 0.0144814 ]
[0.00860287 0.00975283 0.01019651 0.01222786 0.01236457 0.0126917 ]
[0.00331971 0.00483708 0.00881028 0.0097345  0.00986635 0.01190979]
[0.00972963 0.0103511  0.0132373  0.01382157 0.0157433  0.01588862]
[0.00888788 0.00963972 0.00968895 0.01123424 0.01252761 0.01581178]
[0.00786451 0.00856813 0.01002597 0.01144825 0.01188164 0.01260197]
[0.00909801 0.00933257 0.0099514  0.01031685 0.01081738 0.01191731]
[0.00634674 0.00878312 0.00982151 0.011128   0.01135351 0.01564818]
[0.00458067 0.0077355  0.00779347 0.00803468 0.01048906 0.01080512]
[0.0052501  0.00664373 0.00686445 0.00728363 0.00784861 0.01013286]
[0.00743232 0.00848281 0.00888922 0.01074138 0.01257682 0.01367224]
[0.00729733 0.01205156 0.01358099 0.01390521 0.014056   0.01422837]
[0.00707695 0.00866297 0.00897363 0.00999208 0.01328379 0.01342625]
[0.00878742 0.01053998 0.01223524 0.01258413 0.01354093 0.01555336]
[0.00506993 0.0067423  0.01245216 0.01276749 0.01358351 0.01362646]
[0.00851632 0.01239367 0.01295034 0.01374237 0.0141565  0.01500491]
[0.00467372 0.00502371 0.00528491 0.0053975  0.00731146 0.00814782]
[0.00543825 0.00832027 0.00910679 0.01384872 0.01748421 0.0178626 ]
[0.00487442 0.01087034 0.01139777 0.0119893  0.01471628 0.01565947]
[0.00592187 0.00939437 0.01109933 0.01129547 0.01159415 0.01220826]
[0.01021422 0.01101656 0.01187342 0.01331089 0.01345612 0.01380111]
[0.00366918 0.00494942 0.00873621 0.01051626 0.01425377 0.01426492]
[0.00638431 0.0076987  0.00779952 0.00833743 0.01000004 0.0101293 ]
[0.0042063  0.00837389 0.00866369 0.0088477  0.00895591 0.00960237]
[0.01128851 0.01340577 0.01391498 0.01552212 0.01557261 0.01893973]
[0.0071186  0.01004787 0.01025368 0.01051469 0.01136514 0.01140903]
[0.00710571 0.00889837 0.00905268 0.0100533  0.01059919 0.01067773]
[0.00657464 0.00939107 0.01202693 0.01225004 0.01238788 0.01261331]
[0.00434876 0.00532034 0.00654893 0.00758464 0.00939813 0.0095869 ]
[0.00127847 0.00147079 0.00438668 0.00481429 0.00485959 0.00503574]
[0.00301723 0.00534101 0.00544484 0.00708849 0.00710399 0.00787393]
[0.0034298  0.00604377 0.00613216 0.00666612 0.00954619 0.00993791]
[0.00628014 0.00650385 0.01028361 0.01120085 0.01130578 0.01140357]
[0.00330375 0.00366289 0.00466938 0.00876778 0.01147143 0.01183763]
[0.00557188 0.00589883 0.00735616 0.00835229 0.0088453  0.00904275]
[0.00508045 0.00677641 0.00708195 0.00718287 0.00768164 0.0081845 ]
[0.00564647 0.00641973 0.00733519 0.00846888 0.00856849 0.00864582]
[0.00416351 0.00438029 0.0053586  0.00598252 0.00652441 0.0069748 ]
[0.00507111 0.00587311 0.00727052 0.00914799 0.00989907 0.0100457 ]
[0.00397008 0.00400177 0.00506684 0.00634273 0.00675477 0.0077702 ]
[0.00706041 0.00726301 0.00899467 0.00942865 0.00983533 0.0102399 ]
[0.00621918 0.0072215  0.00728495 0.00776862 0.01017067 0.01099849]
[0.00787875 0.00906317 0.00930309 0.00936267 0.01123451 0.01156997]
[0.00325418 0.00575406 0.00683598 0.00704041 0.00755548 0.00762697]
[0.00176578 0.00282555 0.00299782 0.00301927 0.00393061 0.00409733]
[0.00297255 0.0056983  0.00674166 0.00710898 0.00821244 0.00847264]
[0.00255919 0.00487386 0.0057798  0.00607065 0.00614392 0.00680944]
[0.00554745 0.00751495 0.00860859 0.00907938 0.00928652 0.01031233]
[0.00483134 0.0048585  0.00642552 0.00731645 0.00772998 0.00909758]
[0.00160675 0.00402751 0.0064978  0.00850462 0.00861989 0.00961999]
[0.0041718  0.0047866  0.00647361 0.00660553 0.00676955 0.00802108]
[0.00276738 0.00458213 0.00484956 0.00559176 0.00616877 0.0061929 ]
[0.00631819 0.00668653 0.007077   0.00729286 0.00772455 0.00978057]
[0.00405923 0.00419092 0.00443132 0.00458705 0.00483693 0.00551363]
[0.00520807 0.00645056 0.00932995 0.00947723 0.01201185 0.0123804 ]
[0.00280213 0.00515199 0.00562107 0.00593937 0.00784906 0.0081244 ]
[0.00623387 0.00831346 0.01096096 0.0113618  0.01169451 0.01209913]
[0.00676981 0.00679762 0.00928422 0.00948497 0.00980512 0.01147362]
[0.00428434 0.00448762 0.00467008 0.00470266 0.00478971 0.00533379]
[0.00397235 0.00643752 0.00859744 0.00919643 0.00929561 0.01232521]
[0.00268711 0.00397745 0.00402498 0.00697196 0.01104983 0.01108404]
[0.00226732 0.00823707 0.00872795 0.00881745 0.00958736 0.01087687]
[0.00233351 0.00507392 0.00619212 0.00966089 0.0113351  0.01200906]
[0.00220886 0.00629912 0.00701456 0.00929369 0.0111829  0.01139722]
[0.00347631 0.00832436 0.00882614 0.01119828 0.01139039 0.01292332]
[0.0023294  0.0031326  0.00432434 0.00447065 0.00860668 0.00977995]
[0.00536853 0.00704475 0.00790133 0.00801065 0.00843454 0.01019977]
[0.00521881 0.00663652 0.00903039 0.01135451 0.01186459 0.01218806]
[0.00149236 0.00881137 0.00967837 0.00972669 0.00975273 0.00987269]
[0.00503412 0.00599811 0.00745007 0.0085306  0.01000143 0.012134  ]
[0.00421182 0.00532291 0.00805561 0.00921141 0.00934894 0.01094447]
[0.00256319 0.00630449 0.00639909 0.00767941 0.00854393 0.0110009 ]
[0.00695341 0.00722263 0.00810128 0.00832938 0.00848221 0.00849008]
[0.00503939 0.00745633 0.01092241 0.01193336 0.01248942 0.01251372]
[0.00793338 0.00820097 0.01024037 0.01183083 0.01312402 0.01374035]
[0.00561784 0.0082085  0.0098072  0.01229402 0.01236826 0.01264904]
[0.00147007 0.0071329  0.00848065 0.0107738  0.01179199 0.01381364]
[0.00765974 0.00933399 0.01008339 0.01214211 0.01451336 0.01589808]
[0.00791829 0.0087136  0.00902671 0.0100247  0.01016491 0.01367723]
[0.00564553 0.00657216 0.00720474 0.00751799 0.0075459  0.00763792]
[0.00690166 0.00715054 0.00907501 0.0094723  0.01019057 0.01189084]
[0.00195547 0.00668618 0.0073686  0.00764526 0.00783877 0.00879347]
[0.00378748 0.00425497 0.00519744 0.00692099 0.00692993 0.00705717]
[0.00508504 0.00638566 0.00787785 0.00878938 0.00884817 0.00916124]
[0.00493157 0.00616923 0.00726691 0.00769263 0.00826194 0.0095246 ]
[0.00400652 0.00593697 0.00774155 0.00893663 0.00967833 0.01066306]
[0.00181372 0.00184094 0.00380402 0.003817   0.00443592 0.00469978]
[0.00150127 0.0023189  0.00596428 0.00612593 0.00768526 0.00790864]
[0.00410764 0.00716869 0.00810523 0.00936589 0.00996323 0.01112843]
[0.00351933 0.00376871 0.00689843 0.00762501 0.0079482  0.00935192]
[0.0047989  0.00668093 0.00747713 0.00825092 0.00911998 0.01026607]
[0.00637021 0.00851201 0.00915285 0.01372315 0.01390847 0.0148109 ]
[0.00637422 0.00759804 0.0077082  0.00921374 0.0094932  0.00989201]
[0.00516596 0.00521993 0.007279   0.00755928 0.00853409 0.00861537]
[0.00266936 0.00535955 0.00537027 0.00705796 0.00885519 0.0093094 ]
[0.00634455 0.00806332 0.00930036 0.01060808 0.01067554 0.01289299]
[0.00618627 0.00702885 0.00743259 0.00853691 0.00871823 0.00909206]
[0.0046354  0.00844365 0.00925756 0.00993266 0.00994071 0.0102838 ]
[0.00272349 0.00951171 0.01004059 0.01030938 0.01073734 0.01074958]
[0.0065713  0.00871887 0.00877176 0.00984204 0.01042987 0.01054725]
[0.00153655 0.0032781  0.00345456 0.00361035 0.00383024 0.00400789]
[0.00310404 0.00396183 0.00691931 0.00793539 0.00809053 0.00889464]
[0.00630898 0.00929277 0.00939067 0.0109101  0.01098382 0.01293565]
[0.00607312 0.0063727  0.00652059 0.00765201 0.00767772 0.00873798]
[0.00444718 0.0053085  0.00750253 0.00840775 0.00945036 0.00959248]
[0.0039857  0.00521126 0.00745323 0.00761732 0.00832036 0.00843386]
[0.0040775  0.00472749 0.00602819 0.00795281 0.00799456 0.00869081]
[0.00256095 0.0043497  0.0052499  0.00550201 0.00560517 0.00570559]
[0.00283352 0.00460331 0.00615712 0.0067306  0.00700246 0.00826896]
[0.00766038 0.00769201 0.00815708 0.00936584 0.01065396 0.01095517]
[0.00438055 0.00549655 0.00803829 0.00898978 0.01088137 0.01106864]
[0.00852754 0.01058455 0.0108017  0.01099693 0.01163867 0.01351752]
[0.00672032 0.00963304 0.0098579  0.00992974 0.01081935 0.01336655]
[0.00138513 0.00367233 0.00613977 0.00659794 0.00705348 0.00711072]
[0.00432804 0.00567266 0.00616629 0.00625437 0.00664    0.00730508]
[0.00113611 0.00145664 0.00664035 0.00857542 0.00875655 0.00968184]
[0.00276568 0.00519157 0.00538574 0.00711333 0.00764328 0.00865443]
[0.00445066 0.00675592 0.00684068 0.00690487 0.00810826 0.00966855]
[0.00404223 0.00513418 0.00574227 0.00722037 0.00749518 0.00772148]
[0.0072959  0.00772772 0.01061403 0.01216616 0.01219549 0.0131895 ]
[0.0107846  0.01175751 0.01204722 0.01239299 0.01260282 0.01321495]
[0.00742948 0.00766597 0.00814413 0.00857595 0.00937782 0.00970679]
[0.00215609 0.00343178 0.00355229 0.00790704 0.01005207 0.01082758]
[0.00651039 0.00958736 0.01022381 0.01023481 0.01079307 0.0109235 ]
[0.00587991 0.00767695 0.0089765  0.01121449 0.01151917 0.01379652]
[0.00690882 0.00766102 0.01016175 0.01158108 0.0116955  0.01262956]
[0.0054715  0.00620382 0.00893643 0.00926172 0.01252957 0.0135962 ]
[0.01060036 0.01080038 0.01168932 0.01223995 0.01239078 0.01441225]
[0.00662089 0.00687924 0.00793839 0.00825801 0.00833872 0.00851038]
[0.00589744 0.00825512 0.00914221 0.00973504 0.01070946 0.01314982]
[0.00167443 0.00221603 0.00394301 0.00707771 0.00725616 0.0091574 ]
[0.00535174 0.00737364 0.00754404 0.00897901 0.01199938 0.01210605]
[0.00327362 0.0052365  0.00628082 0.00653496 0.00872747 0.00909604]
[0.00443609 0.00692254 0.00903761 0.00971318 0.00997926 0.01113554]
[0.00335347 0.00392527 0.00531761 0.00861869 0.0086316  0.00908315]
[0.00391598 0.00476968 0.0063397  0.00669546 0.00682671 0.00759395]
[0.00471846 0.00482594 0.00549467 0.00774506 0.00820235 0.00908349]
[0.00649827 0.00661158 0.00737678 0.00855529 0.00862369 0.00966479]
[0.0046363  0.00748332 0.00764073 0.00857212 0.00940729 0.00986107]
[0.00334327 0.00498437 0.00751391 0.00815904 0.0095916  0.01011324]
[0.01155047 0.0121733  0.01248283 0.01270894 0.01345359 0.01373718]
[0.00590204 0.00648965 0.00696751 0.01079015 0.01150174 0.01292601]
[0.00269008 0.00468134 0.0051257  0.00524211 0.00544599 0.00548842]
[0.00340627 0.00580571 0.00941065 0.0114779  0.01159427 0.01227382]
[0.00761353 0.00808431 0.01072246 0.01077986 0.01079118 0.01093161]
[0.00451981 0.00680035 0.0072284  0.01112069 0.01271982 0.01291471]
[0.0043487  0.00726834 0.00849846 0.00925045 0.00936187 0.00981311]
[0.00437803 0.00679169 0.007235   0.00828761 0.00876431 0.0091834 ]
[0.0064101  0.00827339 0.01072873 0.01108557 0.01310584 0.01324266]
[0.00440838 0.00535885 0.00566489 0.00608841 0.00626039 0.00683563]
[0.00778882 0.01005655 0.01045869 0.01049797 0.0118903  0.01241939]
[0.00221046 0.00272042 0.0044128  0.00553632 0.00604448 0.00701835]
[0.00613421 0.00700084 0.00824448 0.00862614 0.01013673 0.01038217]
[0.00490164 0.00996712 0.01120752 0.01228624 0.01291228 0.01384283]
[0.00297334 0.00376146 0.00645578 0.0066348  0.00713041 0.00717943]
[0.00600199 0.00843088 0.00898383 0.00959859 0.01067677 0.01115281]
[0.00213836 0.00329584 0.00389572 0.00480778 0.00825606 0.00828627]
[0.00589133 0.00752236 0.00780298 0.0084905  0.01095844 0.01248576]
[0.00306933 0.01101153 0.01212691 0.01330422 0.01419409 0.01429522]
[0.00987075 0.01189022 0.01303018 0.01681885 0.01822518 0.0191887 ]
[0.01330998 0.01625551 0.01642252 0.01664606 0.01667953 0.01670683]
[0.01186871 0.01595342 0.01706005 0.01846939 0.0201827  0.02051718]
[0.00569372 0.00834371 0.0113616  0.01226848 0.01492658 0.0150064 ]
[0.00460067 0.00861386 0.00997246 0.01154098 0.01170767 0.01174404]
[0.00744363 0.01100591 0.01240929 0.01274615 0.01475918 0.01482189]
[0.00752044 0.0112804  0.01175875 0.01201205 0.01267738 0.01298072]
[0.00987257 0.01029068 0.01308755 0.01385561 0.01437529 0.01541172]
[0.00917796 0.01004233 0.01400088 0.01510561 0.01551402 0.0187471 ]
[0.00924058 0.01222512 0.01636653 0.01687023 0.01930351 0.02233548]
[0.00620006 0.00976266 0.01404963 0.01723503 0.01950104 0.02066255]
[0.00306611 0.00916967 0.00941991 0.00973989 0.01035902 0.01088459]
[0.0099243  0.01356043 0.0136213  0.01383144 0.01419852 0.0142432 ]
[0.0094965  0.01468001 0.01489145 0.01529022 0.01673041 0.01678401]
[0.00533813 0.00861624 0.01528614 0.01831582 0.01849136 0.01858447]
[0.01241076 0.0175395  0.01814109 0.02143764 0.02157478 0.02194981]
[0.01681565 0.01856207 0.01916047 0.0208078  0.02099012 0.02402492]
[0.00543107 0.01038815 0.01260426 0.0126566  0.01318329 0.01352261]
[0.00966178 0.01311511 0.01577022 0.01695617 0.01697266 0.01727099]
[0.01419675 0.01655907 0.01936505 0.0194513  0.02001752 0.02063388]
[0.0026113  0.00952683 0.01007985 0.01394516 0.01556898 0.01647918]
[0.01301709 0.01450147 0.0170332  0.01743356 0.01761121 0.01971977]
[0.00458074 0.0079628  0.00859775 0.00979287 0.01037463 0.0104768 ]
[0.00507955 0.00518348 0.00828279 0.00946984 0.0098368  0.00995516]
[0.00682559 0.00773985 0.00824416 0.00880827 0.01124706 0.01260508]
[0.00257506 0.00532143 0.00534672 0.00544647 0.00550929 0.00633393]
[0.01079215 0.01197748 0.01243006 0.01288263 0.01300178 0.01376646]
None
[0.00453469 0.00642478 0.00755313 0.00825511 0.00831279 0.01077753]
[0.00604071 0.00817901 0.00853781 0.00891688 0.01097275 0.0118742 ]
[0.00577439 0.00698135 0.00703452 0.00757297 0.0083119  0.00871041]
[0.00772431 0.00858376 0.01090286 0.01168064 0.01172313 0.01219756]
[0.00441926 0.0081804  0.00849366 0.00915194 0.00932504 0.0096829 ]
[0.0108418  0.01294602 0.0151912  0.01543067 0.01788023 0.01815473]
[0.0070704  0.00836891 0.00902265 0.00971714 0.01154941 0.01308786]
[0.0097497  0.01042592 0.0104653  0.01050489 0.01147582 0.01228845]
[0.0112451  0.01136807 0.01276213 0.01462285 0.01589356 0.01761066]
[0.00438045 0.011394   0.01306555 0.01847785 0.01968259 0.02017838]
[0.00610234 0.00743868 0.00751004 0.01119591 0.01135985 0.01223073]
[0.00583041 0.00981472 0.01036548 0.01041614 0.01104121 0.01263233]
[0.01105013 0.01187146 0.01229286 0.01280292 0.01302963 0.01312202]
[0.00871298 0.01031249 0.01059818 0.0139854  0.01483994 0.01662194]
[0.00938506 0.01327387 0.0150389  0.01529919 0.01627129 0.01639347]
[0.00570869 0.01148854 0.01266905 0.01517014 0.01544847 0.01555087]
[0.00819387 0.00834681 0.00901163 0.01265324 0.01624822 0.01798045]
[0.00689393 0.00783587 0.00921928 0.01041739 0.01061797 0.01076179]
[0.00543298 0.00553422 0.00601204 0.00696227 0.00732905 0.00821548]
[0.00639005 0.0084479  0.00846133 0.01198579 0.01277483 0.01341255]
[0.00338619 0.00476705 0.00729356 0.00810193 0.00916449 0.01363767]
[0.00636925 0.00796334 0.00968215 0.01202561 0.01226816 0.01387408]
[0.00723277 0.00907937 0.01026531 0.01318121 0.01437718 0.01450577]
[0.00846666 0.01038633 0.01050175 0.01204984 0.01225524 0.01310203]
[0.00612551 0.00943442 0.00970752 0.01227736 0.01237003 0.01288215]
[0.00592194 0.00734481 0.00822912 0.00890681 0.0091148  0.00938066]
[0.00660573 0.01015201 0.01022571 0.01041458 0.01158234 0.0119666 ]
[0.00582668 0.01044259 0.01278209 0.01284026 0.01508303 0.01509471]
[0.0089058  0.01000672 0.01256355 0.01280917 0.01334545 0.01394846]
[0.00692567 0.00709132 0.00965809 0.01057913 0.01243888 0.01358842]
[0.00649265 0.00741061 0.00935943 0.01139832 0.01164463 0.01338975]
[0.00804987 0.01129524 0.01167383 0.01170422 0.01212431 0.01381765]
[0.00426446 0.00525191 0.00537092 0.00551639 0.00605942 0.00694147]
[0.00800148 0.00943237 0.01005833 0.01208922 0.01240183 0.0127325 ]
[0.01106223 0.01118282 0.01155646 0.01162569 0.01320757 0.01539915]
[0.00381123 0.00966402 0.01110187 0.01196069 0.0129483  0.0132572 ]
[0.00374593 0.00379559 0.00555582 0.00730023 0.00874497 0.0097028 ]
[0.00740067 0.00975612 0.01202426 0.01222758 0.01423152 0.01460258]
[0.00680064 0.00866339 0.01014927 0.01152057 0.01252214 0.01421869]
[0.0060491  0.00796866 0.00879809 0.00963975 0.00967721 0.00999752]
[0.00980738 0.01111176 0.01318597 0.01323862 0.01417758 0.01433211]
[0.00657845 0.00898763 0.0103337  0.01097314 0.01138474 0.01361076]
[0.0087865  0.01121649 0.01125094 0.01148206 0.01454101 0.01570673]
[0.00577194 0.0089556  0.01136421 0.01176246 0.01466745 0.0156042 ]
[0.01038117 0.01040215 0.01238901 0.01321313 0.01512047 0.01608824]
[0.00487166 0.00555331 0.00793679 0.01223074 0.01310503 0.0132578 ]
[0.00668155 0.00793147 0.00800244 0.00835769 0.00970297 0.010529  ]
[0.00815792 0.00849878 0.01019531 0.01069878 0.0126758  0.01458857]
[0.00903166 0.00908374 0.01195983 0.01261857 0.01591423 0.01635196]
[0.01219367 0.01504308 0.01519096 0.01574359 0.01606139 0.01612454]
[0.01050371 0.01190293 0.01312263 0.01539828 0.0158601  0.01679285]
[0.0093938  0.01020529 0.01194562 0.01323958 0.01494474 0.01496637]
[0.00689611 0.00942994 0.01038528 0.01063501 0.01164817 0.01497446]
[0.00833855 0.00995413 0.01020469 0.01347247 0.01380866 0.01387164]
[0.00920662 0.01360425 0.01415114 0.01585406 0.01591348 0.01726261]
[0.01227245 0.01785467 0.01790485 0.02032991 0.02134297 0.02234779]
[0.00677821 0.00735354 0.01025775 0.01149917 0.01522079 0.01705844]
[0.01210419 0.01510129 0.01656893 0.01998661 0.02013254 0.02283823]
[0.00939824 0.01191343 0.01198349 0.01290321 0.01707291 0.01728932]
[0.01461628 0.01463846 0.01492094 0.01613973 0.01773781 0.018556  ]
[0.00794095 0.00842036 0.00890904 0.0094379  0.01051734 0.01073479]
[0.00682059 0.00695344 0.00804515 0.00925135 0.01210683 0.01374656]
[0.00581199 0.00954581 0.01318144 0.01404953 0.0143914  0.01579415]
[0.0075427  0.00809321 0.00977641 0.01187443 0.01199727 0.01254915]
[0.00660527 0.00841347 0.00975169 0.01028327 0.01029645 0.01043545]
[0.00520447 0.00693213 0.01180332 0.01213531 0.0129244  0.0144231 ]
[0.00593119 0.00623909 0.00625963 0.00816459 0.01123747 0.01132276]
[0.0035025  0.0036947  0.00527335 0.00608088 0.00640411 0.00685524]
[0.00490179 0.00701131 0.01125602 0.01202231 0.01358239 0.01368714]
[0.01081561 0.01087285 0.01449057 0.0151137  0.0165057  0.0166065 ]
[0.0084359  0.00902941 0.0091929  0.00950031 0.01178486 0.0139536 ]
[0.01031037 0.01162873 0.01438166 0.01564888 0.01745899 0.0180893 ]
[0.00681816 0.00976958 0.01106901 0.01394546 0.01463185 0.01478848]
[0.00729414 0.00754758 0.01053536 0.01300038 0.01497863 0.01540056]
[0.00211885 0.0080853  0.00811408 0.0081634  0.00836188 0.00920337]
[0.00565449 0.00759041 0.00790261 0.00823773 0.01215508 0.0135371 ]
[0.00574201 0.00844074 0.00936363 0.01125222 0.01202097 0.01239303]
[0.00729284 0.0077227  0.00806989 0.01005159 0.01162876 0.01259771]
[0.00161583 0.00712014 0.00845737 0.01036952 0.01088095 0.01148783]
[0.00571788 0.00707502 0.00788342 0.00997079 0.01096146 0.01106991]
[0.00653885 0.01123815 0.01195532 0.01263814 0.01264995 0.01288768]
[0.00160924 0.00310778 0.00541458 0.00587309 0.00611528 0.00674924]
[0.00486615 0.00796884 0.0116226  0.01243356 0.01314774 0.01474795]
[0.00540926 0.00769267 0.00871065 0.00948419 0.01018849 0.01037736]
[0.00617707 0.00777399 0.00900087 0.00915337 0.01001353 0.01081066]
[0.00644771 0.00832203 0.00855776 0.00882095 0.0089953  0.00927496]
[0.00874815 0.00959547 0.0101143  0.01080838 0.01116374 0.01371524]
[0.00851813 0.00870228 0.01007629 0.01045629 0.01257588 0.01366001]
[0.00357726 0.00499771 0.00566036 0.00592706 0.00692555 0.00798608]
[0.00740539 0.00749257 0.00869319 0.0087338  0.00917032 0.01141077]
[0.00572347 0.00912139 0.00970086 0.01015647 0.01047855 0.01179384]
[0.0077061  0.00777801 0.00821547 0.00859349 0.01001291 0.01083526]
[0.00294876 0.00332304 0.00625461 0.00659503 0.00678002 0.00702777]
[0.00429766 0.00730269 0.00880535 0.00984638 0.0099695  0.01130644]
[0.00742542 0.00905229 0.01056835 0.01167946 0.01183416 0.01188375]
[0.00209501 0.00579819 0.00617005 0.00637827 0.0066262  0.00694203]
[0.0053054  0.00635017 0.00675771 0.00828513 0.00857014 0.00862243]
[0.0018584  0.00550035 0.00698796 0.00794559 0.00892645 0.01007013]
[0.00564422 0.00761296 0.00826438 0.00856702 0.00860027 0.00886681]
[0.00715647 0.01030081 0.01040319 0.0117172  0.01175975 0.01273304]
[0.00468671 0.00589446 0.00608152 0.00682376 0.00743014 0.00767936]
[0.00318825 0.00466005 0.00591549 0.00643131 0.00646185 0.00731186]
[0.00481081 0.006023   0.00645899 0.00720237 0.00811964 0.00844136]
[0.0071577  0.00760703 0.00851689 0.01028323 0.01170485 0.01241584]
[0.00123934 0.00389619 0.00415291 0.0050304  0.00630126 0.00749651]
[0.00539255 0.00617775 0.00800158 0.00852596 0.00883632 0.00960184]
[0.00180802 0.00465182 0.00542988 0.00700471 0.00755911 0.00843263]
[0.00265922 0.00375169 0.00562818 0.00630899 0.00910182 0.00912197]
[0.0047623  0.00606074 0.00608702 0.00656838 0.00746141 0.00747513]
[0.00151282 0.00375218 0.00386844 0.00434322 0.00440261 0.00451609]
[0.00143031 0.00177821 0.00341974 0.00848028 0.00854777 0.00910313]
[0.00298713 0.00526341 0.00636024 0.00732088 0.00786922 0.00830459]
[0.00428816 0.00676989 0.00688662 0.01058923 0.01081672 0.01134599]
[0.0044184  0.00856422 0.00987657 0.01092268 0.0136299  0.01505856]
[0.00428425 0.00552763 0.00696034 0.00803869 0.00809381 0.00856748]
[0.00433409 0.00496353 0.0062557  0.00801917 0.01069889 0.01144845]
[0.00256507 0.0056593  0.00644638 0.00653555 0.00679969 0.00696614]
[0.00482776 0.00522757 0.0071312  0.00876015 0.00936233 0.00972611]
[0.00210467 0.00441554 0.00932925 0.01181638 0.01213542 0.01277629]
[0.00363431 0.00392359 0.00663568 0.00689166 0.00798071 0.00808152]
[0.00466341 0.00572593 0.00668211 0.00748459 0.00758594 0.00843006]
[0.0015208  0.00228567 0.00255882 0.00265202 0.00333172 0.00400884]
[0.0030211  0.0047515  0.00830783 0.00837703 0.00981013 0.01004524]
[0.00206075 0.00461781 0.00484007 0.00626907 0.00681818 0.00705406]
[0.00609057 0.00639235 0.00693166 0.00829587 0.01145831 0.01163783]
[0.00320231 0.00342673 0.00351529 0.00759619 0.01005835 0.01046372]
[0.00281274 0.00740193 0.00836826 0.00870899 0.01117223 0.01203797]
[0.00644131 0.0100298  0.01045894 0.01083105 0.01220765 0.01247482]
