[0.00384502 0.00426442 0.00426791 0.00561753 0.00671804 0.00849627]
[0.00550179 0.00630825 0.00963073 0.01074873 0.01176091 0.01279215]
[0.00471124 0.00728478 0.00919848 0.01064041 0.01077    0.01159926]
[0.00816908 0.00868951 0.00883729 0.00932115 0.00933174 0.00952092]
[0.00704684 0.00777687 0.00792889 0.00932894 0.01005188 0.01109946]
[0.00409727 0.00774368 0.01291584 0.01407847 0.01417298 0.01468576]
[0.00503081 0.00611133 0.00701018 0.00968648 0.01003968 0.01048598]
[0.00562283 0.00804051 0.00919953 0.01084931 0.01147004 0.0115509 ]
[0.00513723 0.00580428 0.00589303 0.00666704 0.00727257 0.0085769 ]
[0.00911877 0.00991947 0.01197351 0.01247693 0.01255527 0.01362543]
[0.00313913 0.00374646 0.00454458 0.0059798  0.00755595 0.00801277]
[0.00865843 0.00932715 0.01039284 0.01056941 0.01076515 0.01113106]
[0.00649805 0.00778992 0.00867504 0.00973533 0.00982196 0.01073161]
[0.00209198 0.00383011 0.00792983 0.00826465 0.00906266 0.01044131]
[0.00972116 0.01009356 0.01032738 0.01105924 0.01218262 0.01270168]
[0.00819238 0.00867224 0.00949001 0.01206414 0.01300566 0.01310851]
[0.00483475 0.00986508 0.01080599 0.01244586 0.01255219 0.01369428]
[0.00422715 0.00528904 0.00750943 0.01002362 0.01029208 0.01081918]
[0.00282339 0.00448437 0.00494577 0.00584294 0.00729436 0.00757638]
[0.00544917 0.00708985 0.00927786 0.01147893 0.01217238 0.01264905]
[0.00732231 0.00803717 0.00875702 0.00932052 0.00977901 0.01110623]
[0.00939223 0.00966533 0.01088743 0.01255254 0.01268386 0.01314291]
[0.00227552 0.00708715 0.00856037 0.00911929 0.00937578 0.01060869]
[0.00525542 0.00547571 0.00853176 0.01002855 0.01050025 0.01091779]
[0.00779879 0.00858845 0.00882081 0.00947568 0.0095255  0.01029848]
[0.00329263 0.00332538 0.00353085 0.00463299 0.00501292 0.00561144]
[0.0038203  0.00594887 0.0063224  0.00708724 0.00783667 0.00877591]
[0.00638159 0.00719732 0.00744348 0.00748295 0.00857447 0.00901393]
[0.00540552 0.00570545 0.00663168 0.00700362 0.00754955 0.00918308]
[0.00737927 0.00804135 0.00860029 0.0091715  0.01107102 0.01129843]
[0.00443273 0.00761462 0.00835776 0.00864021 0.00981331 0.0098472 ]
[0.00166534 0.00323429 0.00662309 0.00783001 0.00811206 0.00903362]
[0.00349116 0.00377519 0.0042403  0.00486288 0.00535323 0.00562889]
[0.0046692  0.00587337 0.00698893 0.0071272  0.00745254 0.00773952]
[0.00377563 0.00599825 0.00702238 0.00767631 0.00845611 0.0087913 ]
[0.00431161 0.00444997 0.00500959 0.0059482  0.00604584 0.00700577]
[0.00254658 0.0036488  0.00509436 0.00576958 0.00716193 0.00746628]
[0.00498153 0.00555318 0.00670429 0.00753492 0.00807044 0.00807835]
[0.0043525  0.00516413 0.00677008 0.00690553 0.00770002 0.00796227]
[0.0040057  0.00543776 0.00789763 0.0080716  0.00813432 0.00827392]
[0.00570351 0.00638333 0.00748862 0.00786717 0.00834221 0.00861269]
[0.00366452 0.00415214 0.00453719 0.00680409 0.00773479 0.00781663]
[0.00279908 0.00426413 0.0061507  0.00870815 0.00888234 0.00931714]
[0.00377717 0.00469449 0.00478848 0.00581556 0.00590409 0.00705507]
[0.00168413 0.00359692 0.00378957 0.00641522 0.00704558 0.00739586]
[0.00219955 0.00632377 0.00691281 0.00775764 0.00781377 0.00882526]
[0.00378456 0.00421899 0.00437659 0.00455074 0.00468435 0.00475839]
[0.00443681 0.00548324 0.00582629 0.00738629 0.00804105 0.00973789]
[0.00679086 0.00679513 0.0071607  0.00832106 0.00847886 0.00856126]
[0.00237985 0.00280894 0.00437431 0.00557852 0.00587707 0.00765644]
[0.00415623 0.00435045 0.00608459 0.00717616 0.00734783 0.00842773]
[0.00191432 0.00446714 0.00516653 0.00659473 0.00725538 0.00831109]
[0.00259365 0.00720284 0.00795045 0.00888083 0.00960109 0.00991799]
[0.00159221 0.00379552 0.00455137 0.00639035 0.00662625 0.00719596]
[0.00729462 0.00798243 0.00804913 0.00874415 0.00895142 0.0093433 ]
[0.00226824 0.0037339  0.00384971 0.00574    0.00686233 0.00757731]
[0.00135875 0.00139709 0.00145703 0.00518497 0.00650882 0.00660496]
[0.00369934 0.00409384 0.00420439 0.00428909 0.0054133  0.0054309 ]
[0.00297489 0.00314192 0.00381424 0.00478159 0.00559418 0.00610099]
[0.00259247 0.0032258  0.00360132 0.003899   0.00395167 0.00439679]
[0.00256536 0.00362667 0.00383075 0.00720772 0.00733963 0.00820423]
[0.00456447 0.00652667 0.00667547 0.00813552 0.00819109 0.00834238]
[0.00170051 0.0033619  0.00455632 0.00501207 0.00506122 0.00575565]
[0.0012913  0.00178861 0.00194057 0.00232567 0.00257399 0.00434198]
[0.00548081 0.00571994 0.00580821 0.0062807  0.00709018 0.00899047]
[0.00684535 0.00685541 0.00715066 0.00796522 0.00877599 0.00925924]
[0.00410375 0.0042661  0.00456119 0.00542034 0.00754467 0.0076501 ]
[0.00261821 0.00280848 0.00395572 0.00444648 0.00466834 0.00519545]
[0.00304004 0.00353535 0.00445718 0.00547197 0.00632529 0.00637402]
[0.00155392 0.00391128 0.00438576 0.0067949  0.00709587 0.0077856 ]
[0.00396122 0.00512447 0.00590021 0.00617985 0.00658303 0.00708784]
[0.00305591 0.00406241 0.00442724 0.00464443 0.00548845 0.00592359]
[0.00208469 0.00588826 0.00642625 0.00676101 0.00763293 0.00805522]
[0.00341141 0.00480539 0.00493765 0.00552061 0.0065463  0.00683256]
[0.00281278 0.00467191 0.00493262 0.00497853 0.00520942 0.00571796]
[0.00304051 0.00502909 0.0053625  0.00674763 0.0088877  0.00909208]
[0.00242628 0.00520933 0.00646249 0.00665218 0.00861211 0.00879657]
[0.00550966 0.00602171 0.00611376 0.00880254 0.00888821 0.009084  ]
[0.0045984  0.0054471  0.00556871 0.00645856 0.00695602 0.00760048]
[0.00288974 0.00372998 0.00464875 0.00535748 0.00617823 0.0074058 ]
[0.00383159 0.00391335 0.00446531 0.00506685 0.00516067 0.00556659]
[0.0018214  0.00338737 0.00352436 0.00379212 0.00433486 0.00479604]
[0.00412756 0.0049307  0.00758906 0.00898496 0.00925132 0.01010691]
[0.00233077 0.00434798 0.0059951  0.00693863 0.00707491 0.00732381]
[0.00404196 0.00554857 0.00557237 0.00657935 0.0068228  0.00821154]
[0.0039376  0.0082677  0.00851604 0.01079689 0.01098141 0.0111515 ]
[0.00315163 0.00613938 0.00629376 0.00741118 0.00762796 0.00874496]
[0.00450421 0.00478485 0.0056131  0.00582021 0.00612444 0.00645759]
[0.00492033 0.00533452 0.00613788 0.00706201 0.00783995 0.00806247]
[0.00531299 0.00807177 0.01097347 0.01130322 0.01158876 0.01165494]
[0.00433962 0.00484623 0.00510262 0.00695523 0.00743692 0.00784085]
[0.00622095 0.00677172 0.00811515 0.00961978 0.00964226 0.01067418]
[0.00529272 0.00631272 0.00646353 0.00715179 0.00728207 0.00804813]
[0.00448629 0.0068965  0.00801502 0.00876744 0.00897507 0.0097824 ]
[0.00709043 0.00729276 0.00846034 0.00854068 0.00894949 0.00920129]
[0.0046851  0.00544657 0.00741828 0.00788849 0.00832662 0.00890339]
[0.0058373  0.00749125 0.0080388  0.00884733 0.00921514 0.00987667]
[0.00501747 0.00790101 0.00855806 0.0096397  0.00998537 0.01075537]
[0.00835499 0.00844918 0.00901475 0.00912671 0.00983455 0.00988148]
[0.00535021 0.0057788  0.00801319 0.00817765 0.00903388 0.01001906]
[0.00424882 0.005809   0.00910225 0.01013921 0.01101631 0.01120631]
[0.00533749 0.0065865  0.00707424 0.0076702  0.00842378 0.00899608]
[0.00409907 0.00465413 0.00496302 0.00507717 0.00520028 0.00543807]
[0.00181438 0.00340547 0.00457247 0.00541162 0.00612043 0.00680346]
[0.00491288 0.00777177 0.00787761 0.00801229 0.00939403 0.00950555]
[0.00393339 0.00625397 0.00789774 0.00918027 0.00966276 0.00987202]
[0.00788533 0.00849199 0.0086831  0.00870471 0.00947681 0.01058807]
[0.00853576 0.00895597 0.0103652  0.01055202 0.01249638 0.01413189]
[0.00652809 0.00799311 0.00821675 0.00829928 0.00836718 0.00968216]
[0.0034256  0.00526445 0.00535037 0.00613607 0.00708614 0.00731255]
[0.00588656 0.00602612 0.0070422  0.00736461 0.00809136 0.00844204]
[0.00357764 0.00385209 0.00688032 0.00728211 0.00797517 0.01071314]
[0.00560565 0.00653804 0.00687311 0.00788348 0.00936571 0.00941331]
[0.00512837 0.0053499  0.00877941 0.00881859 0.01036606 0.01074404]
[0.00696476 0.00860815 0.00929659 0.00940007 0.01035881 0.01045434]
[0.00169805 0.00319595 0.00735248 0.00746328 0.0086842  0.00911165]
[0.0033428  0.00598904 0.00666761 0.00691304 0.00709741 0.00760752]
[0.00755048 0.00942374 0.01158457 0.01161966 0.01329379 0.0144638 ]
[0.00723873 0.00730194 0.00942997 0.01122653 0.0117889  0.01213582]
[0.00986588 0.01126092 0.01211589 0.01212981 0.01219346 0.0128599 ]
[0.00765402 0.00879304 0.00959894 0.01003757 0.01026944 0.01076986]
[0.00596616 0.00611908 0.0092119  0.00967867 0.01032365 0.01205192]
[0.00290109 0.00728593 0.00769649 0.00812917 0.00962899 0.01026418]
[0.00729759 0.00738678 0.00925548 0.01044756 0.01093692 0.01129434]
[0.00974366 0.0105143  0.01221236 0.01248557 0.0127321  0.01321399]
[0.00178233 0.00369336 0.00605461 0.0091808  0.00931766 0.00953807]
[0.00382407 0.00549151 0.00559635 0.00633058 0.00655582 0.00699934]
[0.0037762  0.00465666 0.00529403 0.00653727 0.0067702  0.00695498]
[0.00349096 0.00400079 0.00683733 0.00691087 0.00718579 0.00755173]
[0.00604066 0.00612289 0.00656099 0.00726621 0.00751844 0.00762674]
[0.00256662 0.00282546 0.00436449 0.00481665 0.0051527  0.00519333]
[0.00314117 0.00624489 0.00779373 0.00896754 0.00916715 0.00944934]
[0.00155816 0.0017406  0.00217467 0.00252179 0.00287104 0.00380429]
[0.00080993 0.00423793 0.00458945 0.005347   0.00538894 0.00541064]
[0.00104143 0.00108914 0.00196618 0.00253568 0.00256361 0.00322199]
[0.00114531 0.00254001 0.00298209 0.00353071 0.003605   0.00397869]
[0.00183182 0.00263214 0.00326866 0.00363015 0.00407067 0.00423224]
[0.00080135 0.00174569 0.00182439 0.00208336 0.00233874 0.00290429]
[0.00218766 0.00248325 0.00485815 0.00607138 0.00647188 0.00664718]
[0.00728757 0.00826722 0.00855363 0.00883048 0.00890706 0.00920689]
[0.00499951 0.00544594 0.00591609 0.00650433 0.00772149 0.00801246]
[0.00544777 0.0058898  0.00637171 0.00657349 0.00673077 0.00686272]
[0.00455375 0.00487753 0.00568237 0.0061055  0.00654701 0.00697034]
[0.00294342 0.00465088 0.00495321 0.00597671 0.00680492 0.00694538]
[0.00412666 0.00441757 0.00485685 0.00497674 0.00603698 0.00643254]
[0.00381577 0.00385525 0.00431508 0.00483754 0.00486868 0.00529042]
[0.00074975 0.00570825 0.00776026 0.00818644 0.00873372 0.00884634]
[0.00259766 0.0041539  0.00425095 0.00514893 0.00648263 0.00692053]
[0.00250315 0.00384009 0.00480686 0.00736532 0.00785633 0.00799791]
[0.00592559 0.00765981 0.00798875 0.00804467 0.0081937  0.009843  ]
[0.00247431 0.00360801 0.00479116 0.00499103 0.00511727 0.00590349]
[0.00241747 0.00493399 0.00608925 0.00663377 0.0070353  0.00707776]
[0.00288922 0.0031446  0.003773   0.00526669 0.00582656 0.00698815]
[0.00571054 0.00651636 0.00738348 0.00993571 0.00995023 0.01072074]
[0.00494038 0.00566896 0.00630228 0.00633368 0.00713581 0.00723165]
[0.00572518 0.0061182  0.00685134 0.00768339 0.00917836 0.00944478]
[0.00375493 0.00386341 0.0051283  0.00597798 0.00704869 0.00928836]
[0.00346643 0.00463077 0.00556914 0.0059469  0.0080686  0.00812425]
[0.00180317 0.00265292 0.00266896 0.00328955 0.0054353  0.00603554]
[0.00343253 0.00366734 0.00417936 0.00519744 0.0053259  0.00609087]
[0.00400755 0.00425615 0.00444986 0.0067125  0.00829697 0.00872411]
[0.0031544  0.00428495 0.00622832 0.0063946  0.00816163 0.00825897]
[0.00102304 0.00150413 0.00447059 0.00542001 0.0078103  0.01008435]
[0.00619612 0.00882146 0.00934817 0.00941724 0.00954536 0.00995417]
[0.00092045 0.00094829 0.00189081 0.00238639 0.00261475 0.00280486]
[0.00078071 0.00200458 0.00207267 0.00283066 0.00287239 0.00444068]
[0.00095733 0.00124666 0.0013861  0.00229885 0.00243701 0.00261992]
[0.00443516 0.0053942  0.00583741 0.00618586 0.00623918 0.00873882]
[0.00327232 0.0039418  0.00438692 0.00485768 0.00500573 0.00635632]
[0.00152532 0.00259533 0.00320966 0.00362759 0.00401632 0.00438555]
[0.00647046 0.00779353 0.00885824 0.0095772  0.00990175 0.01041859]
[0.00391578 0.00628427 0.00943895 0.0100443  0.01045957 0.01056499]
[0.00347284 0.00744917 0.00756449 0.00770434 0.00778861 0.00782541]
[0.0048953  0.00546141 0.00585602 0.00790792 0.00843943 0.00846842]
[0.00248419 0.00686398 0.00743132 0.00952466 0.0096569  0.00997591]
[0.00601891 0.00734636 0.0073495  0.0074335  0.0081693  0.0095117 ]
[0.0035746  0.00489882 0.00680409 0.00835557 0.00843858 0.00987467]
[0.00440603 0.0059019  0.00596773 0.00702239 0.00771023 0.00965394]
[0.00481064 0.00799614 0.00892995 0.00894115 0.0089469  0.00918426]
[0.00533788 0.00689064 0.00831235 0.00855838 0.0087682  0.00889154]
[0.0053645  0.0057238  0.00603845 0.00668908 0.0074669  0.00767123]
[0.00426551 0.00480412 0.00589055 0.00597386 0.00631324 0.00665961]
[0.00176558 0.00400383 0.00451081 0.00477663 0.00548683 0.00577214]
[0.00093525 0.00423212 0.00479243 0.0051302  0.00802162 0.00829935]
[0.00255796 0.00319881 0.00341273 0.00400041 0.00483521 0.00490106]
[0.00277573 0.00373829 0.00473475 0.00502762 0.00597413 0.00624344]
[0.00331589 0.00336068 0.00352861 0.00433245 0.00563216 0.00602587]
[0.00369191 0.00428745 0.00540655 0.0055448  0.00650061 0.00692887]
[0.00157484 0.00585698 0.00667595 0.00869137 0.00877018 0.0092553 ]
[0.00444781 0.00500554 0.00516743 0.00603024 0.00678483 0.00721547]
[0.0051859  0.00523115 0.00546188 0.00592025 0.00758642 0.00904215]
[0.00305632 0.00624872 0.00630295 0.00635132 0.00636303 0.00841044]
[0.00338085 0.00544625 0.006373   0.0067067  0.00735944 0.00798984]
[0.0011558  0.00175118 0.00318848 0.00386562 0.00433002 0.00465351]
[0.0020782  0.00212276 0.00384869 0.00388353 0.00463903 0.0060939 ]
[0.00292896 0.00303632 0.0041828  0.00578226 0.00603292 0.00634824]
[0.00233133 0.00239041 0.00351545 0.00375981 0.00376494 0.006142  ]
[0.00174416 0.00337031 0.00373149 0.00486642 0.00582983 0.00803688]
[0.0043937  0.00539853 0.00621373 0.00627625 0.00796131 0.00842682]
[0.00127225 0.00425756 0.00458169 0.00522687 0.005307   0.00530971]
[0.00391948 0.00494885 0.00549918 0.00663152 0.00684739 0.00696284]
[0.0025416  0.00548505 0.00587596 0.00602209 0.00612357 0.00674612]
[0.00496703 0.005349   0.00614613 0.00620886 0.00705892 0.00745708]
[0.00516024 0.00606693 0.00669895 0.00789414 0.00902751 0.01032033]
[0.00284926 0.00567715 0.00621195 0.00633498 0.00691081 0.0090198 ]
[0.0066215  0.00678236 0.00772114 0.00844979 0.00848663 0.00925315]
[0.00499201 0.0062732  0.00640227 0.00646313 0.00662025 0.00681885]
[0.00150385 0.0061268  0.00762567 0.00776411 0.00804133 0.00818847]
[0.00623407 0.00708898 0.00738432 0.00759365 0.00838489 0.00905171]
[0.00577198 0.0074402  0.00774919 0.00804471 0.00869265 0.00916689]
[0.00375623 0.00699453 0.0070161  0.00754871 0.00871528 0.0090566 ]
[0.00648291 0.01149754 0.01270772 0.01324343 0.0140656  0.014144  ]
[0.01262237 0.01285884 0.01427107 0.01477016 0.0160794  0.01693392]
[0.01214959 0.01365722 0.01505493 0.01596944 0.01636141 0.01638862]
[0.00330367 0.00565054 0.00689314 0.00745428 0.00769248 0.00927039]
[0.00579683 0.00695967 0.0094829  0.01056757 0.01107237 0.01134933]
[0.00914956 0.00951387 0.00985543 0.01102961 0.01266167 0.01333852]
[0.00662716 0.00865674 0.00982865 0.01068395 0.01166943 0.01270891]
[0.00420385 0.00733445 0.00995808 0.01062632 0.01099201 0.0120872 ]
[0.00112837 0.00826334 0.00910913 0.01207617 0.01277231 0.0151497 ]
[0.00409689 0.00622798 0.00931592 0.00970126 0.0101102  0.0108043 ]
[0.00583183 0.00698845 0.01034975 0.01078492 0.0122537  0.01231805]
[0.00808041 0.01058584 0.01106833 0.01384918 0.01498927 0.01713461]
[0.00505816 0.00815059 0.00988274 0.01000702 0.01031655 0.01123059]
[0.0043106  0.00559012 0.0081344  0.0102424  0.01079347 0.01203283]
[0.00437195 0.00641901 0.00895733 0.0106372  0.01206996 0.01271025]
[0.00547707 0.00674226 0.01055955 0.01096792 0.01248948 0.01529048]
[0.00354254 0.00910333 0.01023092 0.01057257 0.01361252 0.01405235]
[0.00094391 0.0032228  0.00439847 0.00666991 0.01021786 0.01040989]
[0.00741326 0.00759476 0.00828534 0.00907224 0.00979488 0.01134951]
[0.00717837 0.00814073 0.00842357 0.01273625 0.01408384 0.01624978]
[0.00800794 0.01144628 0.0120197  0.01235535 0.01249251 0.01412334]
[0.0094293  0.01096179 0.01140411 0.01269372 0.01287688 0.01299731]
[0.00470923 0.00570579 0.00732984 0.00749235 0.00845201 0.00885749]
[0.00399626 0.00506617 0.00521038 0.00735083 0.00757161 0.00762919]
[0.00512778 0.00593958 0.00641142 0.0068844  0.00749613 0.00778592]
[0.00484873 0.00599174 0.00752219 0.00865271 0.00877621 0.00962433]
None
[0.00404686 0.00407259 0.00458118 0.00473429 0.00545165 0.0067392 ]
[0.00125617 0.00755726 0.00969099 0.00991287 0.01051768 0.01067214]
[0.00355371 0.00392738 0.0042762  0.0055949  0.00559839 0.00921845]
[0.00149648 0.00247285 0.00640056 0.0086421  0.0096536  0.01007634]
[0.00496337 0.00573973 0.00610236 0.00663385 0.00705786 0.00709758]
[0.00171264 0.00402442 0.00779886 0.00940093 0.00954059 0.00981562]
[0.00528514 0.00610601 0.00952935 0.01203554 0.01240057 0.01249473]
[0.00978724 0.01068514 0.01085424 0.01115344 0.01155844 0.01249316]
[0.00547069 0.00701263 0.0087216  0.01165825 0.01361549 0.0147452 ]
[0.01017098 0.01393397 0.01532403 0.01571612 0.01725068 0.01734044]
[0.00339274 0.00838182 0.01029754 0.01056162 0.01395118 0.0139955 ]
[0.00680633 0.01058047 0.01139037 0.01189436 0.01196311 0.01249071]
[0.00398253 0.00945883 0.01074849 0.01143924 0.01238767 0.01255076]
[0.01119101 0.01140225 0.01259658 0.01289043 0.01461822 0.01574091]
[0.00862362 0.00867733 0.00895334 0.01077304 0.01470027 0.01537205]
[0.00829343 0.01116123 0.01148858 0.01227908 0.01311029 0.01365809]
[0.00910445 0.00975774 0.0146822  0.01604844 0.01614033 0.01666338]
[0.00583376 0.00796682 0.00985259 0.01268103 0.01299348 0.01300327]
[0.00794219 0.00895033 0.01097772 0.01189593 0.01237029 0.01285511]
[0.0052636  0.0106473  0.01190102 0.01231055 0.01299844 0.01528514]
[0.00870157 0.00925369 0.00936355 0.01007575 0.01044617 0.01068456]
[0.00596229 0.00663651 0.0085591  0.01226373 0.01313822 0.01362081]
[0.00603845 0.00686388 0.01166877 0.01316298 0.01404766 0.01500559]
[0.01049815 0.01248368 0.01269479 0.01295889 0.01396523 0.01404625]
[0.00811    0.00813216 0.0087363  0.00953393 0.00969145 0.01006654]
[0.00434345 0.00637755 0.00659101 0.00767294 0.00775079 0.00832511]
[0.00768104 0.00883471 0.00985021 0.01058045 0.01287476 0.01299405]
[0.00451286 0.00470288 0.0072325  0.00723741 0.00847197 0.0086352 ]
[0.00203259 0.00687907 0.00723237 0.00785055 0.00880447 0.00990004]
[0.00645345 0.00904499 0.00940065 0.0110995  0.01185033 0.01298441]
[0.00839745 0.00924789 0.00987385 0.01106434 0.01446918 0.01457549]
[0.00589274 0.00920662 0.00981395 0.01114323 0.0137716  0.01569256]
[0.00652877 0.00886054 0.00975436 0.01029486 0.01030768 0.01041775]
[0.00801717 0.00869345 0.00920518 0.01049341 0.01098812 0.01131515]
[0.00377608 0.01025802 0.01375371 0.0144421  0.0165902  0.01728368]
[0.01249436 0.01259851 0.01462579 0.01505675 0.01865241 0.0188358 ]
[0.00562567 0.00595436 0.00998212 0.01034494 0.01084762 0.01203853]
[0.00318609 0.0049441  0.01120118 0.01129717 0.01201776 0.01359124]
[0.00899941 0.00951704 0.01033179 0.01114478 0.01312833 0.01324941]
[0.00473782 0.00656565 0.00675272 0.0089745  0.00974713 0.01200083]
[0.00655141 0.00904433 0.00967436 0.00978866 0.01020896 0.0108012 ]
[0.00956196 0.01036681 0.01058461 0.01112235 0.01113528 0.01306051]
[0.00767033 0.00843678 0.01304218 0.01317566 0.01396498 0.01402197]
[0.0083417  0.00884287 0.00909731 0.01041488 0.0109787  0.01135487]
[0.00661625 0.00980016 0.0114615  0.01156643 0.01354856 0.01439557]
[0.00724688 0.00804093 0.00841798 0.00865303 0.00886455 0.00959636]
[0.00359838 0.00577835 0.00638035 0.00654414 0.00707999 0.00713885]
[0.0094817  0.00985405 0.01153927 0.01167152 0.01217024 0.01223255]
[0.00860612 0.00955584 0.01048651 0.01073019 0.0125068  0.01327842]
[0.0102246  0.01024195 0.01076486 0.01155628 0.01168439 0.01235925]
[0.00683304 0.00829604 0.01124757 0.01197578 0.01324979 0.01327138]
[0.0047778  0.00898001 0.00996889 0.01011034 0.01188428 0.01456714]
[0.00569531 0.00991513 0.01206077 0.01231207 0.0142727  0.01434892]
[0.00767077 0.00919789 0.01017043 0.01062984 0.01069437 0.01083784]
[0.00893383 0.00918188 0.01016731 0.01029123 0.01116575 0.01150902]
[0.00520256 0.0116507  0.01231817 0.0132009  0.0146688  0.01550732]
[0.00711813 0.01042884 0.0114223  0.01238127 0.01345593 0.01374483]
[0.00601488 0.01048252 0.01157864 0.0121403  0.0132058  0.01604859]
[0.00654708 0.01313356 0.01413176 0.01421594 0.01443601 0.01561248]
[0.00322643 0.00817334 0.01011831 0.01069224 0.01170588 0.0118821 ]
[0.00908378 0.00924703 0.01039957 0.01156339 0.0117859  0.0128751 ]
[0.00829078 0.00963502 0.01169284 0.01216108 0.01370757 0.01440078]
[0.00634262 0.0093723  0.00974854 0.01019243 0.01043991 0.01070785]
[0.00706555 0.01094361 0.01151365 0.01223794 0.01241395 0.0135723 ]
[0.00743701 0.01046663 0.01113996 0.01244614 0.01483485 0.01519767]
[0.00983727 0.01002235 0.01150571 0.0137232  0.01382603 0.01395567]
[0.00793893 0.01003513 0.01105669 0.01115858 0.01142684 0.01308178]
[0.00402864 0.00767859 0.0086973  0.0116892  0.01303721 0.0136738 ]
[0.00692851 0.00856044 0.00978126 0.01159876 0.01178959 0.01211301]
[0.00730705 0.01024306 0.01301556 0.01746276 0.01772435 0.01886754]
[0.00630535 0.00720884 0.00781697 0.00907997 0.01052167 0.01130988]
[0.00663844 0.00848191 0.00929248 0.00944801 0.00963802 0.0105953 ]
[0.00556374 0.00724024 0.00881671 0.01116598 0.0154805  0.01549497]
[0.00631375 0.00933578 0.00955531 0.01094831 0.01104019 0.01192587]
[0.00810171 0.00881711 0.00962461 0.01022223 0.01106925 0.01113511]
[0.00712791 0.01067207 0.01111074 0.01115474 0.01128395 0.0122449 ]
[0.00607704 0.00986202 0.01018439 0.01294197 0.01316999 0.01350468]
[0.00806277 0.00810389 0.00828061 0.0088676  0.01094695 0.01107432]
[0.00570727 0.00730244 0.01249642 0.01353501 0.01358105 0.01390808]
[0.0108347  0.01145118 0.0120402  0.01208315 0.0124325  0.01247387]
[0.00842559 0.00938791 0.00963354 0.01013164 0.01078828 0.01205072]
[0.00192782 0.0053449  0.00547168 0.00567621 0.00634406 0.00672184]
[0.00673342 0.00880247 0.00934527 0.00964865 0.0103625  0.01116095]
[0.01054643 0.01079168 0.0109984  0.0119273  0.01198442 0.01219745]
[0.00397559 0.00406393 0.00940315 0.00943846 0.0095204  0.00970721]
[0.00713459 0.00722858 0.00833978 0.01160958 0.01229681 0.01347515]
[0.00894021 0.00996636 0.01240326 0.01313703 0.01338658 0.01396614]
[0.00384374 0.00438043 0.00534227 0.0055635  0.00599895 0.00606532]
[0.00299473 0.00582711 0.00599992 0.00647533 0.00650097 0.00723454]
[0.0036033  0.00434693 0.00679609 0.01001104 0.01076306 0.0114472 ]
[0.00397884 0.0059952  0.00956703 0.01074047 0.01171822 0.01200535]
[0.00463938 0.00645621 0.00684056 0.00707247 0.00856016 0.01201931]
[0.00412579 0.00419782 0.00497597 0.00511269 0.0056146  0.00628171]
[0.0039614  0.00606217 0.00610139 0.00703858 0.00864068 0.00885959]
[0.00704439 0.00750166 0.00755278 0.00837471 0.00943892 0.00947663]
[0.003959   0.00401692 0.00640022 0.00648778 0.00664743 0.00717784]
[0.00247102 0.00409111 0.00413842 0.00666773 0.00689568 0.0072513 ]
[0.00540974 0.00550426 0.00747543 0.0075193  0.00759365 0.0081486 ]
[0.00414525 0.00512092 0.00566324 0.00705166 0.00711543 0.00759831]
[0.00474066 0.00877011 0.0122578  0.01230943 0.01231134 0.01289672]
[0.00386498 0.00749502 0.00836474 0.00877251 0.00887642 0.00890566]
[0.00312983 0.00332192 0.00369507 0.00409925 0.00464444 0.00523342]
[0.00240494 0.00465853 0.0062037  0.0062589  0.00627513 0.00648378]
[0.00189476 0.00285982 0.00331453 0.00431854 0.00705265 0.00728113]
[0.00175485 0.00296419 0.00462534 0.00538674 0.00578524 0.00624318]
[0.00394924 0.00548162 0.0059763  0.00775401 0.00803469 0.00849836]
[0.00301193 0.00434278 0.00539615 0.00637956 0.00642982 0.00684694]
[0.00377443 0.00419135 0.00557264 0.00594185 0.00671955 0.0071733 ]
[0.00670872 0.0083546  0.00917345 0.00939222 0.01003202 0.0102145 ]
[0.00490966 0.00514898 0.00530857 0.00578633 0.00610424 0.0063281 ]
[0.00502895 0.00721663 0.00901019 0.01064871 0.01116068 0.01163479]
[0.00533853 0.00802209 0.00982621 0.01031441 0.01051401 0.01117845]
[0.0046842  0.00528142 0.00544789 0.00822173 0.00967395 0.00996547]
[0.00531279 0.00665832 0.00740447 0.00821349 0.00840256 0.00929564]
[0.00153154 0.00429471 0.0069017  0.00915822 0.00922219 0.01032544]
[0.00794403 0.00850197 0.00861685 0.00928455 0.00945701 0.00986438]
[0.00543348 0.00555113 0.00616328 0.00643555 0.00659161 0.00667003]
[0.00236086 0.00497017 0.00593819 0.00777109 0.00954927 0.00969044]
[0.00626723 0.00793211 0.01036429 0.01062312 0.01117659 0.01147286]
[0.00629325 0.00745016 0.00890049 0.01014443 0.01108718 0.01151283]
[0.00661647 0.00686186 0.0072827  0.00762765 0.00780646 0.00981011]
[0.00257555 0.00442683 0.00469311 0.00485803 0.0050274  0.00503201]
[0.00455038 0.00460976 0.00538595 0.00611957 0.00796794 0.00830369]
[0.0029342  0.00495942 0.00736721 0.00797102 0.00941159 0.00997302]
[0.00953357 0.01254124 0.01256063 0.01295108 0.01318998 0.01376556]
[0.00413177 0.00978928 0.01172664 0.01268865 0.01269103 0.01274854]
[0.00909717 0.0094869  0.01159555 0.01198316 0.01288054 0.01399281]
[0.00923339 0.00942421 0.00972241 0.01075394 0.01094    0.01109957]
