[0.00583097 0.00693888 0.00718092 0.00720768 0.00814015 0.00832287]
[0.01047505 0.01076896 0.01108866 0.0113238  0.01171289 0.01411471]
[0.00980457 0.01114905 0.01118103 0.01132737 0.01191007 0.0120779 ]
[0.00321675 0.00580093 0.00853568 0.00860542 0.01110285 0.01153979]
[0.00655915 0.0073944  0.00844029 0.00870447 0.00931947 0.00973533]
[0.00641186 0.00828738 0.00895772 0.00990443 0.01271556 0.0133925 ]
[0.0058238  0.00738682 0.0077251  0.01003189 0.01417515 0.01432831]
[0.00230973 0.00606478 0.00842519 0.00889763 0.01089135 0.01111745]
[0.00725982 0.00941672 0.00951559 0.00993586 0.01216664 0.01220235]
[0.00435291 0.01207358 0.01219623 0.01390329 0.01406799 0.01452976]
[0.0071687  0.0087206  0.00926066 0.00930131 0.0106807  0.0123472 ]
[0.00225602 0.00390514 0.00671105 0.00710454 0.00719906 0.00847325]
[0.00434261 0.01033794 0.01046088 0.01121854 0.01148492 0.012843  ]
[0.00498483 0.00587199 0.00733108 0.00900991 0.01051222 0.01149189]
[0.01353829 0.0138075  0.01464144 0.01572851 0.01658234 0.01659193]
[0.00643883 0.00680418 0.00731414 0.00734546 0.00962653 0.00970976]
[0.00643928 0.00828616 0.00838733 0.00849986 0.01156226 0.01158382]
[0.00304264 0.00500285 0.01300041 0.0132797  0.01402521 0.0140973 ]
[0.00146177 0.00198686 0.00334739 0.00404627 0.00634699 0.00701746]
[0.00450418 0.00810636 0.01054342 0.0115577  0.01272925 0.01405203]
[0.00877818 0.00996143 0.01028356 0.01035399 0.0103911  0.01288216]
[0.00502833 0.00748458 0.01417961 0.01493231 0.01569376 0.01697198]
[0.00689494 0.0106487  0.01259426 0.01468456 0.01695208 0.01725776]
[0.00547572 0.00722631 0.00919068 0.01130106 0.0125386  0.01542371]
[0.00576771 0.00771554 0.01070542 0.01101776 0.01154446 0.01492234]
[0.00769639 0.00792549 0.00936478 0.01079572 0.01147507 0.01233809]
[0.00533663 0.00766812 0.00897558 0.01063286 0.01183902 0.01286612]
[0.01044679 0.01110726 0.01165178 0.01381182 0.0158848  0.0168429 ]
[0.00885563 0.01081668 0.01124017 0.01176847 0.01370519 0.01399256]
[0.00543079 0.00603504 0.00877795 0.01215367 0.01507979 0.01591587]
[0.00883913 0.0135031  0.01385321 0.01417382 0.01443565 0.0148281 ]
[0.0045627  0.00712746 0.00719948 0.00736624 0.00760236 0.01177762]
[0.00353956 0.00593938 0.0072436  0.00747352 0.00825793 0.00942111]
[0.00925426 0.00935    0.00977058 0.01005678 0.01119551 0.01135456]
[0.00515194 0.00931369 0.01059794 0.0107152  0.01246236 0.01325843]
[0.00537935 0.00562357 0.0064651  0.00945791 0.01148541 0.01305534]
[0.00310034 0.00689692 0.00915446 0.01018668 0.01123476 0.01135877]
[0.00556937 0.00583855 0.00597371 0.00598785 0.00616634 0.00738869]
[0.00613075 0.00842384 0.00873162 0.01313572 0.01606998 0.01789077]
[0.00462491 0.00487517 0.01072567 0.01187897 0.01278986 0.01449786]
[0.00969975 0.01143251 0.01338822 0.01457109 0.01531078 0.01600298]
[0.00218532 0.00701035 0.01036359 0.0124661  0.01306471 0.01558774]
[0.00906181 0.01025129 0.0156187  0.01592229 0.01664012 0.01780267]
[0.00989632 0.01047428 0.01102187 0.01273858 0.01340189 0.0139724 ]
[0.00674486 0.00943855 0.01127539 0.01240336 0.01495143 0.01555758]
[0.00458005 0.00999049 0.01263623 0.01527586 0.01545197 0.01564781]
[0.00443406 0.01034698 0.01082921 0.01141723 0.01500915 0.0153668 ]
[0.00492485 0.01117062 0.01154376 0.01212387 0.01238345 0.01352966]
[0.00423113 0.00559619 0.01120943 0.0113319  0.01220541 0.01321496]
[0.00240227 0.00859629 0.00862216 0.01208515 0.01323093 0.01330352]
[0.00920761 0.00963173 0.01043716 0.01107007 0.01197533 0.01287563]
[0.00407237 0.00593118 0.00843471 0.01241464 0.01419512 0.01464083]
[0.00568605 0.0070955  0.00956257 0.01442124 0.0148945  0.01528499]
[0.00567264 0.00666051 0.00688954 0.00785429 0.00797907 0.00901304]
[0.00620769 0.00632007 0.00766559 0.0078875  0.01136279 0.01273339]
[0.00821739 0.00916675 0.00993591 0.01085027 0.01215705 0.01464135]
[0.00508738 0.01088994 0.01099798 0.01224555 0.01384855 0.0139869 ]
[0.00393703 0.00716025 0.00766884 0.01094388 0.01213616 0.013186  ]
[0.00795684 0.01161975 0.01269644 0.01445406 0.015923   0.01620369]
[0.00775101 0.00943648 0.01120238 0.01155174 0.01243121 0.01374113]
[0.00436636 0.00869291 0.01025962 0.01313329 0.01495812 0.01511091]
[0.00914097 0.01243149 0.01264862 0.01303874 0.01388418 0.01487947]
[0.01094059 0.01412023 0.01951761 0.01966627 0.02011655 0.0203997 ]
[0.0042162  0.00844395 0.00915033 0.00960111 0.00975255 0.01267456]
[0.0102393  0.01535509 0.01890401 0.01978993 0.02319653 0.02361819]
[0.01578647 0.01772681 0.01783478 0.0179168  0.0179823  0.01819772]
[0.00465911 0.00837773 0.01200934 0.01360209 0.01608037 0.01653763]
[0.00354623 0.00672128 0.01117717 0.01140554 0.01180672 0.0118823 ]
[0.01079449 0.01410598 0.01510634 0.01652142 0.01679979 0.0170525 ]
[0.00522137 0.00790565 0.01229287 0.01286317 0.01425806 0.01490913]
[0.00480969 0.0073528  0.00949167 0.01159526 0.01166444 0.01375748]
[0.01112643 0.01425089 0.01479575 0.0153776  0.01621118 0.01668425]
[0.00530207 0.00836703 0.00847861 0.01103384 0.012284   0.01322672]
[0.00436941 0.00491956 0.007241   0.00791728 0.00912254 0.0096968 ]
[0.00418678 0.00718649 0.00926656 0.01138678 0.01163853 0.01168141]
[0.00283591 0.00751774 0.00943365 0.00980221 0.01014513 0.01042264]
[0.00609065 0.0069826  0.00982945 0.01008504 0.01033946 0.01122596]
[0.00478195 0.0055065  0.00627747 0.00686292 0.00700144 0.00771735]
[0.00088121 0.00441237 0.00758342 0.00815263 0.00864999 0.00893188]
[0.00178474 0.00258109 0.00287507 0.00401094 0.00466015 0.00471952]
[0.00157993 0.00168312 0.00169928 0.00216148 0.0022468  0.00233689]
[0.00199123 0.00350892 0.00406058 0.00491065 0.00498574 0.00550669]
[0.00239339 0.00357309 0.00364063 0.00383207 0.00400345 0.00425268]
[0.00196885 0.0021386  0.00395314 0.0049078  0.00527783 0.00570325]
[0.00435046 0.00518702 0.00610161 0.00656082 0.00739211 0.00800076]
[0.00334912 0.00409006 0.00456787 0.00522555 0.00559753 0.00590351]
[0.00153972 0.00314596 0.00521023 0.00575073 0.00597011 0.00636505]
[0.00379479 0.00509225 0.00589229 0.00677018 0.00692713 0.00696466]
[0.00138523 0.00226486 0.00242901 0.00256924 0.00267921 0.00374383]
[0.00293749 0.00373026 0.00427266 0.00461361 0.00473205 0.00481557]
[0.0022276  0.00357452 0.00386718 0.00438853 0.00652373 0.00690003]
[0.00288585 0.0038793  0.00606489 0.00608816 0.00619074 0.00631248]
[0.00312214 0.00320306 0.00353536 0.00364754 0.00398258 0.0040674 ]
[0.00184661 0.00189661 0.00426437 0.00490526 0.00540727 0.00586028]
[0.00236949 0.00421633 0.00449676 0.00467446 0.00475432 0.00524314]
[0.00091276 0.00103862 0.00285968 0.00349352 0.00383643 0.00398842]
[0.00204406 0.00215185 0.00278556 0.00288902 0.00326653 0.0050978 ]
[0.00137395 0.00256901 0.00273122 0.00395125 0.00508793 0.00650104]
[0.00263101 0.00432734 0.00495538 0.00525951 0.00547146 0.00619799]
[0.00303912 0.0040647  0.00474854 0.00587427 0.00598425 0.00634468]
[0.00217996 0.00269453 0.0032849  0.00391338 0.00447698 0.00526747]
[0.00339922 0.00414739 0.00421991 0.00523142 0.00605241 0.00738325]
[0.00058681 0.00064357 0.00071882 0.00210951 0.00257907 0.00315591]
[0.00297823 0.0034983  0.00352401 0.00408202 0.00447851 0.00542772]
[0.00175263 0.00412207 0.0045536  0.00474717 0.00538056 0.00668677]
[0.00332406 0.00437706 0.00447682 0.00469261 0.00478647 0.00570409]
[0.00208092 0.00271177 0.00412989 0.00423901 0.0044189  0.00521704]
[0.00402844 0.0064603  0.00657313 0.00657959 0.00666062 0.00677448]
[0.00294332 0.00334526 0.00466537 0.00515943 0.00523679 0.00537576]
[0.00163947 0.00441251 0.00466341 0.00474757 0.00503541 0.00576491]
[0.00125998 0.00251704 0.00592936 0.00678709 0.00709108 0.00727628]
[0.00313831 0.00673728 0.00678172 0.00684679 0.00700696 0.00713357]
[0.00291693 0.00328957 0.00378641 0.00395935 0.00400857 0.00540812]
[0.00408847 0.00586533 0.00603801 0.00629472 0.00681558 0.00720799]
[0.00593819 0.00642118 0.00733428 0.0074787  0.00888583 0.00957364]
[0.00377966 0.00395863 0.00490762 0.00622514 0.0066593  0.0076628 ]
[0.00401806 0.00550206 0.00647726 0.00706865 0.00798009 0.00812699]
[0.00108286 0.00335165 0.00363857 0.00433527 0.0049052  0.00635856]
[0.00265685 0.00522101 0.00636664 0.00749405 0.0078991  0.00869114]
[0.00422665 0.00561824 0.00580556 0.00584988 0.00617582 0.00732134]
[0.0031898  0.00456668 0.00491912 0.00576057 0.00755515 0.0077108 ]
[0.00367995 0.00488337 0.00502319 0.00556042 0.00560597 0.00748532]
[0.00184471 0.00489652 0.00715289 0.00738537 0.0079018  0.00811646]
[0.00346885 0.00478605 0.00546022 0.00633415 0.00654881 0.00657702]
[0.0018909  0.00364197 0.00438634 0.00593292 0.00667084 0.00677542]
[0.00379062 0.00562184 0.00656338 0.00701919 0.00732095 0.00810379]
[0.00229661 0.00411397 0.0054245  0.00669262 0.00787474 0.00791811]
[0.00303617 0.0056086  0.0062274  0.00636228 0.00666004 0.00752075]
[0.00269578 0.00613561 0.00655172 0.0079463  0.00894268 0.00933542]
[0.00212469 0.00372576 0.00461135 0.00465829 0.00559388 0.00742464]
[0.00391355 0.00467857 0.00531811 0.00688744 0.00707926 0.00800712]
[0.00389006 0.00434725 0.00494312 0.00570451 0.00581823 0.00693134]
[0.0045302  0.00491211 0.00601014 0.00689617 0.007379   0.00897887]
[0.00083784 0.00171918 0.00324052 0.00605375 0.00845107 0.00866089]
[0.00188054 0.00454655 0.004928   0.00545421 0.00731172 0.00739304]
[0.00315295 0.00371206 0.00471592 0.00603779 0.00645628 0.00707369]
[0.00572531 0.00591    0.00607223 0.0063219  0.00745099 0.00784732]
[0.00111569 0.00181232 0.00208206 0.00466179 0.00501874 0.00515407]
[0.00081968 0.00311126 0.00470466 0.00628218 0.00763195 0.00830298]
[0.0047155  0.00572475 0.00661299 0.00717349 0.00750109 0.00813215]
[0.00411867 0.00453317 0.00460947 0.00481683 0.00559248 0.00623916]
[0.00403524 0.00506386 0.00659962 0.00684329 0.00942111 0.00944746]
[0.00693289 0.00745525 0.00783094 0.00857999 0.00982551 0.01122899]
[0.00477692 0.00515054 0.0060999  0.00869232 0.01057217 0.01246097]
[0.00230057 0.00510769 0.0056315  0.00579394 0.00622358 0.00635038]
[0.00426654 0.00496116 0.00567737 0.00593014 0.00627044 0.00727723]
[0.00342609 0.00801483 0.00875902 0.01162868 0.01177782 0.01217795]
[0.00299528 0.00595896 0.00700794 0.00825462 0.01038476 0.01281628]
[0.00300364 0.00602031 0.00645301 0.00701551 0.00880184 0.00987287]
[0.00575166 0.00610385 0.00699653 0.00866357 0.00906125 0.00922054]
[0.00444601 0.006302   0.00763835 0.00952905 0.00971736 0.00983857]
[0.00326522 0.00417449 0.00549201 0.00748853 0.00808108 0.00936936]
[0.00195183 0.00511293 0.00672493 0.00709554 0.00802778 0.0087064 ]
[0.00497336 0.00508284 0.00549856 0.00559085 0.00567192 0.00754423]
[0.00353494 0.00375726 0.0064528  0.00808747 0.00933863 0.01012493]
[0.00245586 0.00741907 0.00788363 0.00836582 0.00893166 0.00996352]
[0.00377719 0.00532199 0.00583679 0.00740736 0.00797661 0.00898386]
[0.00257428 0.00283184 0.00318239 0.00430493 0.00606772 0.00688722]
[0.00385719 0.00567299 0.00616533 0.0071028  0.00797125 0.00874427]
[0.00457244 0.00560495 0.00649809 0.00740803 0.00814986 0.01034918]
[0.00459332 0.00606417 0.0061982  0.00748216 0.00753805 0.00893258]
[0.00628413 0.0067415  0.00710037 0.00800147 0.00811431 0.00947036]
[0.00323624 0.00348829 0.00463174 0.0049326  0.00566493 0.00801492]
[0.00468717 0.00484439 0.00718627 0.00877889 0.01105813 0.0111907 ]
[0.00261525 0.00347213 0.00392949 0.00446176 0.00548371 0.00591807]
[0.00193859 0.00274926 0.00519312 0.00540217 0.00574613 0.00817589]
[0.00437976 0.00449771 0.0055426  0.00569951 0.00761065 0.0079141 ]
[0.00347676 0.00354559 0.00412588 0.0042988  0.00567765 0.00574704]
[0.00781812 0.0079592  0.00831245 0.00849831 0.00980818 0.01017296]
[0.00187597 0.0034898  0.0056598  0.00594125 0.00680036 0.00855189]
[0.0080273  0.00806053 0.00865784 0.01023745 0.01033006 0.01153529]
[0.00363817 0.00434757 0.00541458 0.00678873 0.006981   0.00838002]
[0.00240277 0.00269026 0.00655996 0.00706304 0.00711113 0.00726834]
[0.0035277  0.0063884  0.00718791 0.01001738 0.0101263  0.01130552]
[0.00477946 0.00676385 0.00778374 0.00927999 0.00998065 0.01145543]
[0.00572214 0.00578801 0.0070532  0.00807186 0.00834523 0.00979055]
[0.00452282 0.00600121 0.00710222 0.00729468 0.00979041 0.01039875]
[0.00276909 0.00435891 0.00667284 0.00763593 0.00927334 0.00965972]
[0.00496259 0.00711278 0.00857458 0.00877454 0.00931037 0.01040487]
[0.00491071 0.00494286 0.00516094 0.00545107 0.00569685 0.0061873 ]
[0.00290641 0.00335985 0.00570578 0.00623059 0.00628334 0.00654657]
[0.00350684 0.00486482 0.00703681 0.00866493 0.00870366 0.00892968]
[0.00180235 0.00416892 0.00663519 0.00668652 0.00682145 0.00747377]
[0.00451377 0.0049795  0.00603308 0.00864537 0.00874107 0.00960252]
[0.00160139 0.00225771 0.00259116 0.00683156 0.00733166 0.00846521]
[0.00171866 0.0022307  0.00349912 0.00570122 0.0077978  0.00782777]
[0.0033175  0.00580599 0.00722254 0.00886436 0.0095772  0.00964904]
[0.00432737 0.00621566 0.00672025 0.00892297 0.0094076  0.01013269]
[0.00649652 0.0067074  0.00747707 0.0079629  0.00998635 0.01141847]
[0.00467699 0.00769417 0.00815637 0.0085242  0.00954675 0.01029199]
[0.00584997 0.00801087 0.00834825 0.00878982 0.00923205 0.00939289]
[0.00250475 0.00877648 0.00932784 0.00938318 0.00943535 0.00950202]
[0.00407218 0.00872813 0.00886446 0.00924907 0.00979093 0.00982582]
[0.00261316 0.00517492 0.00540874 0.00580638 0.00617279 0.00709684]
[0.0022062  0.00448544 0.00490187 0.00875318 0.00902051 0.00951312]
[0.00489879 0.00538509 0.00817218 0.0083711  0.00956861 0.00972908]
[0.00381129 0.00473286 0.00496326 0.00803763 0.0089537  0.00919277]
[0.00634424 0.0067574  0.00786965 0.00806356 0.00938395 0.01013403]
[0.0058168  0.00593175 0.00665657 0.00749826 0.0086528  0.00896798]
[0.00379599 0.00482676 0.00760189 0.00822502 0.01049337 0.01138555]
[0.00485601 0.00563758 0.00590865 0.00687529 0.00743325 0.00769214]
[0.00527461 0.00543267 0.00710818 0.00897204 0.00922635 0.01016688]
[0.00189982 0.00331715 0.00344311 0.00345442 0.00385988 0.0060524 ]
[0.00746128 0.00797743 0.00811596 0.00844585 0.00845839 0.0089983 ]
[0.0039475  0.0070527  0.00780272 0.00787847 0.00910922 0.00980193]
[0.00413862 0.00660287 0.00708253 0.00837822 0.0089206  0.00915013]
[0.00747057 0.00792299 0.00900601 0.01006098 0.01135836 0.01197328]
[0.00811376 0.00862651 0.0101232  0.01013461 0.01092787 0.01217387]
[0.00605125 0.00649096 0.0075411  0.0085465  0.01007807 0.010435  ]
[0.0055292  0.00756025 0.00893728 0.01096144 0.01344289 0.01394274]
[0.00644809 0.01062811 0.01091542 0.01135354 0.01286593 0.01655818]
[0.00990449 0.01049419 0.01573581 0.01825942 0.01964039 0.0199406 ]
[0.01210619 0.01525612 0.02259849 0.02372796 0.02558013 0.02659685]
[0.01439785 0.01633784 0.01797625 0.02072555 0.02143265 0.02330246]
[0.00599341 0.01489536 0.02125472 0.02156398 0.02184539 0.02210067]
[0.00469637 0.00906785 0.01006526 0.01277579 0.01333092 0.01451465]
[0.01118987 0.01364045 0.0138476  0.01397446 0.01414301 0.01450001]
[0.00849262 0.01178656 0.01314107 0.01332965 0.01547583 0.01804638]
[0.00975515 0.01113644 0.01311438 0.02055608 0.0216616  0.02534775]
[0.01167811 0.01828657 0.01835361 0.01907428 0.02039082 0.020403  ]
[0.00460587 0.00923108 0.016722   0.0176111  0.01897406 0.02038507]
[0.01120223 0.01167987 0.01414224 0.01715462 0.01837227 0.01881241]
[0.01289027 0.01470485 0.0156571  0.0173964  0.01776349 0.0178173 ]
[0.01998552 0.02035338 0.02162509 0.02172049 0.0217511  0.02254066]
[0.01015249 0.01147558 0.0162023  0.01952925 0.02088076 0.02109189]
[0.00920989 0.0157892  0.01681944 0.01894002 0.02570855 0.02975593]
[0.00593845 0.008561   0.01164201 0.01263825 0.01855247 0.02051353]
[0.01018629 0.01175514 0.01288914 0.01345666 0.01393253 0.0195859 ]
[0.00759622 0.01322237 0.01778234 0.019301   0.01940402 0.02085512]
[0.00542771 0.01182954 0.01218209 0.01314303 0.01483665 0.01544363]
[0.00706775 0.00813988 0.01150671 0.01183534 0.01460774 0.01546602]
[0.01302523 0.01664023 0.01873927 0.01953287 0.01999079 0.02026637]
[0.00364697 0.0070646  0.01059779 0.01098542 0.01134805 0.01372862]
[0.00280444 0.00603442 0.00608246 0.00685472 0.00744782 0.00852845]
[0.00394801 0.00499602 0.0052157  0.00718059 0.00773172 0.00804367]
[0.00382177 0.00389421 0.00436054 0.0045391  0.00667893 0.00708538]
[0.00559479 0.00697571 0.00799615 0.00813198 0.00847143 0.0089793 ]
None
[0.00483945 0.00530964 0.00767805 0.00833859 0.00903898 0.00935995]
[0.00563313 0.00817881 0.00885505 0.01010037 0.01024509 0.01246593]
[0.0052794  0.00644538 0.00955103 0.01048332 0.01123423 0.01238479]
[0.00237403 0.00422142 0.00574257 0.00597416 0.00602773 0.00611761]
[0.00411112 0.00450851 0.00461014 0.0080839  0.00931533 0.01073486]
[0.00469721 0.0103033  0.01044859 0.01068257 0.01152743 0.01256163]
[0.00340517 0.00749267 0.00774355 0.008099   0.00877795 0.00983492]
[0.00509268 0.006336   0.01034883 0.01041755 0.01109673 0.01156482]
[0.00515576 0.00541547 0.00746256 0.01174535 0.01211467 0.01350365]
[0.00585932 0.00878906 0.01116651 0.01377449 0.01391525 0.01418003]
[0.00429527 0.00493707 0.00858947 0.01036546 0.01144915 0.01188746]
[0.0048967  0.0095273  0.01167507 0.01216515 0.01374631 0.01386145]
[0.00221102 0.00665187 0.00747404 0.00897745 0.01023273 0.01139603]
[0.00462688 0.00712501 0.00884821 0.01046776 0.01302205 0.01352518]
[0.00350479 0.00472112 0.00703379 0.00894349 0.00915006 0.00980582]
[0.00518868 0.00595131 0.00668548 0.00749521 0.00941465 0.01006997]
[0.0073804  0.0119907  0.01354604 0.01391346 0.01611774 0.01686448]
[0.00504065 0.00566851 0.00622564 0.00696782 0.00862135 0.0139833 ]
[0.00456669 0.00827212 0.00834759 0.00921737 0.01156527 0.01204616]
[0.00131059 0.00346363 0.0039277  0.00936862 0.01093447 0.01139335]
[0.00225888 0.0023204  0.00303716 0.0082595  0.00914473 0.01098529]
[0.00157708 0.00874925 0.00934431 0.01002989 0.01058608 0.01074333]
[0.00251479 0.00781609 0.00951651 0.00978091 0.01216987 0.01287157]
[0.00404705 0.00615274 0.0114632  0.01243034 0.01470213 0.01477373]
[0.00302849 0.00404163 0.00709234 0.00810095 0.00957675 0.01034823]
[0.0051634  0.00622493 0.00623502 0.0062721  0.00905632 0.00998669]
[0.00499906 0.0092415  0.00979818 0.00984296 0.01034105 0.01214578]
[0.00512313 0.00985213 0.00992878 0.01079738 0.01136342 0.01202017]
[0.00548141 0.00589492 0.00658959 0.00677503 0.00923962 0.01107483]
[0.00593505 0.00628046 0.00694313 0.00939924 0.0104868  0.01121129]
[0.00594833 0.0083481  0.00840602 0.00852612 0.00928398 0.00975292]
[0.00438357 0.00673958 0.00736349 0.00775954 0.00933205 0.01005999]
[0.00605958 0.00971396 0.0105948  0.01069122 0.01115657 0.01173735]
[0.00522348 0.00612276 0.00846484 0.01011978 0.01052446 0.01124162]
[0.00481138 0.00537867 0.01098033 0.01144775 0.01155886 0.01287323]
[0.00586799 0.00842493 0.00889791 0.01129703 0.01132533 0.01174207]
[0.00177917 0.00864985 0.0100593  0.01071746 0.01156947 0.01194066]
[0.01079737 0.01093993 0.01397608 0.01503185 0.01586349 0.0166325 ]
[0.0077511  0.00801254 0.01078372 0.01098905 0.01115701 0.01241677]
[0.0041745  0.00486637 0.00736012 0.00750627 0.01058473 0.01097154]
[0.0024833  0.00261747 0.0061669  0.00730071 0.0082209  0.00870512]
[0.00477362 0.00677272 0.00838419 0.0087443  0.01082176 0.0128894 ]
[0.00678388 0.01014961 0.01236023 0.01460358 0.01588965 0.01718341]
[0.00653991 0.00883607 0.00937171 0.01043349 0.01113938 0.01272942]
[0.0105248  0.01100326 0.01138572 0.01237107 0.01268391 0.01323471]
[0.0041329  0.00512697 0.00771602 0.01276592 0.01328044 0.01593777]
[0.00378565 0.00494943 0.00805205 0.00887091 0.00914628 0.01024675]
[0.0026644  0.00637268 0.00941957 0.01079137 0.01091239 0.01290183]
[0.01123804 0.01364159 0.01455516 0.01586704 0.01628998 0.01645314]
[0.00331269 0.00491153 0.00754778 0.01149822 0.01303863 0.0133468 ]
[0.0042712  0.00970112 0.0097837  0.01228718 0.01236392 0.01365891]
[0.00450831 0.00608895 0.00699752 0.00796837 0.00851975 0.00901742]
[0.0049781  0.00735998 0.00757678 0.00914503 0.00918276 0.01612888]
[0.00918683 0.00947899 0.01094661 0.01181374 0.01226027 0.0129856 ]
[0.00783562 0.00885646 0.00889128 0.00942409 0.01230851 0.01541452]
[0.0049395  0.00511866 0.00706448 0.01159179 0.01209377 0.01378718]
[0.00445334 0.00691312 0.00751915 0.00877656 0.00996188 0.01320899]
[0.0067144  0.01324235 0.01371997 0.01592765 0.01695811 0.01701523]
[0.0046375  0.00554284 0.00972941 0.01538934 0.01583524 0.01633678]
[0.00457184 0.01714462 0.01739723 0.01828773 0.02035019 0.02066306]
[0.00385654 0.00786483 0.01024054 0.01074436 0.0111667  0.01141415]
[0.00269748 0.00543426 0.00574805 0.00586283 0.00795245 0.00969   ]
[0.0045294  0.00527678 0.00535119 0.00722987 0.00803846 0.01055663]
[0.0013014  0.00544581 0.00643601 0.00654334 0.00744362 0.00920623]
[0.00510638 0.00633014 0.00698803 0.00987965 0.01086453 0.01106893]
[0.00473588 0.00671217 0.01016078 0.01154565 0.01171079 0.01182223]
[0.0033982  0.00643899 0.00894264 0.00976252 0.01028794 0.01052559]
[0.00447841 0.00694447 0.00758762 0.00884095 0.00913412 0.00919119]
[0.00699225 0.00815327 0.00820396 0.01149162 0.01188586 0.01195728]
[0.00710481 0.00813244 0.00912589 0.01066725 0.01201934 0.01384013]
[0.00255437 0.00665968 0.00854851 0.01077132 0.01234613 0.01267148]
[0.0033313  0.00748323 0.0092437  0.01064131 0.01224344 0.01278164]
[0.00739944 0.00758558 0.00848771 0.00917524 0.01075077 0.01179272]
[0.00386801 0.00646823 0.0067493  0.00734112 0.00752406 0.00844138]
[0.00129962 0.00234745 0.003062   0.00338705 0.00498802 0.00576483]
[0.00206928 0.00548446 0.00993118 0.01051186 0.0116976  0.01278603]
[0.0044271  0.00496496 0.00688569 0.00796455 0.00806593 0.0084744 ]
[0.00281789 0.0075365  0.00933858 0.01214154 0.01226171 0.01231528]
[0.00333793 0.00617712 0.00784713 0.0104987  0.01053197 0.01067429]
[0.00308256 0.00686988 0.00732264 0.00921774 0.01116747 0.01125229]
[0.00198947 0.00558491 0.00739962 0.01034034 0.01394205 0.01447155]
[0.00510147 0.00526883 0.0061945  0.00709101 0.00763165 0.00792244]
[0.00343772 0.00375542 0.0048099  0.00679203 0.00804328 0.00845979]
[0.00250217 0.00287106 0.00463326 0.00649471 0.006753   0.00743057]
[0.00943959 0.01343246 0.01414355 0.01426778 0.01464229 0.01507254]
[0.00422032 0.00604873 0.00638509 0.00943993 0.01191908 0.01194056]
[0.0073423  0.00941788 0.00957875 0.01755217 0.01787124 0.01806691]
[0.00341973 0.00408917 0.00465449 0.00486883 0.00957557 0.0101248 ]
[0.0025613  0.00546062 0.00674797 0.00701876 0.00781225 0.00794348]
[0.00362964 0.0038558  0.00750077 0.00765248 0.00840898 0.0091806 ]
[0.00472027 0.00919719 0.00933961 0.00948272 0.01183166 0.01334455]
[0.00606753 0.00622392 0.00667231 0.00709749 0.00803305 0.00908651]
[0.00014947 0.00225027 0.0026256  0.00300509 0.0031493  0.00344129]
[0.00455065 0.00673531 0.00956025 0.00963369 0.01021674 0.01075026]
[0.00397427 0.01123551 0.01233074 0.01361902 0.01373451 0.01433934]
[0.00128844 0.00327554 0.00456898 0.00556633 0.00632612 0.00886555]
[0.00387756 0.00437871 0.0080918  0.00890421 0.00903111 0.01170283]
[0.00406579 0.00675898 0.00697884 0.00869653 0.0092911  0.00971806]
[0.00651249 0.00715268 0.00747984 0.00817599 0.00926659 0.00988545]
[0.00173714 0.00455515 0.00505609 0.00587843 0.00642548 0.00735402]
[0.00138765 0.0042435  0.00540108 0.00595698 0.00718789 0.0090071 ]
[0.00392547 0.00430856 0.00652177 0.0065735  0.00672024 0.00728806]
[0.00292378 0.00468401 0.00490638 0.00565986 0.00625245 0.00670334]
[0.00482873 0.00651666 0.00796892 0.01001665 0.01204867 0.01223137]
[0.00392726 0.00563086 0.00672388 0.00719885 0.00763205 0.00923732]
[0.00260225 0.00628917 0.00989975 0.00997785 0.01122045 0.01171628]
[0.00234753 0.00373033 0.00570805 0.00867052 0.00991244 0.01070236]
[0.00078067 0.00188733 0.00351047 0.00397183 0.00435164 0.00823707]
[0.00326117 0.00339477 0.00361039 0.00563793 0.00590709 0.00606267]
[0.00645445 0.00685538 0.00711776 0.00741281 0.00987132 0.00994148]
[0.00221701 0.00524791 0.00674019 0.00990395 0.0105518  0.01062856]
[0.00075179 0.00220703 0.00224724 0.00289192 0.00772426 0.00777716]
[0.00305002 0.00415391 0.00456632 0.00815313 0.00999018 0.01019314]
[0.00103156 0.00304244 0.00390266 0.00433751 0.00534875 0.00604993]
[0.004654   0.00510697 0.00580552 0.00725344 0.00827711 0.0108349 ]
[0.00419146 0.00498843 0.00508885 0.00859451 0.00878555 0.01011779]
[0.00303109 0.00395058 0.00683634 0.00772829 0.00833292 0.00965646]
[0.00070383 0.00349546 0.00383434 0.00499085 0.00507125 0.00594442]
[0.0029073  0.00513422 0.0063934  0.00667421 0.00801931 0.00904222]
[0.00487926 0.00604483 0.00778619 0.0091347  0.00944011 0.0100221 ]
[0.00336445 0.00582308 0.00612015 0.00638115 0.00688108 0.00724518]
[0.00069512 0.00072286 0.00141251 0.00196882 0.00198383 0.0020311 ]
[0.00350378 0.00399253 0.00613536 0.00828204 0.00864556 0.00961567]
[0.00246563 0.00296495 0.00358557 0.0065609  0.00687854 0.00768749]
[0.00488384 0.00654725 0.00684173 0.00761302 0.00867679 0.00902596]
[0.00418005 0.00645287 0.00663511 0.00940731 0.01437318 0.01447307]
[0.00649498 0.00735938 0.01038326 0.01044004 0.0105643  0.0126559 ]
[0.00251834 0.00355282 0.00445634 0.00674942 0.00718071 0.00790336]
