[0.00372049 0.00618569 0.00859743 0.01011277 0.01138704 0.01200449]
[0.00541909 0.0055432  0.0062794  0.00843163 0.00888516 0.0097176 ]
[0.00670137 0.01275826 0.01287023 0.01372336 0.01382032 0.01423114]
[0.01044732 0.011712   0.01221926 0.01303882 0.01307034 0.0145777 ]
[0.00608398 0.0077333  0.00805563 0.00851231 0.01019306 0.01071332]
[0.01068494 0.01171198 0.0118219  0.01274359 0.01286627 0.01401154]
[0.01115434 0.01342939 0.01668175 0.01784266 0.01789813 0.01865684]
[0.00764971 0.00779887 0.01166665 0.01222497 0.01466705 0.0147713 ]
[0.00630635 0.0095643  0.01299303 0.01412177 0.01442411 0.01842439]
[0.0073484  0.00781898 0.0091225  0.01018619 0.0122461  0.01713818]
[0.00713131 0.00854343 0.00945749 0.00969861 0.01262086 0.01269705]
[0.0057514  0.0062542  0.00634324 0.00655024 0.00674994 0.00736991]
[0.00603433 0.00745511 0.00782803 0.00854889 0.00980026 0.0105649 ]
[0.00704481 0.01174402 0.01388829 0.01417723 0.0143605  0.01476934]
[0.01023286 0.01081118 0.01188988 0.01441251 0.01479612 0.01733303]
[0.0073127  0.01284126 0.01360481 0.01403036 0.01604332 0.01605409]
[0.01476591 0.01490141 0.01513039 0.01519517 0.01553278 0.01612188]
[0.01000294 0.01038438 0.01162729 0.01370049 0.01462764 0.01530489]
[0.00586776 0.00619374 0.00628645 0.00800695 0.00838687 0.0085622 ]
[0.00255581 0.00539951 0.00609718 0.00659483 0.00850315 0.01020374]
[0.00546753 0.00634021 0.00763209 0.0109101  0.01425658 0.01552422]
[0.00569333 0.00733958 0.00845861 0.01195264 0.01279452 0.01296643]
[0.00410096 0.00526341 0.0061731  0.00717057 0.00895338 0.00923375]
[0.00485064 0.00791442 0.00832672 0.00868025 0.00904586 0.01030469]
[0.00503948 0.00634879 0.0063502  0.00640402 0.00738612 0.00816278]
[0.00743414 0.00771366 0.00930644 0.01006345 0.01030914 0.01065931]
[0.00614066 0.00869365 0.01381392 0.01420597 0.0165596  0.01706745]
[0.00508531 0.0078887  0.00795378 0.01154777 0.01586023 0.01601152]
[0.0096739  0.01035118 0.01076248 0.01355948 0.01402224 0.01456255]
[0.00154106 0.00995704 0.01018347 0.01158442 0.01339121 0.01360126]
[0.00589048 0.00831066 0.01028461 0.01147247 0.01150646 0.01213579]
[0.0068037  0.00706323 0.00766474 0.00984781 0.0098778  0.01070191]
[0.00363017 0.01030492 0.01041971 0.01155852 0.0118646  0.01203449]
[0.00401734 0.00618551 0.00881043 0.00952142 0.0103085  0.01193084]
[0.00784265 0.00803447 0.00852341 0.00924108 0.01255587 0.01316519]
[0.00898516 0.01140188 0.01236926 0.01405332 0.01422087 0.0143657 ]
[0.00629028 0.011099   0.01188431 0.01379843 0.01438476 0.0157283 ]
[0.00868475 0.01083445 0.01251657 0.01311126 0.01385893 0.01448676]
[0.00145018 0.00730277 0.0080696  0.00951104 0.01115728 0.01570826]
[0.00511063 0.00796035 0.00864868 0.01126297 0.01157073 0.01159593]
[0.00322609 0.0101105  0.01268994 0.01325908 0.01573254 0.01643561]
[0.00328151 0.00636417 0.00806771 0.01094082 0.01102214 0.01169798]
[0.00924494 0.00936986 0.01205496 0.01310809 0.01701229 0.01877378]
[0.00480087 0.00485574 0.00504246 0.00964174 0.01014794 0.01143938]
[0.00586246 0.00659031 0.00664398 0.00677905 0.00933717 0.01100632]
[0.00573615 0.00772685 0.00876078 0.01274844 0.01367531 0.01407854]
[0.00758057 0.00786457 0.00822624 0.00862096 0.01077699 0.01110794]
[0.00692911 0.0084622  0.00953725 0.01135211 0.01251342 0.01303465]
[0.00789005 0.01034628 0.01145756 0.0126313  0.01367283 0.0148045 ]
[0.0033328  0.00441106 0.00562497 0.00607921 0.00704849 0.00794881]
[0.00692188 0.0102518  0.01277899 0.01287027 0.01352477 0.01493205]
[0.00481531 0.01033785 0.01064532 0.0107933  0.01116404 0.01143181]
[0.00947742 0.0111768  0.01248043 0.01264841 0.01317151 0.01342077]
[0.00737037 0.00738835 0.00866903 0.00896736 0.01279537 0.0135347 ]
[0.00591221 0.00697167 0.00865275 0.0093803  0.01071304 0.01106933]
[0.01021725 0.01487083 0.01679911 0.01714453 0.01758124 0.018339  ]
[0.00453155 0.00679516 0.0073312  0.01036411 0.01156534 0.01282032]
[0.00627562 0.00677298 0.00912583 0.0097722  0.00983369 0.0106872 ]
[0.00385411 0.00628857 0.01223121 0.01275756 0.01347757 0.01489325]
[0.00729549 0.00751496 0.00928813 0.01044401 0.01099861 0.01326211]
[0.00159401 0.00293388 0.00417131 0.00612961 0.00635125 0.00750658]
[0.00256714 0.00569068 0.00818793 0.00903283 0.01026184 0.01208252]
[0.00139211 0.00182257 0.00356944 0.0062218  0.00833226 0.00958467]
[0.00389247 0.00395586 0.00397599 0.00803998 0.00813666 0.01221721]
[0.00525844 0.01152311 0.01274486 0.0140582  0.0143674  0.0145322 ]
[0.00243455 0.00703417 0.0087242  0.00952421 0.00999686 0.01045206]
[0.00437175 0.00587111 0.00624343 0.00739264 0.0080914  0.00886207]
[0.00341135 0.00869909 0.0090478  0.01097772 0.01155237 0.01238797]
[0.00287204 0.00571804 0.00602603 0.00681134 0.00733387 0.00887224]
[0.00351494 0.00354045 0.00717707 0.00782633 0.00784285 0.0084112 ]
[0.00229065 0.00347099 0.00355476 0.00369799 0.00477543 0.00497473]
[0.00280957 0.00374629 0.0041825  0.00557163 0.0056919  0.00729578]
[0.00241023 0.00316323 0.0034227  0.00688781 0.00731519 0.00768305]
[0.00252036 0.00385347 0.00532319 0.00634369 0.00722407 0.00842031]
[0.0033499  0.00510975 0.00538551 0.00549182 0.00555262 0.0057279 ]
[0.00304417 0.00474851 0.00496734 0.00497222 0.00583622 0.00750047]
[0.00491666 0.0052063  0.00590847 0.00715685 0.00722135 0.00781785]
[0.00215239 0.00309292 0.00682088 0.0078934  0.008523   0.00892295]
[0.00743493 0.00780891 0.00900109 0.00913222 0.0091616  0.00968562]
[0.00445705 0.00458011 0.0070503  0.00742593 0.00745342 0.00881913]
[0.00388198 0.00394769 0.00462149 0.00466922 0.00472877 0.0055989 ]
[0.00473012 0.0061643  0.00685042 0.00690043 0.0073298  0.0082989 ]
[0.00164352 0.00189142 0.00295635 0.00455405 0.00489935 0.0063741 ]
[0.004119   0.00563826 0.00652431 0.00674372 0.00749327 0.00782298]
[0.00239552 0.00650552 0.00698405 0.00796973 0.00804496 0.00819678]
[0.00443077 0.00668321 0.00728764 0.00768654 0.0088514  0.00991867]
[0.00654655 0.00720701 0.00900292 0.01012189 0.01020395 0.01033955]
[0.00428392 0.00515657 0.00688465 0.00739667 0.00770759 0.00851258]
[0.00208351 0.00384988 0.00401782 0.00474276 0.0047623  0.00537055]
[0.00646193 0.00651247 0.00794345 0.00839426 0.00957859 0.00968174]
[0.00625745 0.00632524 0.00901216 0.00922634 0.00937609 0.00977951]
[0.00434972 0.00576367 0.00689532 0.0073601  0.00830602 0.0085703 ]
[0.00230019 0.00431368 0.00574449 0.00755572 0.00788115 0.00898944]
[0.00364245 0.00533459 0.00565473 0.00690012 0.00717331 0.00736315]
[0.00352278 0.00413995 0.00445624 0.00671151 0.0077379  0.00807666]
[0.00351415 0.00607617 0.00616197 0.00634804 0.00653159 0.00679141]
[0.00377928 0.00640954 0.00661828 0.00687172 0.0095992  0.01029105]
[0.00686962 0.0078076  0.00875312 0.00973442 0.01036006 0.01061325]
[0.00607405 0.00703209 0.00867012 0.0088277  0.00928275 0.00939178]
[0.00384946 0.00585893 0.00681837 0.00711963 0.00868686 0.00923421]
[0.00644295 0.00752906 0.00765381 0.00844027 0.0087996  0.00934598]
[0.00292899 0.00702111 0.00790563 0.00962677 0.00981724 0.01027325]
[0.00444698 0.00459502 0.00511111 0.00513717 0.00527302 0.00616337]
[0.00176788 0.00572366 0.00631731 0.00788077 0.00821894 0.00886261]
[0.00659513 0.00720783 0.00880715 0.00958011 0.00966419 0.01022063]
[0.00548702 0.00639554 0.00659302 0.00753628 0.00832324 0.00869693]
[0.00575125 0.00604237 0.00782247 0.01006657 0.01103606 0.01184532]
[0.00899151 0.01077031 0.01135395 0.01145529 0.01185056 0.01215144]
[0.00657389 0.00810103 0.00816483 0.00919427 0.00949915 0.01011268]
[0.00196062 0.0042898  0.00705413 0.00811362 0.00856153 0.00881396]
[0.00724223 0.00823826 0.00827647 0.00952772 0.00953814 0.01025929]
[0.00419135 0.00466968 0.00814204 0.00878131 0.00889517 0.00998101]
[0.00936261 0.00980359 0.01011384 0.01046153 0.01061614 0.01086027]
[0.00799709 0.00909244 0.00988022 0.01030918 0.01110921 0.01130193]
[0.00831977 0.00859442 0.00998699 0.01127367 0.01226598 0.0126413 ]
[0.00477379 0.0048572  0.00794332 0.00918111 0.00934947 0.0094924 ]
[0.00545619 0.00558163 0.0061694  0.00670945 0.0074559  0.00911232]
[0.00339537 0.00439217 0.00589906 0.00915036 0.00929321 0.00974823]
[0.00405775 0.01065997 0.0108667  0.01200234 0.0121317  0.01224218]
[0.00507913 0.00924403 0.0096084  0.00976309 0.01010964 0.01066521]
[0.00390502 0.00494506 0.00692613 0.00955133 0.00959968 0.01058847]
[0.00731529 0.00768093 0.00938234 0.01220842 0.01400763 0.01446115]
[0.0053482  0.00633357 0.00906373 0.00946302 0.0098189  0.01015957]
[0.00445604 0.00448622 0.0066867  0.00677292 0.00836451 0.00901375]
[0.00544189 0.00589209 0.00641039 0.00758731 0.00829016 0.00907549]
[0.0080098  0.00839193 0.00952614 0.00999263 0.01019852 0.01041138]
[0.00555605 0.00726596 0.00862408 0.01013563 0.01014623 0.01054043]
[0.00439687 0.00511508 0.00722728 0.00767951 0.00795317 0.00926952]
[0.00527709 0.00779311 0.00813382 0.00963284 0.01132929 0.01176167]
[0.00568533 0.00780083 0.00804611 0.00863646 0.0093366  0.01080396]
[0.00443059 0.00447989 0.00573614 0.00633752 0.00853367 0.00865804]
[0.00464576 0.00573264 0.00575676 0.00893276 0.00910013 0.00914268]
[0.00091671 0.00095616 0.0035875  0.00385155 0.00409125 0.00422956]
[0.00352205 0.00420302 0.00432417 0.00457103 0.00518801 0.00663323]
[0.00153417 0.00339531 0.00453499 0.00457188 0.0046512  0.00474367]
[0.00247775 0.00274967 0.00360498 0.00507188 0.00517167 0.00542407]
[0.00287831 0.00327469 0.00519422 0.00602966 0.00619395 0.0069254 ]
[0.00123486 0.00137895 0.00165002 0.00198737 0.00238599 0.00292284]
[0.00038349 0.00142919 0.00233381 0.00239117 0.00323842 0.00324371]
[0.00145173 0.00375444 0.00572067 0.00572746 0.00624676 0.00653198]
[0.00366453 0.00499249 0.005692   0.00572816 0.00639916 0.00776442]
[0.00123645 0.00244868 0.00484009 0.00511696 0.00519872 0.00682261]
[0.00424568 0.00519312 0.00740192 0.00775523 0.00919398 0.00931438]
[0.00500227 0.00724008 0.00749998 0.00925033 0.0101125  0.01090326]
[0.00413289 0.00885374 0.00957172 0.00996    0.0113787  0.01141264]
[0.00609075 0.00632861 0.00764021 0.0083768  0.00870656 0.00883088]
[0.00487605 0.00516034 0.00529648 0.0056938  0.00633309 0.00700312]
[0.00333895 0.00761816 0.00784587 0.00786882 0.00905694 0.00939633]
[0.0086202  0.00958655 0.00984549 0.01021487 0.01028994 0.01062581]
[0.00490097 0.00539046 0.00566518 0.00661852 0.00778071 0.0081002 ]
[0.00244746 0.00638813 0.00670387 0.00712169 0.00746488 0.00946846]
[0.00486134 0.00609577 0.00786061 0.00852284 0.00886159 0.00903871]
[0.00023676 0.00046063 0.00626246 0.00638164 0.00767525 0.00782873]
[0.00294183 0.00479542 0.00551113 0.00640362 0.00815725 0.00816508]
[0.00179965 0.00314782 0.00445237 0.00464348 0.00489356 0.00599217]
[0.00178117 0.00418066 0.00604442 0.00648663 0.00878488 0.00983299]
[0.00230424 0.00545241 0.00842489 0.00849979 0.0085206  0.00910444]
[0.00427706 0.00574885 0.00686568 0.00741211 0.00825879 0.0083185 ]
[0.00288715 0.00316386 0.00351159 0.00366627 0.00379623 0.00442316]
[0.00402254 0.00439992 0.00687221 0.00735021 0.00801859 0.00802518]
[0.00323598 0.00544664 0.00548017 0.00911049 0.00977678 0.00980165]
[0.00285404 0.00309785 0.00427598 0.00515944 0.00586072 0.00684402]
[0.00413499 0.00654602 0.00865745 0.00875482 0.00925794 0.00930074]
[0.00815646 0.00907623 0.00930291 0.00949491 0.01276101 0.0129916 ]
[0.00122763 0.00360991 0.00469525 0.0052408  0.00721166 0.00794158]
[0.00446327 0.0045405  0.00477844 0.00525094 0.00626378 0.00659253]
[0.00496137 0.00664423 0.00788831 0.00816576 0.00864492 0.00896158]
[0.00702132 0.00750752 0.00797133 0.00893562 0.00961582 0.00967711]
[0.00619756 0.00983688 0.00994574 0.01117397 0.01178899 0.012464  ]
[0.00621745 0.00822083 0.00997917 0.01024527 0.01043523 0.01115863]
[0.00889965 0.00897958 0.00922206 0.00933626 0.0093532  0.01164924]
[0.00479607 0.00756196 0.01002844 0.0114753  0.0117915  0.0119675 ]
[0.0035892  0.00444247 0.00510692 0.00630888 0.0081052  0.00823822]
[0.0034384  0.00830903 0.00977048 0.00995184 0.01043708 0.01204076]
[0.00291734 0.00343947 0.00365651 0.0037353  0.00393293 0.00498967]
[0.00310951 0.00471618 0.0067477  0.00691318 0.00741713 0.00869829]
[0.00463648 0.00525377 0.00608458 0.00739184 0.00785882 0.00806861]
[0.00553466 0.00794443 0.00838726 0.01028946 0.01083827 0.01172016]
[0.00531507 0.00559871 0.00618077 0.00652291 0.0066916  0.00723181]
[0.00392952 0.00424322 0.00456564 0.00466009 0.00472412 0.00532491]
[0.00317157 0.00624917 0.00652298 0.00751883 0.00814528 0.00926025]
[0.00308166 0.00506017 0.00593906 0.00601602 0.00606273 0.00612652]
[0.00196054 0.00205076 0.0030917  0.00338373 0.00369044 0.00429705]
[0.00508685 0.0060273  0.00609735 0.00643254 0.0072863  0.00788148]
[0.00124087 0.00174118 0.00259514 0.00290695 0.00292225 0.00341543]
[0.0014996  0.00363272 0.00409039 0.00590281 0.00666082 0.00691702]
[0.00078668 0.00118467 0.00172463 0.00322535 0.00338838 0.00425516]
[0.00110664 0.00266529 0.00438751 0.00443131 0.00448756 0.00532269]
[0.00038873 0.00076001 0.00271883 0.00278051 0.00315869 0.00332155]
[0.00182312 0.00226696 0.00232857 0.00244193 0.00258488 0.00305697]
[0.0014897  0.00264928 0.00320391 0.00454536 0.00468337 0.00598916]
[0.00138692 0.00149756 0.00214373 0.00301361 0.003807   0.00558116]
[0.00376081 0.00486801 0.00622082 0.00799918 0.00847881 0.00902401]
[0.00412831 0.00603224 0.00662163 0.00782886 0.00853367 0.00884519]
[0.00559055 0.00658017 0.00732591 0.00927655 0.00960304 0.00976016]
[0.00258624 0.00507101 0.005435   0.00546669 0.00892036 0.00956217]
[0.00363896 0.00624607 0.0085847  0.01057101 0.01079979 0.0109206 ]
[0.00144794 0.00364919 0.00622234 0.00742541 0.00971963 0.0098075 ]
[0.00144374 0.00409539 0.00514437 0.00524348 0.00606064 0.0086982 ]
[0.0026304  0.0029561  0.00427334 0.00461498 0.00606208 0.00618477]
[0.00533569 0.00610273 0.0066028  0.00745811 0.00758581 0.00827189]
[0.0020369  0.00376705 0.00478096 0.00802842 0.008395   0.00854365]
[0.00228785 0.00271725 0.003644   0.00542155 0.00551899 0.0056736 ]
[0.00201958 0.00489538 0.00504161 0.00619399 0.00688523 0.00723583]
[0.00608034 0.00897251 0.00918806 0.00921208 0.01011942 0.01045453]
[0.00701695 0.00756227 0.00849453 0.00962713 0.00974806 0.01016902]
[0.00405507 0.0059595  0.00682187 0.00684559 0.00725419 0.00727761]
[0.00558533 0.00654447 0.00796669 0.00860133 0.00879342 0.00951223]
[0.00415644 0.0061134  0.00817486 0.00824907 0.01093729 0.01109707]
[0.00399671 0.00609516 0.0071054  0.00801484 0.00827354 0.01033397]
[0.00737926 0.01104188 0.01139919 0.01524057 0.01785553 0.01899741]
[0.00392012 0.00694998 0.00895083 0.00992292 0.01001091 0.01090304]
[0.00852121 0.01135257 0.01256713 0.01335931 0.01563496 0.01700344]
[0.00533654 0.00625226 0.00644198 0.00861094 0.01054142 0.01211764]
[0.00575638 0.00693347 0.00867887 0.01051096 0.01083236 0.01193479]
[0.00154874 0.00354189 0.00809543 0.0081304  0.00816428 0.01014036]
[0.00227209 0.00580168 0.00994301 0.01109403 0.01141926 0.01382164]
[0.0039281  0.00967742 0.01011714 0.01035996 0.01043891 0.01211034]
[0.00613941 0.0065893  0.00722597 0.0105775  0.01105045 0.0120151 ]
[0.00382611 0.00502112 0.00733156 0.00750366 0.00756705 0.00794206]
[0.01250204 0.0135232  0.01425131 0.01699277 0.01948452 0.02044671]
[0.00409238 0.00598945 0.00706446 0.00878506 0.0105479  0.01135191]
[0.00777231 0.00978712 0.01180275 0.01196452 0.01390719 0.01561014]
[0.007671   0.00826893 0.00860576 0.008629   0.01048352 0.01170606]
[0.00354199 0.00369341 0.00626264 0.00708547 0.00787858 0.01011188]
[0.00458632 0.00713073 0.00867857 0.00977382 0.01030859 0.01088256]
[0.00053366 0.00284626 0.00298161 0.00566816 0.00774765 0.0085813 ]
[0.00918233 0.00940429 0.00983843 0.01047994 0.01112246 0.01162427]
[0.00346079 0.0035971  0.00450713 0.00811115 0.00856967 0.00918233]
[0.00155527 0.00370452 0.00581109 0.00682103 0.00979999 0.01096188]
[0.00215694 0.0065224  0.00664868 0.00776139 0.0100524  0.01156892]
[0.00607087 0.01090403 0.01125179 0.01206675 0.01237142 0.01364908]
[0.00440857 0.0065152  0.00668101 0.00681724 0.00724133 0.00794626]
[0.00087597 0.00353605 0.00364898 0.00558543 0.00674307 0.00737702]
[0.00291166 0.00336418 0.0047806  0.00601054 0.00750999 0.00777724]
[0.0047509  0.00717216 0.00749376 0.00843297 0.00923534 0.0103581 ]
[0.00575644 0.00624642 0.00731098 0.00886259 0.0116803  0.01170462]
None
[0.00241995 0.00306911 0.00487078 0.00568465 0.00626356 0.00822511]
[0.00447103 0.00693756 0.00767843 0.00953589 0.00966607 0.00990548]
[0.00447259 0.00457716 0.00670292 0.00721158 0.00772651 0.00786298]
[0.00469104 0.00612278 0.00643951 0.01019044 0.01123    0.01129564]
[0.00250272 0.00589906 0.00647601 0.00745281 0.00837937 0.00867743]
[0.00354333 0.00391962 0.00866048 0.01075289 0.0123309  0.01316758]
[0.00947645 0.01068785 0.0130815  0.01408405 0.01410088 0.01775801]
[0.00545295 0.00830909 0.00933438 0.00986579 0.01052964 0.01587368]
[0.01018811 0.01073947 0.01075516 0.01124613 0.01183923 0.01463078]
[0.00570365 0.01012597 0.01058361 0.0120842  0.01274232 0.01338218]
[0.00727643 0.00996501 0.01401126 0.01706763 0.0174808  0.0181784 ]
[0.00630393 0.00912464 0.01198152 0.01207136 0.01277786 0.01474784]
[0.00741161 0.00810082 0.01427608 0.01451045 0.01542807 0.0155757 ]
[0.00878923 0.01123735 0.01284664 0.0141517  0.01446977 0.01465212]
[0.00591355 0.0097759  0.00978148 0.01246974 0.01519036 0.016457  ]
[0.00882211 0.01004091 0.01061335 0.01146628 0.01215433 0.01248567]
[0.01048887 0.01126586 0.01359411 0.01502489 0.01522353 0.01543138]
[0.00387921 0.00602906 0.00753383 0.0079866  0.00900398 0.01044765]
[0.0076748  0.00865943 0.01081416 0.01142609 0.01254455 0.01260461]
[0.00399918 0.00824793 0.00981169 0.01023395 0.01093248 0.01183552]
[0.00330462 0.00845832 0.01079506 0.01164907 0.01174665 0.01200392]
[0.00937444 0.01022399 0.01044076 0.01244479 0.01265135 0.01301609]
[0.00350245 0.00744629 0.01063446 0.01108767 0.01209768 0.01270473]
[0.01123447 0.01171758 0.01522444 0.01529032 0.01553429 0.01613658]
[0.0040877  0.0078826  0.00927726 0.01044245 0.01140498 0.01216504]
[0.00790773 0.0096856  0.00999057 0.01002213 0.01023042 0.01027042]
[0.0041699  0.00727401 0.00742626 0.00861141 0.00866303 0.01021487]
[0.00837755 0.00936659 0.01008054 0.0106913  0.01133323 0.01280157]
[0.00724431 0.00735158 0.01108709 0.01203636 0.01263637 0.01318719]
[0.0025011  0.00457069 0.00620591 0.00777646 0.01073788 0.01193536]
[0.00305878 0.00439934 0.00810447 0.00983113 0.01129976 0.01170166]
[0.00639431 0.00830434 0.00950949 0.01091442 0.01143242 0.0121857 ]
[0.0057066  0.0075822  0.01009148 0.01050441 0.01119876 0.01163212]
[0.00800581 0.00826884 0.00851008 0.00884619 0.01092647 0.01095716]
[0.00515998 0.0087771  0.00940805 0.01186585 0.01198166 0.01201934]
[0.00428038 0.00645693 0.00673697 0.00708476 0.0079133  0.00913843]
[0.00311751 0.00459833 0.00608297 0.00720822 0.00848103 0.00892704]
[0.00495927 0.00538337 0.00775042 0.01296007 0.01354132 0.01421142]
[0.00226309 0.00754117 0.00786565 0.00887949 0.00924372 0.01131068]
[0.01181579 0.01201064 0.01218717 0.01222088 0.01272584 0.01310482]
[0.00745569 0.00865994 0.0128799  0.01414396 0.01489311 0.01520266]
[0.00489207 0.00923934 0.00967212 0.00979612 0.00982155 0.01025652]
[0.00686972 0.00998896 0.01093584 0.01238186 0.01239725 0.01394246]
[0.01059948 0.01324415 0.01348499 0.01387914 0.01529649 0.01530475]
[0.00904027 0.00988824 0.01532697 0.01545333 0.01569796 0.0160216 ]
[0.00588793 0.00705046 0.00831621 0.01016433 0.01063633 0.01069516]
[0.00625349 0.00629242 0.00678002 0.0093115  0.00960527 0.01036978]
[0.01097821 0.01213606 0.01224616 0.01268701 0.01340011 0.01343641]
[0.00476802 0.01148049 0.01338092 0.01385497 0.01554123 0.01632445]
[0.01167125 0.01351639 0.0151691  0.01623313 0.01627289 0.01656984]
[0.01018792 0.01196591 0.01220793 0.01302832 0.01332623 0.01338701]
[0.01193453 0.01227965 0.01404954 0.01459926 0.01622471 0.01631645]
[0.00944754 0.011757   0.01220942 0.01234861 0.01324462 0.01351204]
[0.0064316  0.00904285 0.00992561 0.01056862 0.01070488 0.01233136]
[0.00398998 0.00658534 0.00758699 0.01126945 0.01132191 0.01281843]
[0.00964723 0.00982876 0.01349009 0.01380171 0.01592154 0.01695858]
[0.00984925 0.01124846 0.01179745 0.01310446 0.01523879 0.01575213]
[0.01397317 0.01428527 0.01448155 0.01528362 0.01869009 0.01895312]
[0.0124667  0.01350329 0.01418758 0.01511984 0.01567541 0.01578071]
[0.00520391 0.00895496 0.01012221 0.01101311 0.01320481 0.01349843]
[0.00675567 0.00982571 0.00986027 0.01119165 0.01282559 0.01470526]
[0.00930469 0.01127909 0.01128199 0.01197444 0.01432364 0.01585478]
[0.00528455 0.00581483 0.00652131 0.00680437 0.00754093 0.00764656]
[0.0080451  0.00876675 0.01145094 0.01202023 0.01231017 0.01257967]
[0.01117121 0.01168934 0.01421212 0.01458408 0.01501268 0.01515884]
[0.00620017 0.00756502 0.01193849 0.01327498 0.01341199 0.0153516 ]
[0.01044691 0.01136924 0.01194452 0.01653188 0.01706743 0.01729801]
[0.00603058 0.00753035 0.00769823 0.0100064  0.01100095 0.01138775]
[0.00696433 0.00768648 0.00943903 0.00959269 0.01010421 0.01064703]
[0.00782337 0.01573009 0.01592449 0.01725716 0.01784763 0.02005594]
[0.00704605 0.01296316 0.01370531 0.01467402 0.0155283  0.01589635]
[0.00633564 0.0081153  0.00899902 0.01475743 0.01488188 0.01488514]
[0.00476243 0.01038139 0.01162    0.01245994 0.01356791 0.01414532]
[0.00440105 0.00465994 0.00801981 0.00859041 0.0086899  0.01114052]
[0.00183811 0.00583571 0.00698481 0.00731241 0.00857128 0.00975915]
[0.00341986 0.0078517  0.00787023 0.01148864 0.0131947  0.01365728]
[0.00462353 0.00902739 0.00997749 0.01280907 0.01303933 0.01391937]
[0.01144697 0.01149864 0.01155228 0.01315648 0.01373763 0.01440791]
[0.007069   0.00851102 0.00859935 0.00954118 0.00955936 0.00991556]
[0.00683631 0.01162684 0.01315888 0.01370425 0.01394687 0.01429882]
[0.00488718 0.01273922 0.01396543 0.01512776 0.01533982 0.01534793]
[0.00426097 0.00597489 0.00961604 0.00964623 0.00970836 0.01009347]
[0.00830577 0.00877336 0.0107786  0.01079475 0.01092326 0.01219691]
[0.01030922 0.01222892 0.01312337 0.01359035 0.01377639 0.01561933]
[0.006473   0.00983475 0.00989307 0.01096006 0.01176974 0.01219875]
[0.00809263 0.00810102 0.01076207 0.01166343 0.01218251 0.01320086]
[0.00684843 0.0069187  0.00960792 0.00998411 0.01138221 0.01300285]
[0.01133615 0.01190285 0.01207482 0.01270495 0.0127811  0.015093  ]
[0.00837958 0.00982096 0.01082342 0.01202888 0.01246935 0.0126772 ]
[0.00794647 0.00979631 0.01104526 0.011747   0.01291024 0.01396563]
[0.00321209 0.00687277 0.0076869  0.00825433 0.00826503 0.01066204]
[0.00400242 0.00595418 0.00689625 0.01333861 0.01482278 0.01489345]
[0.00277386 0.00590379 0.00684837 0.00739808 0.00818481 0.01079545]
[0.00632477 0.00806017 0.0092377  0.00969652 0.01138456 0.01209575]
[0.00223216 0.0048051  0.00506025 0.00645412 0.00912824 0.00937203]
[0.00366244 0.00767077 0.0091328  0.00952602 0.00972558 0.00996266]
[0.00609394 0.00679089 0.00689842 0.00722076 0.00913776 0.00994561]
[0.00503538 0.00834361 0.00850275 0.00962277 0.00984305 0.0099759 ]
[0.00358718 0.00641375 0.00723599 0.00745725 0.00874506 0.00897481]
[0.00513738 0.00541482 0.00622498 0.00637298 0.00699559 0.00773357]
[0.00710541 0.00909885 0.00938991 0.01026698 0.01425537 0.01438797]
[0.00642353 0.00653837 0.00701612 0.00868908 0.00901949 0.00909477]
[0.0022656  0.00545762 0.00646176 0.0112956  0.01287875 0.01385002]
[0.00211616 0.0052255  0.0066937  0.00727188 0.00749076 0.00956755]
[0.00367615 0.00611272 0.00787646 0.00856505 0.01135332 0.01140894]
[0.00389338 0.00787959 0.00886687 0.00897637 0.00919493 0.00973147]
[0.00328278 0.0055005  0.00572762 0.00673797 0.00735306 0.00775665]
[0.00807884 0.00959316 0.01050199 0.01080237 0.01124064 0.01132753]
[0.00322016 0.00514727 0.00552159 0.0063037  0.00783498 0.00838479]
[0.00785806 0.00821189 0.00835849 0.00939757 0.01009427 0.01112076]
[0.00230121 0.00252037 0.00792111 0.00986721 0.01025937 0.011321  ]
[0.00640961 0.00756767 0.00851733 0.00974782 0.01261856 0.01362272]
[0.00384635 0.00443328 0.00508603 0.00687664 0.00832586 0.00872958]
[0.00274584 0.00501021 0.00976466 0.01003563 0.01073811 0.01075475]
[0.00137847 0.00822349 0.00852853 0.00897201 0.01097777 0.01160505]
[0.00504224 0.00629463 0.00916062 0.0110283  0.01238081 0.01290017]
[0.00224733 0.00380224 0.00630059 0.00656982 0.00762159 0.00877872]
[0.01044319 0.01133859 0.01155097 0.01185215 0.01259961 0.01320072]
[0.00719028 0.00750256 0.01019141 0.01074444 0.01079289 0.01085989]
[0.00347451 0.00361752 0.00647956 0.01082484 0.01094428 0.01170428]
[0.00306883 0.00475419 0.00951878 0.01145297 0.0117295  0.01212569]
[0.00333996 0.00553804 0.00574608 0.00592286 0.00640952 0.00655439]
[0.00426988 0.00521043 0.00562623 0.00644556 0.0071666  0.00856731]
[0.00752718 0.00773722 0.0081039  0.00960441 0.01022957 0.01034614]
[0.00792071 0.00885375 0.00994047 0.01016714 0.01092157 0.01328725]
[0.00323434 0.0060235  0.00879911 0.00897396 0.00939785 0.0099278 ]
[0.00847269 0.01009941 0.01102471 0.01326679 0.01361553 0.01379531]
[0.00637314 0.00807437 0.0089673  0.01013129 0.01066695 0.01323763]
