[0.00455404 0.00897    0.00911475 0.00946054 0.00959852 0.01069733]
[0.00343493 0.00356279 0.00982089 0.00987638 0.01083555 0.01150346]
[0.01001479 0.01061652 0.01154601 0.01285976 0.01351348 0.0137537 ]
[0.00804772 0.01126874 0.0115991  0.01220492 0.01355933 0.01572912]
[0.00284922 0.00472205 0.00481113 0.00650166 0.00651077 0.0086376 ]
[0.00877686 0.00920548 0.01103032 0.01130756 0.01201132 0.01273439]
[0.0045291  0.00883759 0.01169669 0.01302559 0.01341716 0.01416948]
[0.00304892 0.00345374 0.00645874 0.00869523 0.00986827 0.01110025]
[0.00653067 0.00761851 0.01034158 0.01056295 0.01262158 0.0129265 ]
[0.00608087 0.00737914 0.01043944 0.01190678 0.01213369 0.01558893]
[0.00413675 0.00490044 0.00645937 0.00878202 0.01029585 0.01188574]
[0.00305326 0.00435642 0.00537356 0.00589438 0.00795153 0.00819756]
[0.00895361 0.01000293 0.01073353 0.01155881 0.01181811 0.01342543]
[0.00442297 0.0077993  0.0089444  0.01409934 0.01449673 0.01605774]
[0.00531104 0.00565736 0.00703774 0.01021155 0.01214422 0.01415625]
[0.00905308 0.0143119  0.0152672  0.01555059 0.01564265 0.01663465]
[0.00605786 0.00640267 0.01254576 0.01283521 0.01334489 0.01530733]
[0.00858753 0.00952768 0.00980208 0.01199647 0.01331069 0.01337413]
[0.00385446 0.00788711 0.00860632 0.00872456 0.00874648 0.01031021]
[0.0074291  0.00868543 0.00928793 0.01136943 0.01138474 0.01271785]
[0.00590287 0.00820204 0.01071682 0.01136263 0.0140914  0.01450347]
[0.00686367 0.01056207 0.01170706 0.01202617 0.01363086 0.01403984]
[0.00757647 0.01124739 0.0113172  0.01469468 0.01472064 0.01572547]
[0.0056366  0.0103646  0.0104604  0.01282644 0.01419426 0.0168631 ]
[0.00310448 0.00569123 0.00971709 0.01155416 0.01208851 0.01422771]
[0.00438954 0.00492438 0.00757816 0.01126052 0.01183558 0.01352661]
[0.00633384 0.00838796 0.01133748 0.0115641  0.01239093 0.01721883]
[0.008225   0.00869827 0.00939773 0.00985531 0.0099376  0.0113104 ]
[0.01086433 0.01340227 0.01374192 0.01510033 0.01605378 0.01638409]
[0.00693842 0.00955015 0.01190216 0.01211128 0.01286674 0.01377251]
[0.00354093 0.00955883 0.01068974 0.0121629  0.0123947  0.01323878]
[0.00644387 0.00736526 0.01371378 0.01422429 0.01487822 0.01496599]
[0.0012217  0.00311477 0.0033968  0.00462013 0.00625709 0.00807783]
[0.00207801 0.00498493 0.0099769  0.01121851 0.0113739  0.01159091]
[0.00244065 0.00760161 0.00777787 0.00847016 0.0097095  0.01068538]
[0.00636977 0.00746564 0.00820437 0.00907103 0.01033225 0.01037664]
[0.00813721 0.00926376 0.01201996 0.01204046 0.01388581 0.01426401]
[0.0061198  0.0066055  0.00762205 0.00998176 0.01255285 0.01437058]
[0.00732784 0.01132528 0.01138178 0.01314186 0.01343505 0.01417698]
[0.00285377 0.00414103 0.00559563 0.00650089 0.0077897  0.0085643 ]
[0.00971598 0.0109107  0.01263814 0.01311184 0.01315241 0.01394642]
[0.00050642 0.00204518 0.00529991 0.00713387 0.00765156 0.00978396]
[0.00309549 0.00516897 0.00907909 0.00940268 0.01127971 0.01338267]
[0.00352307 0.00454846 0.0087128  0.00960624 0.01013981 0.01035979]
[0.00691963 0.00735261 0.00777224 0.00929683 0.01050198 0.01427488]
[0.00545955 0.00616804 0.00959489 0.01040053 0.01069011 0.01252041]
[0.00752676 0.00815757 0.00945695 0.00989672 0.01149366 0.01164999]
[0.00483137 0.01099069 0.01174174 0.01225033 0.01248588 0.01271017]
[0.00309892 0.00637833 0.00891309 0.01091617 0.01337912 0.01448988]
[0.00470984 0.00609995 0.00771148 0.00932075 0.00934273 0.00940474]
[0.0040508  0.00494876 0.00516682 0.00815276 0.01059518 0.0121074 ]
[0.0053753  0.00869807 0.00983355 0.01010396 0.01134987 0.01300842]
[0.00755839 0.00872847 0.01125303 0.01148347 0.01189162 0.0132969 ]
[0.00116337 0.0041604  0.00654796 0.006868   0.00692592 0.00705994]
[0.0050128  0.00647311 0.00780449 0.00825942 0.00984381 0.01081719]
[0.00479272 0.0102583  0.01055031 0.01069106 0.01239222 0.01372115]
[0.00649033 0.007592   0.00781933 0.00805932 0.01063592 0.0121506 ]
[0.00395289 0.0043764  0.01041482 0.01180814 0.01490552 0.01546837]
[0.00616525 0.0071183  0.00778722 0.00861301 0.01055517 0.01152978]
[0.01287899 0.01313462 0.01515709 0.01586925 0.01591535 0.01743949]
[0.00480635 0.00657561 0.00710902 0.00773125 0.01193962 0.01261617]
[0.00513084 0.00687954 0.00824478 0.00987899 0.01004238 0.01049829]
[0.00254433 0.00782901 0.01026861 0.01137174 0.01371769 0.01497848]
[0.0053479  0.00561493 0.00604464 0.00675032 0.00715274 0.01010306]
[0.00300014 0.00618424 0.00824126 0.01057001 0.01314249 0.01434661]
[0.00255315 0.00650622 0.00787204 0.00851235 0.00973772 0.01184659]
[0.00870045 0.00918035 0.00925099 0.01267793 0.01286505 0.01356514]
[0.00376344 0.00646686 0.00750135 0.00894712 0.01097616 0.01142478]
[0.00576658 0.00694496 0.00767555 0.00852089 0.009987   0.01001638]
[0.00713884 0.00795527 0.01026697 0.0106     0.01363852 0.01541961]
[0.00497424 0.00891572 0.01237565 0.01290971 0.01360807 0.01513046]
[0.00847338 0.00864433 0.00877813 0.00938155 0.01040781 0.01285885]
[0.00381899 0.0062162  0.00752081 0.00829701 0.01079523 0.01146515]
[0.00534762 0.00595876 0.00606936 0.00609277 0.01044621 0.01080501]
[0.00575422 0.0065744  0.00907126 0.01003108 0.01006638 0.01014286]
[0.00301624 0.00485949 0.0066902  0.00728222 0.01117255 0.01122309]
[0.00445868 0.00641567 0.00842613 0.00896224 0.01051157 0.01306471]
[0.00471589 0.00781462 0.00816659 0.00924491 0.00934338 0.01055989]
[0.00442335 0.00584406 0.00772109 0.00828981 0.01027382 0.01115887]
[0.00191085 0.00343957 0.00385756 0.0041586  0.0046878  0.00562726]
[0.00147681 0.00223715 0.00237006 0.0026424  0.00265732 0.00292943]
[0.00204064 0.00279071 0.00340313 0.00477036 0.00552859 0.00701222]
[0.00336531 0.00416647 0.00429469 0.00718137 0.00724963 0.00796054]
[0.00364157 0.00436095 0.00554503 0.00579315 0.00603334 0.00612178]
[0.00243824 0.00331203 0.00419043 0.0047088  0.00578344 0.00642063]
[0.00334634 0.00412354 0.00505509 0.00541554 0.00587093 0.00600005]
[0.00345616 0.00402615 0.00504701 0.00529621 0.00531918 0.00546791]
[0.0023688  0.00376282 0.00474788 0.00575051 0.00615868 0.00639538]
[0.00109051 0.002044   0.00254497 0.00312257 0.00316331 0.0033422 ]
[0.00101034 0.00336064 0.00345611 0.00466562 0.00628757 0.00671236]
[0.00099943 0.00132737 0.00169046 0.00222359 0.00459162 0.00460054]
[0.00087697 0.00133586 0.00349477 0.0043903  0.00475521 0.00511111]
[0.00541248 0.00623237 0.00637513 0.00656472 0.00661172 0.00667083]
[0.00520791 0.00530606 0.00569329 0.00604231 0.0070388  0.00734223]
[0.00058394 0.00156966 0.0020421  0.00290474 0.00366626 0.00450207]
[0.00188146 0.00265745 0.00277532 0.00286569 0.0037801  0.0040131 ]
[0.0021346  0.00314596 0.00378106 0.00386698 0.00406865 0.00429971]
[0.00171796 0.00285996 0.00301816 0.0032438  0.00452192 0.00472678]
[0.00368837 0.00380617 0.00434063 0.00450369 0.00455184 0.00478207]
[0.00152603 0.00387717 0.00406175 0.00444501 0.00610189 0.0062588 ]
[0.00227827 0.00326733 0.00489047 0.00613647 0.00749418 0.00758439]
[0.0016631  0.00213035 0.00396818 0.00499884 0.00573309 0.00594968]
[0.00095016 0.00251706 0.00369855 0.00389229 0.00409882 0.00418614]
[0.00155209 0.00173508 0.00208654 0.00350603 0.00391386 0.00427529]
[0.00084039 0.00084665 0.00092988 0.00316439 0.00390931 0.00429703]
[0.00292131 0.00342094 0.00408837 0.00502059 0.00548567 0.00558591]
[0.00075363 0.00282369 0.00435363 0.00459976 0.00475273 0.00541108]
[0.00247399 0.00431483 0.00466611 0.00502714 0.00583609 0.00607222]
[0.00086823 0.00127436 0.00298936 0.00489741 0.0056328  0.00605532]
[0.00202726 0.00301    0.00324094 0.00411268 0.00431775 0.0047163 ]
[0.00092357 0.00336807 0.00344153 0.00349291 0.00398591 0.00528758]
[0.00133249 0.00195385 0.00224281 0.00456473 0.0046016  0.00510856]
[0.00065148 0.00232211 0.00273553 0.00363754 0.00371634 0.00528203]
[0.00293006 0.00307346 0.00352476 0.00369998 0.00469394 0.00579387]
[0.00290708 0.00485721 0.00541617 0.00596633 0.00623507 0.00635823]
[0.00233153 0.00258328 0.00604539 0.00627184 0.00648322 0.00736639]
[0.00328409 0.00367336 0.00638343 0.00708307 0.00746101 0.00836388]
[0.00367042 0.0041511  0.00540944 0.00631363 0.00673873 0.00707189]
[0.00308002 0.00381292 0.00529611 0.00661654 0.00681924 0.00761118]
[0.00108494 0.0017955  0.00307181 0.00613637 0.00638263 0.00830307]
[0.00261411 0.00509065 0.00568788 0.00636977 0.00665344 0.00807778]
[0.00694528 0.00962359 0.01112697 0.01120632 0.01170194 0.01225054]
[0.00282195 0.00413203 0.00469556 0.00502742 0.00522076 0.00653899]
[0.00278511 0.00534904 0.00573817 0.00590972 0.00625248 0.00682172]
[0.00219601 0.00497599 0.00514202 0.00627271 0.00672046 0.00718739]
[0.00261202 0.00433871 0.00459677 0.00647286 0.0073005  0.00767719]
[0.00356599 0.00389155 0.0043782  0.00579829 0.00677281 0.00779996]
[0.00266569 0.00363722 0.00430141 0.00611574 0.00640566 0.00672371]
[0.00262574 0.0029687  0.00518485 0.00530243 0.00758626 0.00761517]
[0.00248956 0.00303359 0.00401799 0.00546138 0.0078077  0.00798613]
[0.00072503 0.00320946 0.00332291 0.00335583 0.00570991 0.00614715]
[0.00261983 0.00345819 0.00351806 0.00449718 0.00460956 0.00559862]
[0.00352485 0.0037258  0.00611314 0.00671281 0.00689551 0.00738847]
[0.00228717 0.00475689 0.00499623 0.00699895 0.00718892 0.00736758]
[0.00227882 0.00333615 0.00376828 0.0041848  0.00462579 0.0056813 ]
[0.00565368 0.00676192 0.00804998 0.00842946 0.00883179 0.01024363]
[0.00375171 0.00566745 0.0060841  0.00702724 0.00807329 0.00836977]
[0.00323766 0.00346132 0.00351245 0.00472825 0.00540125 0.00682333]
[0.00232027 0.00316153 0.0052125  0.00556414 0.00695889 0.00777395]
[0.00257293 0.00474414 0.00569151 0.0058924  0.00594338 0.00609138]
[0.00227568 0.00274928 0.00571307 0.00707953 0.0075489  0.00856957]
[0.00331517 0.00377663 0.00537576 0.00834841 0.0089563  0.00933705]
[0.00261649 0.00655905 0.00829029 0.01072743 0.01110844 0.01112966]
[0.0047346  0.00530654 0.0067981  0.00693859 0.00850175 0.00864296]
[0.00338443 0.00455288 0.00708543 0.00719102 0.00942203 0.00979674]
[0.0024     0.00390037 0.0056701  0.0068668  0.0079647  0.00835565]
[0.00472169 0.00486119 0.00621847 0.0065812  0.00795702 0.00887822]
[0.00536375 0.00701251 0.00705829 0.00869837 0.00908574 0.00947354]
[0.00400874 0.00422146 0.00534225 0.00594935 0.00638866 0.00721736]
[0.00370179 0.00466039 0.00546741 0.00553545 0.00735009 0.00772239]
[0.00319124 0.00501301 0.0050187  0.00575851 0.00629132 0.00679503]
[0.00109878 0.00354541 0.00422837 0.0045346  0.00457407 0.00490664]
[0.00301672 0.00423112 0.00533774 0.00543281 0.00570438 0.00595615]
[0.00216403 0.00553475 0.00700931 0.00780294 0.0090083  0.00961692]
[0.00143812 0.00405276 0.00503993 0.00575054 0.00577023 0.00656299]
[0.00132698 0.00759344 0.007874   0.00820015 0.00892396 0.01077861]
[0.00284039 0.00554861 0.00566443 0.00647782 0.00889355 0.00907089]
[0.00271395 0.00575211 0.00577428 0.00584867 0.0064788  0.00806071]
[0.00378052 0.003943   0.00458907 0.0061401  0.00639738 0.00656468]
[0.00293037 0.00687997 0.00787567 0.0081373  0.00822703 0.00843618]
[0.0026424  0.00404829 0.00430234 0.00435838 0.00474456 0.00565677]
[0.0073369  0.0073751  0.00892426 0.00967773 0.0101771  0.01047502]
[0.00277687 0.00331236 0.00404802 0.00666912 0.00911371 0.0095756 ]
[0.00130839 0.00399125 0.00599629 0.00729934 0.00765116 0.00769577]
[0.0035825  0.00629514 0.00788604 0.00799418 0.00924057 0.00997492]
[0.00480983 0.0052082  0.00543065 0.00628561 0.00667031 0.00682704]
[0.00090851 0.00380152 0.00427519 0.00746591 0.0077535  0.00788316]
[0.00226234 0.00499371 0.00541191 0.00659488 0.00699512 0.00705381]
[0.00274166 0.00330207 0.00385933 0.00517141 0.00528263 0.00575853]
[0.002742   0.00471795 0.00611787 0.00625162 0.00637073 0.00698519]
[0.00562196 0.00657292 0.00687658 0.00767571 0.00798291 0.00922746]
[0.00368614 0.00540656 0.00707845 0.0081106  0.00933331 0.00966664]
[0.00263078 0.00304188 0.00409596 0.00415019 0.00456276 0.00536229]
[0.00271639 0.00305779 0.003175   0.00381384 0.00384061 0.00675358]
[0.00352225 0.00573085 0.00631465 0.00642343 0.00725709 0.00729563]
[0.00154972 0.00246272 0.00508285 0.00573749 0.00586893 0.00687679]
[0.00699731 0.00713092 0.00783813 0.00807375 0.00834122 0.0094313 ]
[0.00356202 0.00660169 0.00682715 0.00733558 0.00796208 0.0084492 ]
[0.0028561  0.00551068 0.00680356 0.00695232 0.00811245 0.00819989]
[0.0041734  0.00428879 0.0046748  0.00538886 0.0058299  0.00678544]
[0.00365312 0.00643636 0.00717506 0.00740689 0.00826957 0.0089612 ]
[0.00537189 0.00550715 0.00557626 0.00668049 0.00894343 0.01147347]
[0.00285717 0.00511353 0.00570916 0.00693157 0.00705707 0.00814387]
[0.00384538 0.00508116 0.0087848  0.00904135 0.01089873 0.01131831]
[0.00238085 0.00506496 0.00736869 0.0079307  0.0085144  0.0099715 ]
[0.00386879 0.0048057  0.00617339 0.00648416 0.0069109  0.00705617]
[0.00300124 0.00584361 0.00619991 0.00683771 0.00684943 0.00696175]
[0.0031833  0.00476482 0.00558559 0.00628733 0.00684155 0.00758118]
[0.00362361 0.00373553 0.00531348 0.0064237  0.00700513 0.00787065]
[0.00346596 0.00586664 0.00687066 0.00723543 0.00804306 0.00811345]
[0.00264519 0.00284865 0.00588766 0.00633374 0.00691632 0.0080453 ]
[0.00652824 0.00664639 0.00849084 0.00968023 0.01115341 0.01146979]
[0.00258975 0.00287166 0.00759836 0.00789431 0.0088557  0.00911263]
[0.00136696 0.0040236  0.00432619 0.00585358 0.00639632 0.00679821]
[0.00280808 0.00442205 0.00475376 0.00494683 0.0052144  0.00589858]
[0.002864   0.00357466 0.00419592 0.00544421 0.00550773 0.00590613]
[0.0013277  0.00261667 0.00474188 0.00518645 0.00570036 0.00666757]
[0.00372934 0.00608786 0.00685436 0.00721445 0.00789352 0.00821856]
[0.00599225 0.00725855 0.00789527 0.00940595 0.00966101 0.00976341]
[0.00359489 0.00384787 0.0044324  0.00744442 0.00781891 0.00795463]
[0.00408974 0.00484104 0.00519851 0.00599385 0.00665898 0.00919534]
[0.00588059 0.00606267 0.00607816 0.00621781 0.00668278 0.00804968]
[0.00366943 0.0038729  0.00704677 0.00707459 0.00789971 0.00926499]
[0.00428064 0.00572425 0.00646857 0.00648455 0.00717768 0.00727714]
[0.00339489 0.00618326 0.0077567  0.00797614 0.00876886 0.00881204]
[0.00736201 0.00774223 0.00838381 0.00926874 0.00977407 0.01023209]
[0.00307211 0.0049656  0.00594535 0.00597304 0.00728564 0.00748855]
[0.004282   0.00492694 0.00522698 0.00532    0.00535286 0.00580186]
[0.00306621 0.00356965 0.00418692 0.00640987 0.00661259 0.00778338]
[0.00169912 0.00225856 0.00260495 0.00434727 0.00586703 0.00743295]
[0.00575987 0.01016098 0.01080003 0.0112157  0.01235072 0.01267698]
[0.01279082 0.01648727 0.01710057 0.01874623 0.01923454 0.01957934]
[0.00510349 0.00544248 0.01006104 0.0112396  0.01329403 0.01421194]
[0.00733397 0.00827064 0.00972223 0.01161789 0.01240293 0.01413181]
[0.00534776 0.00638516 0.00677291 0.00897934 0.00898937 0.01168379]
[0.00706092 0.00709124 0.00897143 0.01210631 0.01375278 0.01565743]
[0.0047091  0.00575316 0.00657763 0.00709562 0.01020919 0.01066204]
[0.00463698 0.00832493 0.00910988 0.01120181 0.01317511 0.01357974]
[0.00391002 0.00883813 0.01031607 0.01275149 0.01374593 0.01525938]
[0.00406907 0.00593917 0.00907116 0.00994991 0.01020085 0.01034687]
[0.00290483 0.00915647 0.00979764 0.01002779 0.01015773 0.01141855]
[0.0060187  0.00726759 0.01085884 0.01328803 0.01363857 0.01518372]
[0.00299839 0.00496087 0.00656059 0.00909864 0.00919607 0.009708  ]
[0.00535433 0.00688937 0.01028845 0.01066284 0.01282758 0.01297472]
[0.00708039 0.00907787 0.01076607 0.01220895 0.01224924 0.01270558]
[0.00556093 0.00596722 0.0077733  0.01058087 0.01067411 0.0107128 ]
[0.01357945 0.0156286  0.01565996 0.01664223 0.01811915 0.01816706]
[0.00301899 0.00849458 0.01010784 0.01252222 0.0130754  0.01403781]
[0.01196432 0.01296638 0.01442819 0.01454496 0.01557168 0.01559116]
[0.0046755  0.00563316 0.00651637 0.00731635 0.00827324 0.00834141]
[0.00206472 0.00863983 0.00907952 0.00947113 0.01477677 0.01478941]
[0.00243272 0.00399278 0.0052373  0.01094294 0.01288825 0.01381106]
[0.00769935 0.01093087 0.01120197 0.01128214 0.01142969 0.01157651]
[0.00664636 0.0068899  0.00692999 0.00806534 0.00905873 0.01015811]
[0.00595748 0.00758823 0.0077601  0.00839413 0.00916921 0.00997561]
[0.00272573 0.00357927 0.00377427 0.00456086 0.00546661 0.00811154]
[0.00293966 0.00463916 0.00499897 0.00670126 0.00677066 0.0079531 ]
None
[0.00358411 0.00393666 0.00464274 0.00492408 0.00577431 0.00632441]
[0.005081   0.00529603 0.00591147 0.00604964 0.00752571 0.0081778 ]
[0.00622052 0.00799059 0.00884141 0.00916124 0.01056381 0.01158755]
[0.00150908 0.00443039 0.00628227 0.00854043 0.0095959  0.01060346]
[0.00426737 0.00483756 0.00488981 0.00602607 0.00757899 0.00840317]
[0.00577345 0.00655411 0.00660475 0.00704542 0.00787423 0.00820122]
[0.00174107 0.00214423 0.00335638 0.00438997 0.00806674 0.00900602]
[0.00390299 0.0060096  0.00661957 0.00723936 0.00808389 0.00820803]
[0.00447094 0.00519392 0.00531283 0.00564088 0.0067491  0.00735479]
[0.00418896 0.0074335  0.00857097 0.01006492 0.01107544 0.01250849]
[0.00713946 0.01156844 0.01198653 0.01311735 0.01354801 0.01385409]
[0.00690334 0.00786306 0.0081609  0.01240725 0.01284068 0.01312025]
[0.00498685 0.00529734 0.00654709 0.00777315 0.00937482 0.0100247 ]
[0.00680784 0.00728479 0.00747919 0.00865047 0.00971943 0.00996463]
[0.0024267  0.00550487 0.00783607 0.00812783 0.00847269 0.00865265]
[0.00382648 0.00531272 0.00553698 0.00557435 0.00604244 0.00717522]
[0.00423581 0.00439903 0.00948803 0.00964401 0.01015763 0.01127269]
[0.00463584 0.00617875 0.00636483 0.0064907  0.00848031 0.00920001]
[0.00525737 0.0058878  0.00619357 0.00626352 0.00656291 0.00694072]
[0.00167886 0.00422891 0.00455471 0.00462983 0.00490866 0.0052687 ]
[0.00369434 0.00630731 0.00636879 0.00657718 0.00676406 0.0071789 ]
[0.00419343 0.00464669 0.00624433 0.00633055 0.00811609 0.00830998]
[0.00140961 0.00398694 0.00435572 0.00722999 0.00734561 0.00790467]
[0.00174124 0.00281651 0.00422695 0.00586206 0.00655532 0.00752041]
[0.00192278 0.00290834 0.00388972 0.00837784 0.00896681 0.00933874]
[0.00206223 0.00278945 0.00391073 0.00397642 0.00590454 0.00644752]
[0.00466733 0.00534531 0.00612543 0.00658691 0.00718186 0.00742129]
[0.00235244 0.00481421 0.0053353  0.00559009 0.0058041  0.00809355]
[0.00217062 0.00221517 0.00246953 0.0037112  0.00469787 0.00486187]
[0.0045967  0.00765259 0.00873997 0.00889074 0.00899163 0.0110319 ]
[0.00648889 0.00750965 0.00856704 0.00902181 0.01001025 0.01069891]
[0.0070873  0.00733725 0.00889517 0.00896865 0.00927746 0.00942536]
[0.00166373 0.00336881 0.0039177  0.0069179  0.00788254 0.0079834 ]
[0.00248776 0.00392223 0.00468039 0.00479119 0.00493811 0.00508755]
[0.00380517 0.00426476 0.00526815 0.00544976 0.00724977 0.00855571]
[0.00694542 0.00708843 0.00863505 0.0103111  0.01102904 0.01182467]
[0.00421984 0.00455877 0.00464658 0.00533515 0.00738203 0.00757073]
[0.00590647 0.00742397 0.00903049 0.00967774 0.01017002 0.01095235]
[0.00366075 0.00505832 0.00558262 0.00683814 0.00706395 0.00782722]
[0.00201047 0.00233259 0.00256289 0.00321918 0.00481038 0.00569501]
[0.00214049 0.0034802  0.00595233 0.00644039 0.00804762 0.00834023]
[0.00372767 0.00432672 0.00688131 0.00822632 0.00933574 0.01055831]
[0.00182069 0.00333508 0.00608056 0.00720331 0.00755241 0.00777366]
[0.00545785 0.00825453 0.00877856 0.00934971 0.00976973 0.00998771]
[0.00158121 0.00251334 0.00297162 0.0077225  0.00848177 0.00965116]
[0.00737726 0.0093646  0.00964802 0.01257218 0.01312655 0.01370132]
[0.00426438 0.00616236 0.00622255 0.00812011 0.00871661 0.00920731]
[0.00470397 0.00702158 0.007808   0.00864389 0.00898886 0.00905505]
[0.00217391 0.00225826 0.00629711 0.00656374 0.00720858 0.00743761]
[0.00146306 0.0037914  0.00432458 0.0052541  0.00544955 0.00633788]
[0.00158869 0.00224702 0.00404676 0.0046313  0.00603165 0.00840592]
[0.00548317 0.00653587 0.00837881 0.00990337 0.01010692 0.01048703]
[0.00523344 0.00884247 0.01085342 0.01121779 0.01189049 0.01252615]
[0.00540227 0.00580409 0.00631369 0.00694557 0.00741025 0.00762867]
[0.0050648  0.0074226  0.0078543  0.00827519 0.00888975 0.00905199]
[0.00274113 0.00552149 0.00932303 0.00955125 0.0097415  0.01024078]
[0.00172339 0.00819897 0.00991753 0.01245505 0.0134743  0.01390848]
[0.00493098 0.00557674 0.00848486 0.0096693  0.01082111 0.01102035]
[0.00581264 0.00626554 0.007014   0.00837122 0.01012118 0.01198274]
[0.0047555  0.00696431 0.00725444 0.00804258 0.00873502 0.00953286]
[0.00297403 0.00326959 0.00354493 0.00424193 0.00746037 0.00760173]
[0.0020818  0.00215437 0.00460292 0.00476799 0.00487172 0.00511201]
[0.00188742 0.00215531 0.00291306 0.00308589 0.00323256 0.0033085 ]
[0.00447292 0.00479493 0.005932   0.00646762 0.0068488  0.00764903]
[0.00548963 0.00574252 0.00611494 0.00741287 0.00792246 0.00825332]
[0.0037132  0.00704843 0.00764787 0.00773521 0.00775145 0.00808775]
[0.00395987 0.00406759 0.00688243 0.00697733 0.00754878 0.00823237]
[0.00160156 0.00266506 0.00501008 0.00598361 0.00685717 0.00730947]
[0.00197236 0.00324342 0.00367582 0.00403158 0.0042494  0.0051935 ]
[0.00518141 0.00688646 0.0073241  0.0075189  0.00830739 0.00866063]
[0.00240346 0.00262448 0.00330617 0.00472638 0.00547235 0.00567148]
[0.00168586 0.00283869 0.00397213 0.00426121 0.0055776  0.00593156]
[0.00208422 0.004714   0.00617757 0.0063399  0.00672044 0.00761945]
[0.00138231 0.00451797 0.00460233 0.00498462 0.00551117 0.00632333]
[0.00172599 0.00497411 0.00508659 0.00553082 0.00568848 0.00611784]
[0.00367157 0.00468857 0.00510897 0.00642842 0.00677156 0.00688447]
[0.00337559 0.00462304 0.00503899 0.00511485 0.00635574 0.00751429]
[0.00377233 0.00435034 0.00607519 0.0066155  0.00704322 0.00722047]
[0.00546622 0.00619696 0.00637858 0.00729668 0.00823638 0.00861832]
[0.0028659  0.00342196 0.00889017 0.00970586 0.00988832 0.01028245]
[0.00272513 0.00446707 0.00630812 0.00688383 0.00773084 0.00781761]
[0.00156363 0.00196022 0.00463961 0.00468458 0.00500953 0.00594695]
[0.00241915 0.00322775 0.00376529 0.00390625 0.00489307 0.00522782]
[0.002885   0.00366104 0.00429926 0.00447216 0.00556464 0.00599754]
[0.00082224 0.00328564 0.00370327 0.00480341 0.00542698 0.00600449]
[0.00427059 0.00516106 0.00577206 0.00631112 0.00688553 0.00726158]
[0.00451397 0.00479562 0.00508632 0.00560043 0.00618409 0.00628298]
[0.00249513 0.00437448 0.0044605  0.00485126 0.00550417 0.00624986]
[0.00338395 0.00429788 0.00462679 0.00463981 0.00469284 0.00490002]
[0.00366197 0.00437212 0.00441439 0.00510039 0.00513391 0.00652998]
[0.00464278 0.00530955 0.00688935 0.00729865 0.00767839 0.00780046]
[0.00147768 0.00158436 0.00280079 0.00303259 0.00334084 0.00339135]
[0.00105103 0.00121957 0.00178169 0.00190789 0.00268834 0.00283771]
[0.00178855 0.00198942 0.00259276 0.00357477 0.00429453 0.00449904]
[0.0010479  0.00111423 0.00426    0.00439062 0.00485793 0.00495871]
[0.00048758 0.00198368 0.00257201 0.00266875 0.00310628 0.00335129]
[0.00145209 0.00301776 0.00310534 0.00403276 0.00419857 0.00471019]
[0.00258506 0.0027501  0.00279495 0.0031594  0.00389887 0.00418397]
[0.0022741  0.00319397 0.00414949 0.00438215 0.00586121 0.006135  ]
[0.00171935 0.00232709 0.00444556 0.00473661 0.00552151 0.00600941]
[0.00232044 0.00417876 0.00426107 0.00443658 0.00477297 0.00561728]
[0.00154342 0.00383215 0.00390384 0.005645   0.00666762 0.00694493]
[0.00281197 0.00315348 0.00372477 0.00481133 0.00552765 0.00616873]
[0.00181307 0.0027087  0.00294678 0.00319285 0.00458811 0.00476556]
[0.00377157 0.00536526 0.00564017 0.00572038 0.00596856 0.00623823]
[0.00237823 0.00398141 0.00422106 0.00456858 0.00486928 0.00644933]
[0.0025277  0.00326534 0.00400375 0.00551273 0.00629826 0.00650284]
[0.00176561 0.00201724 0.00395269 0.00558086 0.00597535 0.0069744 ]
[0.00380743 0.00510032 0.00537952 0.0057361  0.00633794 0.00664114]
[0.00176381 0.00207666 0.00246361 0.00361009 0.00440192 0.00484216]
[0.00283911 0.00301642 0.00307255 0.0032483  0.00387244 0.00455964]
[0.00236527 0.00258487 0.00268081 0.00270003 0.00405893 0.00432271]
[0.00243283 0.00368412 0.00482565 0.00488274 0.00505104 0.00551443]
[0.00161864 0.00202018 0.00211141 0.00277025 0.0033642  0.00529771]
[0.00124498 0.0023445  0.00393876 0.00428183 0.00483503 0.00579327]
[0.00175364 0.00480659 0.0053839  0.00683706 0.00753627 0.00759237]
[0.00133029 0.00228207 0.00316485 0.00481767 0.00597984 0.00622814]
[0.00250385 0.00292955 0.00340442 0.00351885 0.00360018 0.00576087]
[0.0024962  0.00381623 0.00503289 0.00655918 0.00673484 0.00931598]
[0.00287772 0.00460892 0.00709999 0.00753332 0.00776685 0.00787862]
[0.0010494  0.00383901 0.00426419 0.0049674  0.00556508 0.00614611]
[0.00124686 0.00138099 0.00151551 0.00217594 0.00256672 0.00302579]
[0.00221295 0.00644481 0.00681339 0.0089894  0.00912863 0.00983907]
[0.00073289 0.00273847 0.00488631 0.00595721 0.0064936  0.00652067]
[0.00464234 0.00530114 0.00615428 0.00768931 0.00773093 0.00782443]
[0.00286648 0.00361804 0.00405255 0.00569727 0.00601405 0.00645335]
[0.0012393  0.00530491 0.00706978 0.00762353 0.00804869 0.00894835]
[0.00485039 0.00521506 0.00566388 0.00586607 0.00618148 0.00752168]
