[0.002658   0.00633426 0.00794861 0.00800649 0.00818744 0.00930162]
[0.00064687 0.00394001 0.00691995 0.00803359 0.00804384 0.00878411]
[0.00232481 0.00411089 0.00717766 0.00901386 0.00914217 0.01024586]
[0.00391825 0.00460438 0.00528972 0.00702417 0.00757876 0.00827112]
[0.00466866 0.00468306 0.00517921 0.00579565 0.00587646 0.00753598]
[0.00578836 0.0075597  0.00795774 0.00911954 0.00971727 0.00988523]
[0.00305032 0.00488879 0.00496528 0.00523151 0.00592139 0.00604126]
[0.00304312 0.00443845 0.00630983 0.00676776 0.00743323 0.00755243]
[0.00478871 0.00526251 0.00671676 0.00722083 0.00725364 0.00730657]
[0.00212145 0.00380131 0.00554928 0.0064514  0.00757047 0.00844724]
[0.00239737 0.00340896 0.00469888 0.00603175 0.00674108 0.00929418]
[0.00257448 0.0034415  0.00374685 0.00400883 0.00595069 0.00645986]
[0.00376543 0.00754523 0.00794749 0.00840057 0.00861719 0.00865248]
[0.00489245 0.00529489 0.00551382 0.0071832  0.00751394 0.0079192 ]
[0.00282474 0.00381233 0.00603792 0.00606695 0.007363   0.00742598]
[0.00803109 0.00850094 0.00886977 0.00901593 0.00958199 0.00966314]
[0.00578745 0.00784799 0.00822808 0.00926215 0.00985604 0.01013006]
[0.00725187 0.00788542 0.00980694 0.00991907 0.01168735 0.01240045]
[0.00609321 0.00622492 0.00666786 0.00674035 0.00730344 0.00754069]
[0.00551258 0.0057895  0.0058979  0.00657768 0.00768745 0.00781979]
[0.00319586 0.00558306 0.00568605 0.00684884 0.00723883 0.00728616]
[0.00508236 0.00559154 0.00560496 0.00737495 0.00763478 0.00845749]
[0.00500155 0.00535267 0.00721249 0.00761139 0.01069384 0.01084313]
[0.00705106 0.0071339  0.00757502 0.00854737 0.00968836 0.00997299]
[0.0024941  0.00364693 0.00729379 0.00823987 0.00868091 0.00896444]
[0.00637593 0.00869724 0.00932694 0.00970354 0.01044098 0.0109479 ]
[0.0044548  0.00759368 0.00806431 0.00846029 0.00880061 0.0106182 ]
[0.00490416 0.00593237 0.00601272 0.00757781 0.00888535 0.01016554]
[0.00349533 0.00733177 0.00740962 0.00751561 0.00903041 0.00938404]
[0.00197445 0.00609117 0.00964933 0.01036036 0.01245667 0.01291806]
[0.00501859 0.00579857 0.00667149 0.00724083 0.00758153 0.0079837 ]
[0.00330612 0.00388656 0.00393873 0.00715267 0.00759319 0.00887887]
[0.00210048 0.00304671 0.00479873 0.00498527 0.00599032 0.006161  ]
[0.00265411 0.00376225 0.00543458 0.0057054  0.00618152 0.00623161]
[0.00207604 0.00277114 0.00428255 0.00457181 0.00588163 0.00703499]
[0.00121993 0.00136856 0.00325864 0.00385016 0.00584725 0.00707731]
[0.0053244  0.00645216 0.00872547 0.00946699 0.00973318 0.00984404]
[0.00880857 0.00895544 0.00898526 0.00920509 0.01153012 0.0130425 ]
[0.00489706 0.00574955 0.0059637  0.00712473 0.00724744 0.00734476]
[0.00459217 0.00503464 0.00548864 0.00558809 0.00717502 0.00836296]
[0.00149145 0.00368374 0.0052725  0.00592046 0.00632028 0.00642608]
[0.00319603 0.0034691  0.00674062 0.00683569 0.008057   0.00868548]
[0.00361082 0.00541863 0.0054227  0.00546745 0.00675971 0.00797153]
[0.00140348 0.00402218 0.00508899 0.00518556 0.00605121 0.00618194]
[0.00122758 0.00386598 0.00390202 0.00448616 0.00515973 0.00580277]
[0.00200984 0.00473593 0.00640088 0.00714084 0.00751199 0.00781875]
[0.00480052 0.00524644 0.00599927 0.00649725 0.00720157 0.00727512]
[0.00521461 0.00681515 0.00695803 0.00748518 0.00785704 0.00827578]
[0.0045852  0.00542749 0.00652625 0.00674124 0.00768562 0.00920932]
[0.00331709 0.00393576 0.00423851 0.00454711 0.00646537 0.0072655 ]
[0.003562   0.00701391 0.00814914 0.00975972 0.00992395 0.01058374]
[0.00359505 0.00528817 0.00605423 0.00691638 0.00757812 0.00768108]
[0.00325396 0.00367489 0.00371547 0.0059421  0.00690623 0.0072742 ]
[0.00110887 0.00262258 0.00496909 0.00526153 0.00648851 0.00663624]
[0.00393926 0.0090381  0.0090507  0.01047391 0.01057567 0.01085416]
[0.00108685 0.00142305 0.00225276 0.00263699 0.0040625  0.00411569]
[0.00062895 0.00207003 0.0031899  0.00319272 0.00503458 0.0051314 ]
[0.00183819 0.00391145 0.00531326 0.00665732 0.00713746 0.00789643]
[0.00481322 0.00623503 0.00677435 0.0073526  0.00806278 0.00854069]
[0.00329827 0.00413669 0.00466235 0.00490279 0.0058362  0.00586534]
[0.00373958 0.00474737 0.00486087 0.00689731 0.00745727 0.00855394]
[0.00385743 0.00613606 0.00655338 0.00723188 0.00776879 0.00803835]
[0.00666233 0.0068526  0.00706248 0.00763096 0.0078046  0.01001879]
[0.00439064 0.00452484 0.00477074 0.00509588 0.00554189 0.0055713 ]
[0.00119015 0.00360286 0.00497872 0.00624587 0.00672972 0.00778723]
[0.00430555 0.00526981 0.00598785 0.00712216 0.00786863 0.01020142]
[0.00611073 0.00655567 0.0073032  0.00739369 0.00820905 0.0084877 ]
[0.00360121 0.00378132 0.00511523 0.00605827 0.00642913 0.00673198]
[0.00287154 0.0036849  0.00518537 0.00537821 0.00592726 0.00660373]
[0.0023003  0.00360318 0.00532021 0.00586761 0.00588552 0.00596861]
[0.0033102  0.00523828 0.00584135 0.00640441 0.00648555 0.00673957]
[0.00377396 0.00447844 0.00488913 0.00571778 0.00801845 0.00949729]
[0.0036011  0.00603974 0.00650506 0.00679369 0.00754964 0.0081694 ]
[0.00539162 0.00618846 0.0064723  0.00649908 0.00675367 0.00763667]
[0.00025687 0.00547724 0.00770272 0.00832866 0.00861828 0.00950753]
[0.00493975 0.00621841 0.00748811 0.00751659 0.00861207 0.01010673]
[0.00372359 0.00478705 0.00584243 0.00690947 0.00902783 0.0091597 ]
[0.0022064  0.0035452  0.00453378 0.00458337 0.00562516 0.00664808]
[0.0039961  0.00523886 0.00526981 0.00685027 0.00752191 0.00819037]
[0.00268905 0.00340485 0.00630535 0.0068924  0.00704363 0.00712033]
[0.00152196 0.00234575 0.00279961 0.00280701 0.00334016 0.00359968]
[0.00277371 0.00316225 0.0034322  0.00441973 0.00496072 0.00511205]
[0.00161814 0.0030358  0.00350789 0.00453766 0.00704333 0.00718826]
[0.00100191 0.00271479 0.00292105 0.00343923 0.00626185 0.00656892]
[0.00431117 0.00495181 0.00527487 0.00557499 0.00585562 0.00718132]
[0.00580873 0.00598645 0.00612609 0.00627222 0.00642085 0.00669193]
[0.0010951  0.00265843 0.00438131 0.00509828 0.00599578 0.00661832]
[0.0045888  0.0052856  0.00544552 0.00565919 0.00627813 0.00749004]
[0.00168599 0.00313232 0.0042625  0.00455619 0.00575891 0.00633388]
[0.0037136  0.00400254 0.00458036 0.00573343 0.00738501 0.00780882]
[0.0059063  0.00619836 0.00634571 0.00670403 0.00700205 0.00747254]
[0.00318983 0.00348513 0.00450741 0.00462911 0.00573178 0.00634563]
[0.00231999 0.00311205 0.00453884 0.00468025 0.00586818 0.00631527]
[0.00255247 0.00510381 0.00589254 0.00680947 0.00684533 0.0082687 ]
[0.00227858 0.00414873 0.0048467  0.0053801  0.00555003 0.00612049]
[0.0036066  0.00527146 0.00532453 0.00544056 0.00617045 0.00662134]
[0.00424033 0.00496518 0.0061342  0.00642381 0.00667971 0.00679173]
[0.00147408 0.0020732  0.00223215 0.00489226 0.0051192  0.00611931]
[0.00260893 0.00282941 0.00491391 0.0049887  0.00529919 0.00637061]
[0.0024641  0.00371493 0.00539842 0.00639113 0.00661791 0.00670873]
[0.00068768 0.00109065 0.00239952 0.00424644 0.00519408 0.00615491]
[0.00241305 0.00503533 0.00527578 0.00626468 0.00697739 0.00708115]
[0.00207763 0.0024444  0.00338742 0.00349697 0.00363891 0.00376452]
[0.00129151 0.00305284 0.00404438 0.00420884 0.00542667 0.00566038]
[0.00321922 0.0034268  0.00521453 0.00537269 0.0053982  0.00550122]
[0.005424   0.00582269 0.00619451 0.00637546 0.00783461 0.00820918]
[0.00221822 0.00240074 0.00396616 0.00491902 0.00564275 0.00566033]
[0.00364712 0.00589912 0.00680323 0.00687629 0.00719383 0.00720561]
[0.00551631 0.00612408 0.00637749 0.00668037 0.00703792 0.0071442 ]
[0.00335738 0.00558521 0.00561513 0.00626131 0.00687436 0.00764088]
[0.00116602 0.00464841 0.00552034 0.00655722 0.00787827 0.00828877]
[0.0057148  0.00657815 0.00718421 0.00761941 0.00773273 0.00874732]
[0.00216248 0.00308815 0.00440908 0.00526469 0.00699131 0.00828917]
[0.00051601 0.00515709 0.00519299 0.00583095 0.00725089 0.00736827]
[0.00523574 0.00694325 0.00750365 0.00759404 0.00773519 0.00802637]
[0.00457898 0.00532156 0.00992757 0.01047077 0.01087649 0.01097087]
[0.00102132 0.00572553 0.00592013 0.00595855 0.00657606 0.0079611 ]
[0.00279408 0.00310453 0.00403448 0.00508384 0.00566292 0.00593917]
[0.00033181 0.00262596 0.00400551 0.00601591 0.00674199 0.00765723]
[0.00374461 0.0039499  0.00421667 0.00462633 0.00642724 0.00648618]
[0.00415485 0.00858836 0.01097585 0.01182018 0.0125239  0.01264574]
[0.00447748 0.00558879 0.00627725 0.00733283 0.00786433 0.00953748]
[0.00538891 0.00617613 0.00661769 0.00679526 0.00870641 0.00898495]
[0.00325061 0.00447785 0.0050469  0.00612285 0.00622682 0.00739105]
[0.00443242 0.00527222 0.00633499 0.00788856 0.00847896 0.00850143]
[0.00477533 0.00553174 0.00673972 0.00723821 0.00728768 0.00734131]
[0.00147143 0.00258745 0.0057533  0.00599146 0.00607101 0.00705568]
[0.00111615 0.0030865  0.00326196 0.00333215 0.00499368 0.00574446]
[0.0018046  0.00243288 0.00562105 0.00744677 0.00782922 0.00793898]
[0.00464278 0.00650675 0.00685462 0.00717935 0.00742607 0.00774204]
[0.00215459 0.00379193 0.00401536 0.00425836 0.00460604 0.00474124]
[0.00384398 0.00446406 0.00558412 0.00566735 0.00594442 0.00716449]
[0.00057746 0.00179756 0.003323   0.00404611 0.00529439 0.00560569]
[0.00138577 0.00234594 0.00253848 0.00401927 0.00445841 0.00450351]
[0.00160265 0.00225042 0.00581656 0.00585129 0.00668887 0.00673616]
[0.00122696 0.00307872 0.0037981  0.00400078 0.00441393 0.00536536]
[0.00285261 0.00305252 0.00441397 0.00476526 0.00493388 0.00499612]
[0.00234057 0.00521582 0.0052352  0.00527256 0.00532632 0.00555155]
[0.00155944 0.00522636 0.0057426  0.00599814 0.00610512 0.00717066]
[0.00085011 0.00145722 0.00167211 0.0033844  0.00381533 0.00414834]
[0.00117251 0.0024775  0.00607783 0.00675605 0.00740593 0.00779762]
[0.00303064 0.00342209 0.00498867 0.00500453 0.00589284 0.00650477]
[0.00185437 0.00322684 0.00382231 0.00432137 0.00517144 0.00719832]
[0.00709252 0.00746637 0.00775946 0.007974   0.00852194 0.008764  ]
[0.00267552 0.0042516  0.00513071 0.00543255 0.00742966 0.00867114]
[0.00360116 0.00493378 0.00604961 0.00678924 0.00689837 0.00712596]
[0.00164357 0.00358832 0.00452429 0.00539116 0.00559388 0.0057605 ]
[0.0042092  0.00566041 0.00613363 0.00720015 0.00722258 0.00747063]
[0.00139384 0.00312068 0.00498329 0.0058704  0.00627039 0.00723902]
[0.00478525 0.00520162 0.00609256 0.00655446 0.00681448 0.00692228]
[0.00208363 0.00239736 0.0026043  0.00427759 0.0051009  0.00680627]
[0.00177292 0.00248378 0.00267021 0.00290471 0.0037828  0.00452008]
[0.00136703 0.00274516 0.00333128 0.00342899 0.00355333 0.00453216]
[0.00183708 0.00345672 0.00378737 0.00417105 0.00649301 0.0069315 ]
[0.00614534 0.00765259 0.00773948 0.00798887 0.00821676 0.0083315 ]
[0.00088869 0.00207789 0.0041467  0.00499374 0.0051579  0.00544151]
[0.00456018 0.00460054 0.00680127 0.0070989  0.00763433 0.00791754]
[0.00214942 0.00347705 0.00355387 0.00409692 0.00425416 0.00437344]
[0.00402486 0.00411167 0.00411581 0.00425689 0.0045297  0.00467315]
[0.00287583 0.00376206 0.00409614 0.00478995 0.00574554 0.00598686]
[0.001727   0.0030743  0.00666314 0.00746197 0.0077691  0.00785562]
[0.0019688  0.00417669 0.00546323 0.00709434 0.00712037 0.00794281]
[0.00388208 0.00443028 0.00458679 0.00498375 0.00563839 0.00584652]
[0.001519   0.00481459 0.00482579 0.00544218 0.00577315 0.00609623]
[0.00191358 0.00230149 0.00342858 0.00349647 0.00350642 0.00411917]
[0.00131525 0.00185274 0.00215613 0.00264967 0.00272834 0.0036919 ]
[0.00115308 0.00207475 0.00257344 0.0026892  0.00289251 0.00291499]
[0.00088541 0.00189441 0.00252131 0.00385034 0.00413959 0.0045252 ]
[0.00308004 0.00321996 0.00387052 0.00397341 0.00430224 0.00457295]
[0.00368969 0.004394   0.00478503 0.0049006  0.00532491 0.00536121]
[0.0019296  0.00257633 0.00557661 0.00574392 0.00596322 0.00628437]
[0.00233085 0.00289169 0.00295099 0.00335524 0.00498942 0.00565665]
[0.0016262  0.00228644 0.00290511 0.00323896 0.00436256 0.00470108]
[0.00137602 0.00520636 0.00530972 0.00606093 0.00647398 0.00697893]
[0.00161893 0.00165719 0.00246235 0.00308144 0.00465432 0.00556436]
[0.00132108 0.00411144 0.00464478 0.00533049 0.0053345  0.00584106]
[0.00221562 0.00233311 0.00459865 0.00513346 0.00518123 0.00554004]
[0.0013281  0.00319664 0.0059117  0.00609885 0.00651239 0.00670106]
[0.00325618 0.00378465 0.00394089 0.00441303 0.00615111 0.0064944 ]
[0.00078505 0.00290869 0.00431598 0.00487146 0.00586383 0.00591381]
[0.00168367 0.00258834 0.00459483 0.00478131 0.0053854  0.00636626]
[0.00394508 0.00403712 0.0049267  0.00547023 0.00646348 0.00668503]
[0.00311557 0.00349591 0.00423399 0.00435699 0.00476259 0.00482241]
[0.00093079 0.0041454  0.00415445 0.00511155 0.00514201 0.00634801]
[0.00255884 0.00382155 0.00419248 0.00454237 0.00568666 0.00642698]
[0.00282653 0.00361388 0.00365754 0.00443612 0.0047627  0.00518515]
[0.00174152 0.00248063 0.00334498 0.00340655 0.00348247 0.00348911]
[0.00119872 0.00132337 0.00184078 0.00502657 0.00508598 0.00513169]
[0.00070612 0.00390897 0.00448748 0.00486836 0.00512334 0.00520794]
[0.00060085 0.00172692 0.00253218 0.0037315  0.00444732 0.00448757]
[0.0016865  0.0043543  0.00506375 0.00523716 0.00614565 0.00640528]
[0.00194282 0.00435886 0.00446278 0.00482377 0.00617705 0.00627897]
[0.00278894 0.00333252 0.00381508 0.0041833  0.00558364 0.0057399 ]
[0.00255379 0.00578058 0.00671607 0.00701014 0.00706527 0.00722095]
[0.00211894 0.00438937 0.00535189 0.00559108 0.00585872 0.00636986]
[0.00461492 0.00538406 0.00586832 0.00596863 0.00618627 0.00683498]
[0.00288732 0.00336863 0.00412235 0.00591481 0.00648395 0.00673473]
[0.00162909 0.00170966 0.00321641 0.00378613 0.0042774  0.00516282]
[0.00272408 0.00408501 0.00582221 0.00616369 0.00632286 0.0070419 ]
[0.00151218 0.00200506 0.00230645 0.00277977 0.00492541 0.00588991]
[0.0017635  0.00248338 0.00300644 0.00319597 0.0038065  0.00411204]
[0.00193188 0.00302844 0.00391406 0.00504217 0.00564839 0.00697461]
[0.00093564 0.00448398 0.0063813  0.00646841 0.00762393 0.00853184]
[0.00159245 0.00260736 0.00353156 0.00461175 0.00549224 0.00602785]
[0.00333831 0.00340831 0.00535881 0.00611653 0.00636637 0.00654027]
[0.00144573 0.00195409 0.0030061  0.00416937 0.00422005 0.00422414]
[0.00199324 0.00272208 0.00437741 0.00477072 0.00479011 0.00490285]
[0.00174635 0.00179426 0.00183102 0.0027073  0.00361412 0.00391515]
[0.00530037 0.00578145 0.00587999 0.00599823 0.00664432 0.00671856]
[0.00236004 0.00424146 0.00494641 0.0062555  0.00736628 0.00768305]
[0.00408877 0.00597363 0.00700232 0.00797061 0.00864845 0.00872731]
[0.00716673 0.00755287 0.009537   0.01021837 0.01094863 0.01219235]
[0.00652075 0.01155268 0.01298808 0.01443853 0.01505141 0.01586517]
[0.00556263 0.00635566 0.00862594 0.01386823 0.01428482 0.01443035]
[0.00462628 0.00559405 0.00592841 0.00599242 0.00858727 0.00871398]
[0.00587807 0.00601033 0.00765594 0.0080089  0.00844644 0.00892888]
[0.00358924 0.00460697 0.00610281 0.00645472 0.00783915 0.00861343]
[0.0052974  0.00767223 0.00933701 0.01129469 0.01197672 0.01205495]
[0.00658292 0.00678665 0.00813793 0.00984505 0.01106663 0.01175961]
[0.00419801 0.00957172 0.01066433 0.01090753 0.01185045 0.01213856]
[0.00397342 0.00565766 0.00744944 0.00913093 0.00959552 0.01036136]
[0.00196195 0.00442966 0.00650473 0.00688808 0.00812898 0.00888282]
[0.00667337 0.00696879 0.00702201 0.00732804 0.00750881 0.01171024]
[0.00152929 0.00563873 0.00646944 0.0066862  0.00689081 0.00724349]
[0.0049305  0.00672887 0.00747745 0.01101378 0.01147181 0.01181308]
[0.00459646 0.00684267 0.00813342 0.00866959 0.00965916 0.01032063]
[0.00363104 0.00743376 0.00779131 0.00823583 0.00935633 0.01029277]
[0.00456031 0.00555458 0.0057506  0.00595391 0.00783232 0.00972606]
[0.00650193 0.0093794  0.00970051 0.00977472 0.01066393 0.0119064 ]
[0.00433819 0.0046042  0.00484891 0.00774111 0.00831699 0.00943579]
[0.00422689 0.005052   0.00747998 0.00830741 0.0087004  0.01031261]
[0.00365533 0.00527836 0.00697788 0.00847181 0.00867569 0.01033641]
[0.00364372 0.00551844 0.00631655 0.00795532 0.0083404  0.00841275]
[0.00563343 0.00586637 0.0060208  0.00660101 0.00732168 0.0074919 ]
[0.00511447 0.00668159 0.00672044 0.00708748 0.00711302 0.00716059]
[0.00441795 0.00469561 0.00473913 0.00543701 0.00569661 0.00746705]
[0.0035923  0.00387624 0.00497142 0.00756412 0.00890066 0.00932493]
None
[0.00220229 0.00433075 0.00438303 0.0052371  0.00575265 0.00752232]
[0.0031729  0.0035919  0.00404027 0.00492994 0.00556129 0.0055706 ]
[0.00401973 0.00449087 0.00454389 0.00477506 0.00609373 0.00612411]
[0.00427746 0.00459065 0.0062868  0.0066309  0.00695238 0.00725222]
[0.00370465 0.00460181 0.00479052 0.00630312 0.00630691 0.00634664]
[0.00497024 0.00838209 0.00882169 0.00931872 0.01048153 0.01117165]
[0.00532885 0.00576963 0.00702729 0.00739274 0.00761031 0.0079345 ]
[0.00791897 0.00808922 0.00942526 0.00983192 0.01121353 0.01178094]
[0.00202003 0.00275169 0.00621627 0.00648176 0.00847682 0.00954928]
[0.00256054 0.0052034  0.00677453 0.00802675 0.00835288 0.00839606]
[0.00269151 0.00281403 0.00364946 0.0036629  0.00470896 0.00531115]
[0.00530847 0.00535667 0.006783   0.00738824 0.00801037 0.00817432]
[0.00344966 0.00573182 0.0064029  0.00796432 0.00837679 0.00870271]
[0.00249336 0.0033909  0.00498624 0.00696394 0.00775935 0.00833894]
[0.00198486 0.00473668 0.00693769 0.00764193 0.00817262 0.0085792 ]
[0.00357549 0.00568327 0.00657406 0.00731076 0.00870006 0.00954127]
[0.00173013 0.00605986 0.00830963 0.00985165 0.01050262 0.01091169]
[0.00226957 0.00343799 0.00545183 0.00552196 0.00561195 0.00617455]
[0.00215859 0.0042336  0.00466721 0.00493884 0.00594203 0.00820442]
[0.00568008 0.00741865 0.00833833 0.00847631 0.00854576 0.00927935]
[0.00432131 0.00680508 0.00704234 0.00706626 0.00726856 0.00838772]
[0.00211822 0.00311927 0.0035973  0.00697124 0.00707832 0.00711338]
[0.00211403 0.00475824 0.00679837 0.00793836 0.00807154 0.00877923]
[0.00353417 0.00818753 0.00825571 0.0087018  0.00989744 0.01069313]
[0.00309406 0.00464439 0.00890587 0.00949079 0.00987919 0.01023151]
[0.00161121 0.00170033 0.0050414  0.00535759 0.00662091 0.00663134]
[0.00417869 0.00464603 0.00596311 0.00661879 0.00735564 0.00923314]
[0.0021629  0.00591866 0.00878527 0.01054601 0.01139947 0.01185546]
[0.00537898 0.00663658 0.00680919 0.00780511 0.00806219 0.0084729 ]
[0.00583641 0.00637516 0.00656061 0.00700131 0.00739572 0.00903365]
[0.00179612 0.00583898 0.00633782 0.00662239 0.00702903 0.00770644]
[0.00583364 0.00723575 0.00824356 0.00826665 0.00846377 0.00948717]
[0.00215269 0.00368221 0.00721246 0.00773712 0.0078112  0.00839993]
[0.00218347 0.00250421 0.00575894 0.0058177  0.00583354 0.006787  ]
[0.00681169 0.0078403  0.00971302 0.01069052 0.01139138 0.011873  ]
[0.00330819 0.00502524 0.00680767 0.00762482 0.00845094 0.00878843]
[0.00145653 0.00406181 0.00503288 0.00673988 0.00684126 0.00784478]
[0.00569239 0.00747575 0.00898674 0.00915912 0.00998991 0.01134769]
[0.00723757 0.00761736 0.0082242  0.00854102 0.0099992  0.0113237 ]
[0.00313019 0.00470441 0.00795834 0.00899906 0.0094936  0.00968169]
[0.00301473 0.00535395 0.00620671 0.00667728 0.00703049 0.00725036]
[0.00251147 0.00297938 0.00461467 0.0046993  0.00506448 0.00521456]
[0.00582073 0.00589069 0.00736025 0.00775682 0.00812853 0.00908007]
[0.0048674  0.00761678 0.00808432 0.00842982 0.00975045 0.01020867]
[0.00356234 0.00410844 0.00449816 0.00510628 0.00601424 0.00714812]
[0.00475465 0.00564074 0.00571268 0.0064966  0.00953741 0.01015439]
[0.00410841 0.0067378  0.00686943 0.00767063 0.00784535 0.00796884]
[0.00437218 0.00551763 0.00589391 0.00645634 0.00677998 0.0072242 ]
[0.00194703 0.00613974 0.0062957  0.00651157 0.00767304 0.00803856]
[0.00425174 0.00730513 0.00741072 0.00780991 0.00804158 0.00848408]
[0.00307964 0.00390741 0.00607481 0.00612565 0.006142   0.00844322]
[0.0048199  0.00654551 0.00668914 0.00842309 0.00853834 0.01050026]
[0.00650909 0.00754291 0.00798353 0.00861029 0.00981464 0.00985812]
[0.00217994 0.00295434 0.00391221 0.00447729 0.00544643 0.00706703]
[0.00249935 0.00496266 0.00803342 0.00882855 0.00896594 0.0089935 ]
[0.00531076 0.00587434 0.00663184 0.00923729 0.00926264 0.00929525]
[0.00173111 0.00557795 0.00776224 0.0085319  0.01027074 0.01096776]
[0.00698389 0.00827747 0.01039961 0.0107863  0.01080934 0.01230791]
[0.00202733 0.00610009 0.00754536 0.00777902 0.00832298 0.00834707]
[0.00146298 0.00538233 0.00585315 0.00682492 0.00923145 0.01069913]
[0.00158902 0.00418091 0.00667776 0.00823466 0.00857971 0.01031087]
[0.00321144 0.00431352 0.00546856 0.00585309 0.00586729 0.00596269]
[0.00066675 0.00351924 0.00819401 0.0082866  0.00873573 0.00890211]
[0.00489798 0.00567769 0.00698551 0.00770159 0.00837177 0.01041181]
[0.00235299 0.0049542  0.00526693 0.00580001 0.00614454 0.00697588]
[0.00503305 0.00595517 0.00609253 0.00806708 0.00919962 0.01028742]
[0.00216586 0.00666902 0.00799599 0.00927417 0.00973915 0.01004436]
[0.00548732 0.00550122 0.00608506 0.00647765 0.00651239 0.00687748]
[0.00339667 0.00453404 0.00873099 0.0094041  0.00978299 0.01078213]
[0.00522892 0.00718399 0.00745045 0.00765667 0.00776414 0.00913184]
[0.0025105  0.00398028 0.00565099 0.00844228 0.00849961 0.00908367]
[0.00170254 0.00432508 0.00496058 0.00524525 0.00726475 0.008061  ]
[0.00197632 0.0021862  0.00361764 0.00446633 0.0061175  0.00784898]
[0.00201186 0.00486122 0.00576063 0.00825216 0.00910078 0.00959818]
[0.00334211 0.00342169 0.00344697 0.00456079 0.00520003 0.00595631]
[0.00376274 0.00639393 0.00663368 0.00773997 0.00909274 0.01014738]
[0.00202624 0.00347897 0.00352455 0.00453572 0.00457784 0.00632033]
[0.00375089 0.00523709 0.00568943 0.00653168 0.00725857 0.00849911]
[0.00236027 0.00365486 0.0055899  0.00616855 0.00856549 0.00879176]
[0.00302629 0.00505478 0.0050721  0.00633798 0.00695887 0.00712638]
[0.0018768  0.00202993 0.00415254 0.00523117 0.00577801 0.00617166]
[0.0024692  0.00285127 0.00320035 0.00348733 0.00354619 0.0043638 ]
[0.0030175  0.00518672 0.00530767 0.0060855  0.0061807  0.00748444]
[0.00190711 0.00317104 0.00429304 0.00691134 0.00705565 0.00749204]
[0.00258542 0.00437303 0.00721849 0.007535   0.00757916 0.00762703]
[0.00195263 0.00393448 0.00475405 0.00573304 0.0060449  0.00727898]
[0.00845239 0.0087313  0.00886299 0.00891257 0.01049593 0.01125575]
[0.00317908 0.00428473 0.00638077 0.0074819  0.00871785 0.00898285]
[0.00337324 0.00477116 0.00684313 0.00745363 0.0075558  0.00793823]
[0.00240555 0.00405621 0.00504836 0.00693953 0.00717987 0.00740172]
[0.00224297 0.00403799 0.00507307 0.0070468  0.00876122 0.00959793]
[0.00414737 0.00560905 0.0060965  0.00659157 0.00731117 0.00766259]
[0.0007769  0.00256707 0.00411551 0.00462784 0.00466877 0.00482161]
[0.00120022 0.00405418 0.00565188 0.00579952 0.00670222 0.00791936]
[0.00118875 0.00212086 0.00266852 0.00386378 0.00419457 0.00456963]
[0.00271997 0.00303564 0.00304941 0.00377748 0.00429555 0.00491233]
[0.00389459 0.00418144 0.00438373 0.00439192 0.00443983 0.00544999]
[0.00087248 0.00212231 0.0033556  0.00637847 0.00683982 0.00687479]
[0.00257203 0.0030414  0.00415038 0.00492664 0.00524805 0.0054711 ]
[0.005624   0.0057212  0.00592291 0.00669174 0.00691115 0.00695419]
[0.00217057 0.00362807 0.00449281 0.00539048 0.00558856 0.00651777]
[0.00349493 0.00372265 0.00436164 0.00477815 0.005407   0.00548285]
[0.00339418 0.00351604 0.00426449 0.00486747 0.00561813 0.00572367]
[0.00313336 0.00321934 0.00341135 0.00421401 0.00655435 0.00680928]
[0.00510152 0.00583954 0.00597631 0.00790246 0.00811451 0.00868932]
[0.00347169 0.00436557 0.00517683 0.00533286 0.00539496 0.00545805]
[0.00113149 0.00398736 0.00419562 0.00443508 0.00590334 0.00632937]
[0.00372578 0.00567456 0.00589786 0.00590131 0.00674636 0.00728509]
[0.00277102 0.00320422 0.0042377  0.00492693 0.00516344 0.00544758]
[0.00278504 0.00339774 0.0039275  0.00443959 0.00485321 0.00523998]
[0.00164739 0.00230988 0.00236289 0.00341284 0.00455565 0.00522368]
[0.00501904 0.00541242 0.00927516 0.00999124 0.01005372 0.0102055 ]
[0.00165995 0.00409922 0.00615512 0.0066511  0.00845559 0.00849597]
[0.00272522 0.00328675 0.00601783 0.00676421 0.00758161 0.00761344]
[0.00096465 0.00114738 0.00316905 0.00793949 0.0084236  0.0084846 ]
[0.0017697  0.00481446 0.00493155 0.00619265 0.00683957 0.00699154]
[0.00457637 0.00596143 0.00613322 0.00680654 0.00716687 0.00796533]
[0.00530742 0.00669671 0.00686137 0.00696459 0.00717749 0.00721808]
[0.004597   0.00762477 0.00791017 0.00806864 0.00932708 0.00933368]
[0.00192819 0.0040493  0.00453429 0.00548736 0.00552729 0.006264  ]
[0.00489875 0.00497862 0.00601011 0.00712818 0.00828937 0.00842817]
[0.00277441 0.00292884 0.00300175 0.00373086 0.00385163 0.00445515]
[0.00472803 0.00496532 0.00560015 0.00571019 0.00584266 0.00629108]
[0.00302553 0.0037091  0.00645209 0.00856855 0.00880921 0.00881859]
[0.0050404  0.00601066 0.00601911 0.00655612 0.00679622 0.00717317]
[0.00322301 0.00340187 0.00406787 0.00488556 0.00594223 0.00809132]
[0.0022962  0.00447071 0.00594461 0.00656005 0.00750838 0.00776876]
[0.00369197 0.00633221 0.00668786 0.0087043  0.00904877 0.00940151]
