[0.00224926 0.00316159 0.00359602 0.00417457 0.0043598  0.00524769]
[0.001139   0.00137144 0.0051719  0.00540668 0.00541385 0.00568637]
[0.00359538 0.00380547 0.00471952 0.00542696 0.00544964 0.00565455]
[0.00389141 0.00398949 0.00416428 0.00495817 0.00496627 0.00506896]
[0.00238114 0.00240142 0.00261719 0.00329538 0.00341401 0.00375813]
[0.00198269 0.00244733 0.0030731  0.00335745 0.00410461 0.00450104]
[0.0024489  0.00245262 0.00266094 0.0028546  0.00350399 0.00376432]
[0.0011198  0.00117718 0.00173371 0.00253154 0.00309908 0.00321223]
[0.00096581 0.00216197 0.0028197  0.00283561 0.00320188 0.00354029]
[0.00174383 0.0038045  0.00425689 0.00450069 0.00476551 0.00484658]
[0.00179232 0.00242803 0.00260519 0.00279889 0.00292269 0.00301678]
[0.0012327  0.00174304 0.00200089 0.00209324 0.00210815 0.00236792]
[0.00088936 0.00125156 0.00196354 0.00224275 0.00235681 0.00301619]
[0.00158796 0.00168743 0.00220371 0.00272749 0.00305528 0.00354176]
[0.00131862 0.00201005 0.00239345 0.00283597 0.002904   0.00332477]
[0.00206619 0.0025445  0.00261144 0.00303403 0.00314331 0.0032112 ]
[0.00284451 0.00323622 0.00332489 0.00397842 0.00477882 0.00525777]
[0.00101657 0.00231026 0.0023836  0.0025876  0.00306724 0.00317819]
[0.00199    0.00249567 0.0032053  0.00325059 0.00326678 0.00327475]
[0.00284976 0.00310992 0.00369448 0.00389274 0.00394258 0.00397774]
[0.00148255 0.00184754 0.00252275 0.00315322 0.00339061 0.00343722]
[0.00176064 0.00300577 0.00349696 0.00419311 0.00422866 0.00472345]
[0.00072345 0.00186965 0.0024212  0.00257412 0.00313262 0.00396492]
[0.00265813 0.00294166 0.00303949 0.00311971 0.00322547 0.00515125]
[0.00189893 0.00236569 0.00281443 0.0034141  0.00343562 0.00349743]
[0.00334414 0.00337248 0.0039157  0.00398112 0.00403423 0.00407553]
[0.00126227 0.00153985 0.00306557 0.00324244 0.00397681 0.00401736]
[0.00184123 0.00311434 0.00339784 0.0042163  0.00430497 0.00496908]
[0.00285218 0.00296104 0.00327465 0.00390148 0.0040367  0.00444142]
[0.00322497 0.00350446 0.0040551  0.00405925 0.00470221 0.00496988]
[0.00110746 0.00322989 0.00404979 0.00431713 0.00456219 0.0046069 ]
[0.00176353 0.00353833 0.00363593 0.00397942 0.00506775 0.00530675]
[0.00220087 0.00225275 0.00249708 0.00267539 0.00283759 0.00303698]
[0.00144936 0.00264384 0.00269157 0.00339663 0.00380871 0.00405699]
[0.0017161  0.0022537  0.00234624 0.00282069 0.00293488 0.00307893]
[0.00222846 0.00293741 0.00302316 0.00334367 0.00358977 0.00383782]
[0.00211411 0.00261251 0.00263969 0.00269431 0.00390098 0.00455375]
[0.00157692 0.00197806 0.00306754 0.00339276 0.00346002 0.00386067]
[0.00114102 0.00187647 0.00261605 0.00309642 0.00316301 0.00324337]
[0.0015405  0.00163673 0.00207895 0.00226375 0.00229158 0.00239544]
[0.00140909 0.00291935 0.00307556 0.00321489 0.00349727 0.00353796]
[0.00203507 0.00265497 0.00282734 0.00305601 0.0037962  0.00403965]
[0.0019581  0.00252874 0.00273118 0.00304509 0.0033369  0.00345909]
[0.00166924 0.00235051 0.00235864 0.0024207  0.0028141  0.00350276]
[0.00256661 0.00281279 0.00293036 0.0030006  0.00316149 0.00323614]
[0.00145581 0.00252167 0.00255769 0.00284241 0.00285408 0.00354507]
[0.00135335 0.00149061 0.00167034 0.00174475 0.00273469 0.00296288]
[0.00140626 0.00263523 0.0026729  0.00289342 0.00339791 0.00367355]
[0.00352832 0.0039157  0.00424491 0.00437685 0.00445236 0.00475872]
[0.00028352 0.00120412 0.00125952 0.00149192 0.00201898 0.00216197]
[0.00189999 0.00196552 0.00248876 0.00254547 0.00289665 0.0030231 ]
[0.00092607 0.00204399 0.00329397 0.00405884 0.00411871 0.00417642]
[0.00171093 0.00258665 0.00262395 0.00271133 0.00281683 0.00291622]
[0.00102248 0.00180801 0.00205708 0.0020684  0.00209731 0.0027874 ]
[0.00181135 0.00376351 0.00385763 0.00412333 0.00424534 0.0043179 ]
[0.00064533 0.00087881 0.00136594 0.00154392 0.00225648 0.00235691]
[0.00124641 0.0013237  0.00161227 0.00171503 0.0019443  0.00196502]
[0.00082487 0.00157453 0.00224194 0.002839   0.00302968 0.00326967]
[0.00442036 0.00448248 0.00485892 0.00498724 0.00526527 0.00543823]
[0.00232507 0.00247725 0.00278779 0.00290659 0.00298536 0.00333625]
[0.0013296  0.00238641 0.00250876 0.00261018 0.00300295 0.00316084]
[0.00141758 0.00236597 0.00278147 0.00299345 0.00314885 0.00328016]
[0.0012676  0.00179561 0.00187816 0.00205015 0.0023176  0.00248117]
[0.00109453 0.00118464 0.00185106 0.00222403 0.00294128 0.00294993]
[0.00221714 0.0022328  0.00228878 0.00246371 0.00255675 0.00289213]
[0.00191574 0.00250368 0.00252605 0.00308653 0.00334059 0.00338494]
[0.00022188 0.0009606  0.00192785 0.00218287 0.00244516 0.00273816]
[0.00138316 0.00165831 0.00183199 0.00255183 0.00269079 0.00279544]
[0.00107709 0.00172354 0.00183888 0.00239512 0.00249234 0.00258875]
[0.00062458 0.00124479 0.00138999 0.00161206 0.00180463 0.00243799]
[0.00151942 0.00165544 0.00181522 0.00192577 0.00205056 0.0020784 ]
[0.00132639 0.00202776 0.00236245 0.0023846  0.00253694 0.00268352]
[0.00118449 0.00135147 0.00179699 0.00192843 0.00200071 0.0020148 ]
[0.00084589 0.00122506 0.00143397 0.00178171 0.00193152 0.00204139]
[0.00104244 0.00133414 0.0015626  0.00167794 0.00194864 0.00203866]
[0.00236479 0.00290298 0.00291174 0.00293387 0.00299282 0.00315676]
[0.00107028 0.00124755 0.00205642 0.00213117 0.00246008 0.00246927]
[0.00057015 0.00074315 0.000918   0.00114132 0.00143654 0.00150072]
[0.00070128 0.00113176 0.00126702 0.00128271 0.00176779 0.00201515]
[0.00037942 0.0005287  0.00097593 0.00118005 0.0012868  0.00142644]
[0.00071192 0.00077165 0.00094667 0.00113659 0.00116881 0.00119459]
[0.00111131 0.00155929 0.00163784 0.00193359 0.00197397 0.00203206]
[0.00040853 0.0010185  0.00109314 0.00111425 0.00126033 0.00138649]
[0.00100792 0.00102181 0.00129172 0.00166411 0.00169296 0.00182269]
[0.00071554 0.00104447 0.00126513 0.00143058 0.00161074 0.00165537]
[0.00064014 0.00065024 0.00091418 0.00128745 0.00144103 0.00164531]
[0.00155803 0.00169976 0.00196594 0.00218069 0.0022078  0.00224984]
[0.00054656 0.00145119 0.00152302 0.00158985 0.00167035 0.0018104 ]
[0.00015255 0.00072413 0.00101692 0.00173515 0.00205597 0.00208368]
[0.00059621 0.00157026 0.00165496 0.00176421 0.00216371 0.00219358]
[0.00130998 0.00140301 0.00144277 0.00147514 0.0016645  0.00168987]
[0.00082485 0.00105782 0.00139424 0.00199072 0.00224058 0.00236377]
[0.00147711 0.00164187 0.00178201 0.00200983 0.00203367 0.00217971]
[0.00117902 0.00118013 0.00148017 0.00164099 0.00186165 0.00248202]
[0.00092176 0.00101612 0.00110413 0.00149279 0.00156326 0.00168354]
[0.00074554 0.0007829  0.00118738 0.0013302  0.00160234 0.00169532]
[0.00125712 0.00197719 0.00209345 0.00210153 0.00230797 0.00233379]
[0.0008551  0.00097022 0.00106304 0.00114286 0.00127028 0.00153549]
[0.00081868 0.00090886 0.0009433  0.00098279 0.00144748 0.00166322]
[0.00076081 0.00098337 0.00147095 0.00169865 0.00184635 0.00187084]
[0.00145663 0.00177983 0.00258826 0.00282193 0.00282879 0.00283557]
[0.00039726 0.00097056 0.00106075 0.00180581 0.00185797 0.00195873]
[0.00059965 0.00118582 0.00125772 0.00130593 0.00132484 0.00148607]
[0.00133846 0.00204727 0.00238971 0.00248787 0.00263739 0.00287109]
[0.00076625 0.00117162 0.00133416 0.00140244 0.00143574 0.0017111 ]
[0.00127046 0.00167418 0.00179339 0.00204558 0.00207403 0.00227157]
[0.00029013 0.00144365 0.00167935 0.00185045 0.00195585 0.00199599]
[0.00055974 0.00128505 0.0016866  0.00180452 0.00189639 0.00206802]
[0.00043222 0.00114308 0.00132179 0.00151199 0.00203439 0.00215214]
[0.00076387 0.00087084 0.00098405 0.00143427 0.00167791 0.00188746]
[0.0014301  0.00146827 0.00165302 0.00172269 0.00178572 0.00182321]
[0.0009622  0.00100636 0.00105959 0.00129212 0.00169999 0.00180083]
[0.00040559 0.00086951 0.00120228 0.00134132 0.00181884 0.00196613]
[0.00082788 0.0011688  0.00127849 0.00165165 0.00199723 0.00236737]
[0.00249218 0.0026326  0.00327433 0.00330196 0.00331558 0.00344193]
[0.00142693 0.00145215 0.00151318 0.0015874  0.0017287  0.00198527]
[0.00090681 0.00105807 0.00149719 0.00154509 0.00182063 0.00214392]
[0.00114042 0.00123954 0.00136619 0.00144648 0.00267369 0.00289664]
[0.00120094 0.00144446 0.00202742 0.00205725 0.00214606 0.00242042]
[0.00053562 0.00119049 0.00212839 0.0022433  0.00283725 0.00287894]
[0.00073991 0.00110394 0.00152922 0.00160853 0.0016387  0.00173511]
[0.00146598 0.00187433 0.00280628 0.00291487 0.00325548 0.00361442]
[0.00149651 0.00154013 0.00175761 0.00180445 0.00190916 0.00197639]
[0.00174904 0.00195956 0.00206194 0.00208861 0.00211607 0.00215989]
[0.00156675 0.00172561 0.00183905 0.0019812  0.00207424 0.00234091]
[0.00145822 0.00164844 0.00174758 0.00188663 0.00210944 0.0021134 ]
[0.00082274 0.00111755 0.00117137 0.0018108  0.00228154 0.00233837]
[0.00106233 0.00115859 0.00118575 0.00130237 0.00210867 0.00249729]
[0.00075885 0.00079608 0.00128455 0.00136638 0.00145415 0.00218317]
[0.00090409 0.00107333 0.00129226 0.00154368 0.00159875 0.00161096]
[0.0007541  0.00099479 0.00105782 0.00125471 0.00172784 0.00173646]
[0.00047539 0.00054359 0.00111816 0.00114092 0.0011783  0.00120066]
[0.00061231 0.00093571 0.00116202 0.00131687 0.00137531 0.00138141]
[0.00045619 0.00074082 0.00078403 0.00099835 0.00114565 0.00120438]
[0.00058673 0.0005875  0.00103155 0.00105259 0.00113549 0.00118729]
[0.00019352 0.00030332 0.00043376 0.00073757 0.00084134 0.00095294]
[0.00025195 0.00036702 0.00047218 0.00059343 0.00063395 0.00068745]
[0.00060002 0.00084755 0.00091784 0.00096124 0.00097535 0.0010139 ]
[0.00038067 0.00051713 0.00061444 0.00085258 0.00085978 0.00090779]
[0.00041648 0.00056068 0.00069497 0.0007465  0.0007744  0.0008018 ]
[0.00037564 0.00106683 0.00118432 0.00122832 0.00124446 0.00133332]
[0.00100558 0.0010104  0.00115287 0.00130797 0.00155626 0.00161726]
[0.00159227 0.00177279 0.00180016 0.0018268  0.00202654 0.00208139]
[0.00055319 0.00079666 0.00089496 0.00120218 0.00123849 0.00149983]
[0.00130272 0.00143193 0.00152633 0.00157089 0.0017265  0.00176419]
[0.00065026 0.00105275 0.00120055 0.00121897 0.00131624 0.00135145]
[0.00105005 0.00149381 0.0015924  0.00159461 0.00167553 0.00187597]
[0.00167052 0.00177591 0.00190401 0.00194711 0.00201251 0.0023533 ]
[0.00066613 0.00113421 0.00123241 0.00157216 0.00171224 0.00178493]
[0.00132014 0.00161231 0.00168423 0.00174842 0.00195624 0.00242896]
[0.00027395 0.0010968  0.00115033 0.00135795 0.00142404 0.00150469]
[0.0005388  0.00062521 0.00072363 0.00080899 0.00082698 0.00089683]
[0.00039684 0.00064936 0.00070783 0.00129755 0.00142892 0.00151744]
[0.00052673 0.00140437 0.00146385 0.0015542  0.00160566 0.00162761]
[0.00051961 0.00106807 0.00140457 0.00198401 0.00211578 0.00214724]
[0.00161409 0.00183858 0.00203836 0.00213287 0.00216605 0.00219094]
[0.00117318 0.00241174 0.00287382 0.002952   0.00296497 0.00299024]
[0.00093529 0.00172358 0.00180417 0.00193346 0.00207257 0.00207737]
[0.00055552 0.00075283 0.00077386 0.00092392 0.00111893 0.00118127]
[0.0001036  0.00162445 0.00187985 0.00195866 0.00203167 0.00233726]
[0.00150861 0.00154991 0.00187824 0.00205687 0.00220837 0.00227643]
[0.00048685 0.00119715 0.00126617 0.0012841  0.0012969  0.00133736]
[0.00136923 0.00154188 0.00212541 0.00256304 0.00258938 0.0027453 ]
[0.00120709 0.00131249 0.00139576 0.00158492 0.00186667 0.00207924]
[0.00108791 0.00119298 0.00177742 0.00181721 0.00186002 0.00202845]
[0.00091165 0.00095254 0.00204688 0.00220897 0.00253497 0.00262127]
[0.00153666 0.00190171 0.00200911 0.00218402 0.00266365 0.00269032]
[0.00072144 0.00197942 0.00233796 0.00245471 0.00269101 0.00289244]
[0.00088661 0.00095149 0.00095484 0.0011112  0.00182114 0.00199986]
[0.00163666 0.00173141 0.00177244 0.00194807 0.00212999 0.00222961]
[0.00101715 0.00115284 0.00187118 0.00206774 0.00237675 0.00280329]
[0.00045718 0.00120368 0.00162764 0.00176582 0.00203912 0.00207489]
[0.00018186 0.0009242  0.00174975 0.00183146 0.00193392 0.0020213 ]
[0.00086734 0.00186263 0.00244092 0.0025261  0.00254627 0.00268464]
[0.00028442 0.00128419 0.00141411 0.00146253 0.00149647 0.00156392]
[0.00133585 0.00149122 0.00157834 0.00193555 0.00202462 0.0021818 ]
[0.00050314 0.00075234 0.00102181 0.00115306 0.00124513 0.00131231]
[0.00069363 0.00081665 0.00106113 0.00126883 0.00132265 0.0017016 ]
[0.00066269 0.0010101  0.00104256 0.00152666 0.00164161 0.00182074]
[0.0006557  0.00081193 0.00094295 0.00095672 0.00104141 0.00119176]
[0.00073604 0.00098076 0.0011413  0.00135706 0.00163131 0.00187414]
[0.00071047 0.00107662 0.0013985  0.00179075 0.00211549 0.00246678]
[0.00104912 0.00121796 0.00123521 0.00194916 0.00196918 0.00200361]
[0.00024664 0.00099908 0.00108708 0.00149248 0.00173552 0.00176882]
[0.00055808 0.0006706  0.00078738 0.00170098 0.00204363 0.00210411]
[0.00070945 0.00136697 0.00138145 0.00161928 0.00168849 0.00175503]
[0.00073428 0.00121217 0.00170674 0.00221235 0.00252824 0.00253691]
[0.00114679 0.00166777 0.0018538  0.00227738 0.00263926 0.00264675]
[0.00105657 0.00158463 0.00187588 0.00279422 0.00314632 0.00333743]
[0.00142745 0.00154054 0.00160883 0.00172037 0.00184155 0.0021014 ]
[0.00125486 0.0018468  0.00223256 0.00240224 0.00243584 0.00285145]
[0.00027485 0.00215413 0.0021656  0.00233502 0.00269202 0.00269667]
[0.00119675 0.00196166 0.00207031 0.00212558 0.00224006 0.00249295]
[0.00054507 0.00065089 0.00087985 0.00088828 0.00091191 0.00099348]
[0.00070328 0.00090359 0.00130172 0.00143433 0.00159266 0.00194296]
[0.00127312 0.00176311 0.002507   0.0029811  0.00317278 0.00351517]
[0.00052256 0.00091912 0.00099563 0.00110582 0.0014702  0.00162445]
[0.00069512 0.00111663 0.00165076 0.00198827 0.00199988 0.00203037]
[0.00136339 0.00158322 0.00217479 0.0022746  0.00241193 0.00246637]
[0.00077224 0.00118678 0.00179072 0.00187566 0.00191449 0.00206848]
[0.00075739 0.00081751 0.00085561 0.00121293 0.00124884 0.00141393]
[0.00153927 0.00166233 0.00175304 0.00196236 0.00225038 0.00233349]
[0.00104258 0.00130616 0.00152353 0.00155893 0.00164544 0.0022605 ]
[0.00115665 0.00119749 0.00133381 0.00143989 0.00153514 0.00175859]
[0.00103204 0.00125715 0.00132315 0.00146162 0.00185054 0.00254735]
[0.00047254 0.00074291 0.00129901 0.00181628 0.001888   0.00195032]
[0.00093386 0.00122412 0.00126844 0.00127152 0.00143643 0.00157082]
[0.00071488 0.00121198 0.00126059 0.001398   0.00148653 0.00167416]
[0.00125351 0.00151995 0.00173944 0.00185408 0.0018887  0.00200035]
[0.00151495 0.00214013 0.00274756 0.00300539 0.00383492 0.00385734]
[0.00194588 0.00203189 0.00246086 0.00281554 0.00318719 0.00348564]
[0.00226702 0.00254898 0.00302629 0.00324015 0.00348563 0.00388605]
[0.00252546 0.00340378 0.00402558 0.00427179 0.00429868 0.00434233]
[0.00271947 0.00273074 0.00274099 0.00274335 0.00336266 0.00399939]
[0.00133693 0.0019147  0.00207848 0.00260716 0.003188   0.00336617]
[0.00074673 0.0010297  0.00110491 0.00115078 0.00149754 0.00160401]
[0.00093017 0.00191854 0.00253044 0.0027297  0.00299949 0.00306453]
[0.00181737 0.00194537 0.00197933 0.00226052 0.00237529 0.00315388]
[0.00140714 0.00202594 0.002149   0.00219832 0.0034741  0.00377191]
[0.00177372 0.00197698 0.00293872 0.00339564 0.00368295 0.00414133]
[0.00248487 0.00262372 0.00342507 0.00438675 0.00443439 0.00447954]
[0.00221973 0.00297901 0.00325966 0.00330954 0.00348557 0.00373681]
[0.00227031 0.00337099 0.00351659 0.00379958 0.00394773 0.00396646]
[0.00191723 0.00241401 0.00263315 0.00275017 0.00287603 0.00329606]
[0.00166395 0.00221947 0.00322742 0.00325891 0.00344251 0.00377354]
[0.00173496 0.00232718 0.0027183  0.00273764 0.00302909 0.0033822 ]
[0.00158439 0.00164041 0.00199053 0.00228951 0.00240749 0.00254959]
[0.0017654  0.00270491 0.00278031 0.00296981 0.00385613 0.00401607]
[0.00209322 0.00232273 0.00264872 0.00308181 0.00312113 0.00322392]
[0.00167663 0.00203871 0.00265188 0.00265973 0.00299111 0.0031442 ]
[0.00228469 0.00259689 0.00272765 0.00334704 0.00341991 0.00349993]
[0.00120423 0.00168672 0.00265258 0.00317558 0.0035831  0.00366771]
[0.00231503 0.00267647 0.00348041 0.00382116 0.00396229 0.00408082]
[0.00132333 0.00140838 0.00144644 0.00164716 0.00174059 0.00175375]
[0.00106623 0.00115401 0.0014898  0.00192335 0.00202559 0.0020724 ]
[0.00121621 0.00127383 0.00164007 0.00183468 0.00190811 0.00198735]
[0.00133643 0.00136939 0.00210201 0.00233022 0.002471   0.00272233]
None
[0.0007094  0.00135962 0.00189647 0.0022888  0.00230888 0.00245613]
[0.00116271 0.00142244 0.0016663  0.00217938 0.0024216  0.00280672]
[0.0024806  0.00326645 0.00370318 0.00388292 0.00399426 0.00418721]
[0.00089536 0.00100143 0.00174959 0.00195871 0.00226878 0.0027976 ]
[0.00101348 0.00126756 0.00159926 0.00174442 0.00214446 0.00235457]
[0.00196143 0.00238198 0.00260425 0.00287255 0.00295239 0.00341167]
[0.00141719 0.00157132 0.00199304 0.0020715  0.00304874 0.00309174]
[0.00163269 0.00187356 0.00226418 0.00245724 0.00255931 0.00265923]
[0.00143265 0.00188961 0.00190588 0.00228323 0.00231028 0.00250121]
[0.00170342 0.002119   0.00217195 0.00234538 0.0024301  0.00243553]
[0.00175639 0.00198287 0.00283172 0.00312766 0.00317212 0.00320388]
[0.00103546 0.00107755 0.00134602 0.00165161 0.00190691 0.00197544]
[0.00154546 0.00157693 0.0020651  0.00206765 0.00209175 0.00217862]
[0.00148065 0.00201844 0.00217538 0.00231566 0.0023591  0.0025852 ]
[0.00077247 0.00096287 0.0010983  0.00129344 0.00180645 0.00193886]
[0.00121513 0.00170597 0.00203418 0.00218961 0.0023527  0.00248972]
[0.00117807 0.00166632 0.0019962  0.00205931 0.00207745 0.00214198]
[0.00121277 0.00140381 0.00164638 0.00204476 0.00223619 0.00249813]
[0.00074157 0.00130539 0.001428   0.00163443 0.00165619 0.00169497]
[0.00175055 0.0023461  0.00236645 0.00240576 0.00280151 0.00301474]
[0.0008279  0.00126208 0.00158576 0.00227214 0.00235774 0.00236296]
[0.00068112 0.00171509 0.00180658 0.00226008 0.00238317 0.00239504]
[0.00183912 0.00219157 0.00225832 0.00272649 0.00337652 0.00346628]
[0.00074139 0.00137658 0.00195909 0.00235042 0.00258269 0.00283834]
[0.00207682 0.00253756 0.00300143 0.00345378 0.00353627 0.00377919]
[0.00087486 0.00103761 0.00121393 0.00145916 0.00146855 0.00168543]
[0.00071077 0.00172753 0.00197432 0.00228683 0.00231173 0.0023578 ]
[0.00152113 0.00177045 0.00189567 0.00193926 0.0020234  0.00245429]
[0.00060807 0.00137335 0.00166247 0.00175863 0.00199982 0.00202122]
[0.00044792 0.00080965 0.00114055 0.00159498 0.00173983 0.0023396 ]
[0.00187877 0.00294916 0.00301461 0.00324278 0.00342142 0.00354599]
[0.00125553 0.00167316 0.0017326  0.00213861 0.0022722  0.00237914]
[0.00074758 0.00102776 0.0011388  0.00114113 0.00160284 0.00168671]
[0.00139314 0.00190468 0.00201095 0.00208228 0.00216573 0.00228203]
[0.00066368 0.00149882 0.0021879  0.00256139 0.00278794 0.00311333]
[0.00233517 0.00240953 0.00249457 0.00277851 0.00356438 0.00367155]
[0.00136353 0.00195043 0.0024285  0.00246499 0.00280792 0.00284062]
[0.00163781 0.00250409 0.00301427 0.00329392 0.00347214 0.00358989]
[0.0004762  0.00050213 0.00122672 0.00159725 0.00173299 0.00192924]
[0.00068904 0.00081102 0.00143609 0.00225457 0.00230209 0.00254707]
[0.00157262 0.00171173 0.00205266 0.00227785 0.00260689 0.00284814]
[0.00121526 0.00139054 0.00151153 0.00156792 0.00287254 0.00377746]
[0.00189846 0.00192333 0.00247249 0.00277823 0.00296407 0.00329435]
[0.00244257 0.00257145 0.00268657 0.0030212  0.00308643 0.0032611 ]
[0.00132958 0.00260765 0.00292895 0.00321267 0.00337358 0.00384041]
[0.00074159 0.00138315 0.00279563 0.00286088 0.00295387 0.00338243]
[0.00134469 0.00164791 0.00170733 0.00201967 0.00254946 0.00280455]
[0.0020364  0.00216534 0.00229189 0.00239364 0.00263044 0.00278576]
[0.00135514 0.00201306 0.00220946 0.0035354  0.0035693  0.00357889]
[0.0012959  0.00214448 0.00252825 0.00283556 0.0032042  0.00341615]
[0.0014492  0.00158435 0.00192975 0.00241292 0.00254592 0.00281737]
[0.00118916 0.00193704 0.00232444 0.00255717 0.00264089 0.00275208]
[0.00117811 0.0014798  0.0019375  0.0023026  0.00241693 0.0026521 ]
[0.00161202 0.00220941 0.00255104 0.00265642 0.0028098  0.00305003]
[0.00103744 0.00146823 0.00183324 0.00191719 0.00197313 0.00201347]
[0.00110408 0.0017815  0.00185705 0.00195124 0.00213595 0.0022083 ]
[0.00207229 0.00216868 0.00226187 0.0028137  0.00292614 0.00305227]
[0.0019258  0.00253508 0.00264922 0.00306121 0.00309721 0.00346917]
[0.00242358 0.00262116 0.00283279 0.00375264 0.00442588 0.00471808]
[0.00131859 0.00213537 0.00261194 0.00276013 0.00295443 0.0031228 ]
[0.00158712 0.00191221 0.00197613 0.00235156 0.00243909 0.00253139]
[0.00139082 0.00156382 0.00167363 0.00224247 0.00235339 0.00245658]
[0.00179507 0.00241563 0.00303372 0.0030416  0.00326551 0.00342928]
[0.00125417 0.00154459 0.0017014  0.00200529 0.00251761 0.00265524]
[0.00198558 0.00263691 0.00288469 0.00297875 0.00313174 0.00325215]
[0.00064417 0.00143687 0.00163987 0.00170575 0.0019098  0.00232239]
[0.00069025 0.00111906 0.00131769 0.00135651 0.00150891 0.00179187]
[0.00058423 0.0013008  0.00137308 0.00142653 0.00173528 0.00185847]
[0.00084547 0.00125604 0.00127269 0.00140209 0.00142018 0.00150317]
[0.00093321 0.00194371 0.00205619 0.0023502  0.00247661 0.00257857]
[0.00076957 0.00120926 0.00145699 0.00219073 0.00223356 0.00228577]
[0.00066593 0.00093245 0.00106411 0.00118951 0.00148468 0.00173749]
[0.00065217 0.00099143 0.00136339 0.0016495  0.00177301 0.00179735]
[0.00098953 0.00123386 0.00126299 0.00147897 0.00155986 0.0019819 ]
[0.0004381  0.0005986  0.00128628 0.00159062 0.00170526 0.00194532]
[0.00110508 0.00134896 0.001831   0.00183632 0.00200715 0.00211507]
[0.00068638 0.00088761 0.00098165 0.00105014 0.00112993 0.00115442]
[0.00087791 0.00132285 0.00205759 0.00214468 0.00230705 0.00233193]
[0.00119003 0.00159702 0.00163643 0.00166522 0.00167863 0.00178075]
[0.00071995 0.00126513 0.00163811 0.00175623 0.00177615 0.002516  ]
[0.00119212 0.00123537 0.0015346  0.00157439 0.00159676 0.00179325]
[0.00066574 0.00072169 0.00114998 0.00119799 0.00134175 0.0014695 ]
[0.00106668 0.0012494  0.00165201 0.00178767 0.00194022 0.00214363]
[0.00118754 0.00123076 0.00177938 0.00182451 0.00205349 0.00213494]
[0.0004834  0.0007279  0.00077043 0.0010994  0.00149032 0.00160656]
[0.00196189 0.00219459 0.00253011 0.00257546 0.00263137 0.00269857]
[0.00232609 0.00241921 0.00280098 0.00282676 0.00311425 0.00326576]
[0.0019418  0.00207466 0.00218664 0.00249569 0.0031975  0.0035427 ]
[0.00135158 0.00146791 0.00186121 0.00199524 0.00240859 0.00243006]
[0.00056478 0.00160401 0.00162015 0.00198298 0.002272   0.00229639]
[0.00139923 0.00160184 0.0018859  0.0023759  0.00262677 0.00273881]
[0.00159034 0.00173978 0.00186888 0.00192295 0.0020176  0.00262987]
[0.00111482 0.00116758 0.00128153 0.00141327 0.00183088 0.00190048]
[0.00129123 0.00136866 0.00142451 0.00201948 0.00229246 0.00246692]
[0.00151669 0.00193707 0.0020455  0.00207868 0.00217184 0.00223748]
[0.00114953 0.00132451 0.00134455 0.00163382 0.00195869 0.0020619 ]
[0.00092226 0.00143962 0.00149702 0.0016127  0.00165441 0.0018983 ]
[0.00084506 0.00148523 0.00157695 0.00197973 0.0020919  0.00214462]
[0.00191144 0.00213229 0.00219834 0.00235906 0.00240403 0.00250476]
[0.00161103 0.00188677 0.00197658 0.00222515 0.00242066 0.00260174]
[0.00124221 0.00138114 0.00142404 0.001743   0.00185259 0.00192649]
[0.00093907 0.00138621 0.0013991  0.00145078 0.00164469 0.00216244]
[0.00133194 0.00134727 0.00135846 0.00142719 0.00146154 0.00226076]
[0.00114175 0.00130083 0.00131517 0.00132996 0.00134489 0.00140999]
[0.00061201 0.00088378 0.00112499 0.00115613 0.0013681  0.00162029]
[0.00056966 0.00090682 0.00131477 0.00144707 0.00148316 0.00161884]
[0.00104513 0.00108368 0.00115988 0.00144919 0.00157597 0.00192204]
[0.00108937 0.00160093 0.00178991 0.00198939 0.00199497 0.00212346]
[0.00109284 0.00130345 0.00149953 0.00168106 0.00173419 0.00190636]
[0.00061697 0.00092289 0.00108622 0.00142002 0.00143264 0.00169876]
[0.00132278 0.00133582 0.00162405 0.00166889 0.00205755 0.00256931]
[0.00108467 0.00139704 0.00159889 0.00170551 0.00179267 0.00186252]
[0.00050071 0.00102933 0.00122388 0.0017638  0.00208605 0.00242608]
[0.00127615 0.00153697 0.00175692 0.00182383 0.00192478 0.00201297]
[0.00085487 0.00209155 0.00219971 0.00223729 0.00240701 0.00243298]
[0.00169694 0.00196706 0.0021969  0.0024702  0.00292037 0.00314846]
[0.00067146 0.00081954 0.00183822 0.00188488 0.00223572 0.00236495]
[0.00066033 0.00109964 0.00136667 0.0019972  0.00295953 0.00303932]
[0.00125173 0.00127093 0.0016611  0.00173211 0.00174575 0.00176408]
[0.00224872 0.002421   0.00263752 0.00273728 0.0029319  0.00294532]
[0.00121185 0.00187176 0.00200754 0.00210131 0.00216973 0.00224517]
[0.00089052 0.0012465  0.00156269 0.00194478 0.00201239 0.00202461]
[0.00045967 0.00082964 0.00096586 0.00127258 0.00164982 0.00171107]
[0.00065728 0.0006611  0.0009839  0.00124028 0.00132562 0.00136634]
[0.00079397 0.00097469 0.00098974 0.00110897 0.00114843 0.00117647]
[0.0004536  0.00088966 0.00110335 0.00111015 0.00127061 0.001613  ]
[0.00143056 0.00202453 0.00255043 0.00282219 0.00284254 0.0029748 ]
[0.00112528 0.00131273 0.00154875 0.00155354 0.00170669 0.00179689]
