[0.00969249 0.01096463 0.01145594 0.01191532 0.01244324 0.01250799]
[0.00661998 0.00745435 0.01153099 0.01344561 0.01451011 0.01461028]
[0.01000566 0.01209479 0.0128182  0.01314393 0.017315   0.01782011]
[0.01013442 0.01195352 0.01240202 0.01264489 0.01431736 0.0146007 ]
[0.00967704 0.01434991 0.01599634 0.01644037 0.01708706 0.01710547]
[0.01230093 0.01328363 0.0148238  0.01557823 0.01589257 0.0199344 ]
[0.01225284 0.01842092 0.02311171 0.02331791 0.0234236  0.02347028]
[0.00826494 0.01463744 0.01463912 0.01622885 0.02166805 0.02259344]
[0.00971881 0.01357537 0.01707452 0.01875664 0.02081019 0.02082567]
[0.01005593 0.01256563 0.01837601 0.01853789 0.02225327 0.02282037]
[0.00761339 0.00894546 0.01047608 0.0115071  0.01182866 0.01255587]
[0.00756557 0.00832318 0.00894883 0.00932931 0.01143918 0.01157266]
[0.00821104 0.00869676 0.00945041 0.01444248 0.01484837 0.01514113]
[0.01614842 0.01948717 0.02022036 0.02043791 0.02064518 0.02258439]
[0.00686911 0.00925486 0.01281023 0.01734533 0.01775984 0.01808576]
[0.01176238 0.0174929  0.01757061 0.02037445 0.02108316 0.0216142 ]
[0.01108888 0.01110728 0.01529262 0.01539637 0.01643485 0.01753475]
[0.00612328 0.01036061 0.01336355 0.01674073 0.01897022 0.0208328 ]
[0.01018193 0.01389846 0.0142923  0.01447715 0.01464506 0.01531936]
[0.00697093 0.01134031 0.01628588 0.01807651 0.01815449 0.01887102]
[0.0030886  0.00553805 0.01359476 0.01534603 0.01615801 0.01634905]
[0.01233501 0.01284522 0.01320304 0.01366651 0.01630298 0.01930605]
[0.00947389 0.00968766 0.01597005 0.01604659 0.01630873 0.01651929]
[0.00570107 0.00958536 0.01368691 0.01388814 0.0184144  0.01957898]
[0.00598015 0.01409752 0.01543265 0.01704856 0.01763748 0.01815948]
[0.00585963 0.00984525 0.01145951 0.01199512 0.01201447 0.01402586]
[0.00697888 0.01102576 0.01362503 0.01717319 0.01913061 0.01992173]
[0.01282774 0.0136838  0.0174216  0.01752604 0.01955978 0.0199474 ]
[0.00762483 0.01043873 0.01288839 0.01448107 0.01698565 0.01928159]
[0.00802561 0.01517151 0.01600607 0.01923162 0.02086477 0.02463109]
[0.00720704 0.01327431 0.01343371 0.01349242 0.01776817 0.01835237]
[0.01065985 0.01381325 0.01709677 0.01750813 0.01865209 0.01995398]
[0.00666746 0.00843394 0.01094548 0.01172816 0.01306621 0.01362526]
[0.0134666  0.01360878 0.01390003 0.01552834 0.01604374 0.01821839]
[0.01424818 0.01444437 0.01606712 0.01654443 0.01712298 0.01873989]
[0.00584021 0.00708582 0.00760361 0.00965558 0.01124091 0.01138534]
[0.00530341 0.01326824 0.01372425 0.01483397 0.0151025  0.01559925]
[0.00199727 0.00778367 0.01063592 0.01237258 0.01256498 0.01324338]
[0.00351472 0.00499802 0.00757502 0.01108307 0.01183979 0.01340073]
[0.00810185 0.00859658 0.01282056 0.0140347  0.01448562 0.014862  ]
[0.00762856 0.00953722 0.01116274 0.01438112 0.01665158 0.0168102 ]
[0.01044218 0.01062071 0.01300053 0.01377687 0.01490822 0.01523487]
[0.00634642 0.00688403 0.00958093 0.01248508 0.01256404 0.01289087]
[0.00708562 0.008801   0.0146533  0.01779196 0.0192615  0.0198413 ]
[0.01362354 0.01640718 0.0191336  0.0203594  0.02077993 0.0221731 ]
[0.00601697 0.00983624 0.01261381 0.01261616 0.01434813 0.01510864]
[0.00549868 0.00743227 0.00904442 0.01132685 0.01216354 0.01692648]
[0.00551333 0.0071175  0.00956205 0.00994494 0.01001661 0.01043752]
[0.00858858 0.01166543 0.01289244 0.01299669 0.01304175 0.01439362]
[0.01105282 0.01194303 0.01257019 0.01296261 0.01351214 0.0146047 ]
[0.01424938 0.01452911 0.01536328 0.01612462 0.0161694  0.02053566]
[0.00774812 0.00976678 0.01189314 0.0133952  0.01366986 0.01459794]
[0.00590535 0.01274015 0.01294124 0.01339673 0.01353666 0.01394318]
[0.00423649 0.00922717 0.00944401 0.01441928 0.01736005 0.01750623]
[0.00998213 0.01004223 0.01407054 0.01438959 0.01664987 0.01685639]
[0.01052796 0.01293777 0.01417299 0.01419618 0.01468197 0.01484476]
[0.01170944 0.01493718 0.01806053 0.0189949  0.01954501 0.01956329]
[0.00275976 0.00804106 0.01277524 0.01368971 0.0138018  0.01432757]
[0.00619256 0.0069417  0.00789836 0.00933748 0.0098563  0.0100266 ]
[0.00459336 0.00988165 0.01005457 0.01685003 0.01979549 0.02032881]
[0.00293121 0.00654281 0.01185202 0.01220248 0.01261425 0.01433486]
[0.00420758 0.00521856 0.00621767 0.00674069 0.00677796 0.00716698]
[0.00392564 0.00533178 0.00619177 0.00679009 0.00754555 0.00783221]
[0.00849417 0.01142714 0.01179628 0.01230817 0.01257668 0.01301855]
[0.00899631 0.00908024 0.00968242 0.0104184  0.01145897 0.01238364]
[0.00272955 0.00751824 0.00808513 0.01053474 0.01186948 0.01386326]
[0.0133368  0.01539378 0.01687628 0.01704779 0.01777469 0.0187367 ]
[0.00789618 0.00979397 0.01039793 0.01137795 0.011558   0.01324051]
[0.00577511 0.00690833 0.00873203 0.01044615 0.01096658 0.01192954]
[0.0041173  0.00607039 0.01245937 0.01436396 0.01733642 0.01762791]
[0.01114955 0.01115579 0.01480707 0.01893341 0.01985583 0.0206331 ]
[0.00627366 0.01295354 0.01298187 0.01534048 0.01589624 0.01725087]
[0.01215696 0.01310371 0.01374229 0.0150935  0.01672954 0.01705828]
[0.00813193 0.00822315 0.00898547 0.01200627 0.01248295 0.01275707]
[0.01104506 0.01117452 0.01271587 0.0141318  0.01530763 0.01539577]
[0.00915938 0.01226195 0.01303311 0.01406302 0.01418576 0.01465155]
[0.00698409 0.01184021 0.01240863 0.01410575 0.01425009 0.01623737]
[0.00944048 0.0110327  0.01153403 0.01163797 0.0129103  0.01426221]
[0.00589096 0.00930586 0.01087976 0.01116012 0.01192915 0.01251627]
[0.00549823 0.00553487 0.00877424 0.01039048 0.01068074 0.01134537]
[0.00190615 0.00390862 0.00400973 0.00553488 0.00593882 0.00682809]
[0.00584921 0.0075336  0.00828099 0.00931494 0.00933837 0.00973406]
[0.00280605 0.00557475 0.00873724 0.00950962 0.01059939 0.01282432]
[0.00570683 0.00998105 0.01201496 0.01220429 0.0125722  0.01261132]
[0.00796117 0.00850117 0.00878252 0.01072483 0.01112038 0.01227343]
[0.00936102 0.00997318 0.01009187 0.01123291 0.01298925 0.01414475]
[0.00577932 0.00798254 0.00899381 0.01220509 0.01254922 0.01334917]
[0.00641799 0.00946246 0.010422   0.012554   0.01367701 0.01373101]
[0.00211448 0.00363053 0.00416798 0.00618718 0.00943795 0.00996108]
[0.00418441 0.00435172 0.00523494 0.00554505 0.00619356 0.00922775]
[0.00460571 0.01048456 0.01059786 0.01167147 0.01384992 0.0138981 ]
[0.00814696 0.01008675 0.01073549 0.0109734  0.01168866 0.01214234]
[0.00387628 0.006443   0.0077079  0.0080084  0.00874591 0.0113272 ]
[0.00539399 0.00648893 0.00675048 0.00765921 0.00814334 0.00957542]
[0.00390178 0.00596557 0.00751633 0.00828069 0.00920849 0.0092234 ]
[0.00159185 0.0062608  0.007287   0.00750803 0.00768292 0.00847549]
[0.00637465 0.00767706 0.01068851 0.01077984 0.01091459 0.01265551]
[0.00582074 0.0058796  0.00660757 0.00713027 0.00749428 0.00897229]
[0.00812241 0.00884739 0.00910194 0.0124913  0.01257542 0.01577154]
[0.00508021 0.00714178 0.00966543 0.01303623 0.01304439 0.01429107]
[0.00909316 0.01273899 0.01337856 0.01365652 0.01539209 0.01680386]
[0.00560265 0.00588525 0.00702711 0.00831042 0.00843089 0.01035728]
[0.00247043 0.00433022 0.0043639  0.00480329 0.00642164 0.0072376 ]
[0.00441172 0.00640526 0.0099664  0.01149499 0.01177008 0.01223069]
[0.00286957 0.00731343 0.00736393 0.00887914 0.00916876 0.00963558]
[0.0040018  0.00671949 0.00722231 0.01258492 0.01276785 0.01375732]
[0.00890828 0.0110419  0.01153285 0.01256277 0.01378364 0.01419666]
[0.00584366 0.00717618 0.00783228 0.00825166 0.00865344 0.00884741]
[0.0068109  0.00703269 0.00805342 0.01048396 0.01090444 0.01179129]
[0.00384975 0.00604662 0.00650961 0.00681207 0.00848872 0.00937956]
[0.00176864 0.0097209  0.01123127 0.01205969 0.01246204 0.01299253]
[0.00193819 0.00639813 0.00712524 0.00893987 0.00982785 0.01035568]
[0.00538008 0.00661666 0.00690466 0.00775929 0.00900775 0.00965493]
[0.00456049 0.01035704 0.01098829 0.01168172 0.01284694 0.01308771]
[0.01049979 0.01263605 0.01294021 0.01315471 0.01418211 0.01515094]
[0.00920312 0.01215306 0.01245742 0.01288537 0.01295322 0.01460086]
[0.0064351  0.00661598 0.01150867 0.01169926 0.01286044 0.01294163]
[0.01006804 0.01167591 0.01171669 0.01241218 0.01281001 0.01361   ]
[0.00245648 0.00879048 0.0090571  0.01102243 0.01153576 0.01186151]
[0.010527   0.01088297 0.01281032 0.0176258  0.01825651 0.01937583]
[0.0023471  0.0086252  0.01325921 0.0144089  0.01527198 0.01635322]
[0.00338718 0.00686302 0.00794468 0.01038058 0.0128429  0.01303603]
[0.00537659 0.01134715 0.01291609 0.01333848 0.01404131 0.01518727]
[0.00770395 0.00797562 0.00902841 0.0105288  0.01139762 0.01164726]
[0.00934773 0.00991067 0.00991728 0.01046425 0.01192197 0.01441381]
[0.00458897 0.01115299 0.01183005 0.01447392 0.01482845 0.01548773]
[0.00450672 0.00563652 0.00766622 0.00869966 0.01204694 0.01226676]
[0.00432935 0.00827088 0.01050338 0.01255285 0.01331035 0.01382837]
[0.01202546 0.01248179 0.01327752 0.01527298 0.01534324 0.01552197]
[0.00903569 0.00961863 0.00975543 0.00990899 0.0099999  0.01102876]
[0.00927806 0.01068014 0.01165794 0.01345458 0.01468031 0.01563463]
[0.00726477 0.0081023  0.00844318 0.01011284 0.01189773 0.01325689]
[0.00252904 0.004372   0.00459337 0.00558204 0.00607077 0.00656958]
[0.00516097 0.00651784 0.00817979 0.00983045 0.01023136 0.01025834]
[0.00288593 0.00388363 0.00425867 0.00459578 0.00532197 0.00564799]
[0.00555538 0.00638188 0.00871154 0.00961535 0.01050294 0.01272998]
[0.00373055 0.00511039 0.0075455  0.00808013 0.00808029 0.00830887]
[0.00534982 0.00703792 0.00710847 0.0080212  0.0085537  0.00901576]
[0.00626851 0.00653293 0.00730773 0.00781834 0.00821882 0.00883637]
[0.00487398 0.00518755 0.00551892 0.00590698 0.00705374 0.00793181]
[0.0020669  0.00650964 0.0072499  0.0080006  0.00800598 0.00848801]
[0.01047974 0.01098126 0.01105679 0.01214803 0.01232748 0.01292123]
[0.0085448  0.00880645 0.0121412  0.0133781  0.0134965  0.01518876]
[0.01338257 0.01344172 0.0137025  0.01428268 0.01481756 0.01627463]
[0.0023872  0.00851203 0.00878637 0.0104015  0.01076153 0.01120601]
[0.00742566 0.00809622 0.00944546 0.00951945 0.00981454 0.01101542]
[0.00373468 0.00421733 0.00637868 0.00654761 0.00689149 0.0087708 ]
[0.00611573 0.0084432  0.00935691 0.01001898 0.01111577 0.01116526]
[0.00729804 0.00737703 0.00762192 0.01005265 0.01066716 0.01124912]
[0.00568097 0.01462498 0.01989822 0.0201207  0.02138368 0.02238737]
[0.00476985 0.00530151 0.01389365 0.01456185 0.01544231 0.01671872]
[0.00556597 0.00852945 0.00985674 0.01115809 0.01123369 0.0138555 ]
[0.00814071 0.00919831 0.01169072 0.01169692 0.0120074  0.01269214]
[0.00968535 0.01255774 0.01299739 0.0140858  0.01555447 0.01701876]
[0.00802048 0.00826234 0.00968652 0.01052218 0.01197976 0.01248458]
[0.006751   0.00798351 0.00865145 0.01104477 0.01224802 0.01294124]
[0.00641526 0.00888681 0.01027439 0.01033768 0.01141682 0.0124926 ]
[0.00264002 0.00516699 0.00683129 0.00789676 0.00963179 0.00981007]
[0.00501051 0.00544402 0.00631064 0.00668936 0.00825568 0.00854679]
[0.00537037 0.00754621 0.01024513 0.01162338 0.01210293 0.01296061]
[0.00295863 0.00538529 0.00969264 0.01353519 0.01370399 0.01397252]
[0.00909921 0.00923275 0.01015652 0.01016692 0.01092444 0.01114268]
[0.0069382  0.00857871 0.00922924 0.01062936 0.01251153 0.01272229]
[0.00457373 0.00781346 0.01062904 0.011526   0.0137623  0.0142347 ]
[0.00400556 0.00469957 0.00476608 0.00632319 0.00928983 0.00949396]
[0.00254059 0.00792777 0.00899784 0.00921753 0.00964727 0.00986169]
[0.00742943 0.0084155  0.00947462 0.00999554 0.01032213 0.01043152]
[0.00292569 0.00414162 0.0047996  0.00522614 0.00768317 0.00776446]
[0.0026001  0.00438023 0.00547023 0.00805382 0.00853026 0.00899617]
[0.00457619 0.00492501 0.00654434 0.00685486 0.00759928 0.00922983]
[0.00607099 0.010291   0.01167086 0.01188765 0.01280852 0.0129053 ]
[0.00555246 0.00756858 0.00832978 0.00970091 0.00975849 0.01194214]
[0.00686155 0.00783231 0.0098446  0.00992688 0.01058617 0.01060804]
[0.00781536 0.00920096 0.01014268 0.01115221 0.01122479 0.01140806]
[0.00537434 0.0098314  0.01109653 0.01151778 0.01353011 0.01362564]
[0.00403571 0.00417845 0.00542531 0.00842256 0.01108747 0.01114053]
[0.00524941 0.01039994 0.01243078 0.01398233 0.01471253 0.01686339]
[0.00643081 0.0069192  0.01027584 0.01071522 0.01130753 0.01428366]
[0.00609433 0.01049728 0.01128442 0.01135174 0.01282796 0.01283768]
[0.00543131 0.00997668 0.0114541  0.01232985 0.0124423  0.01272952]
[0.008719   0.01060798 0.01134806 0.01181896 0.0129474  0.01357227]
[0.01272901 0.01416889 0.01445022 0.01531264 0.01568134 0.01780151]
[0.00494598 0.00651713 0.00852436 0.0087977  0.01002597 0.01231117]
[0.00375232 0.0059525  0.00816871 0.01074543 0.01175005 0.01187664]
[0.00544021 0.00574376 0.00617297 0.00695688 0.00776711 0.00832117]
[0.0082656  0.01100349 0.01102165 0.01183459 0.0127295  0.01320854]
[0.00613378 0.00638617 0.01046204 0.01114763 0.01141336 0.01196662]
[0.00581209 0.00794728 0.00869211 0.01217628 0.01251929 0.0130262 ]
[0.00837106 0.00866357 0.00978026 0.01227488 0.013843   0.01446134]
[0.01215042 0.01405652 0.01542217 0.01555847 0.01714811 0.01746956]
[0.00489191 0.00582091 0.00669951 0.00958302 0.01091184 0.01225398]
[0.00802402 0.00910837 0.00924603 0.01044674 0.01319656 0.01335493]
[0.00691198 0.00693967 0.00784543 0.01038342 0.01344714 0.01412259]
[0.00136407 0.00876803 0.00896266 0.00982834 0.01020935 0.01099698]
[0.00810858 0.01350374 0.01352442 0.0135649  0.0153931  0.01561454]
[0.00194336 0.00630283 0.00922283 0.01136985 0.01198345 0.01306354]
[0.00398505 0.00506911 0.00627208 0.00768291 0.00801949 0.00904989]
[0.009225   0.00992998 0.0107667  0.01185443 0.01400797 0.01429184]
[0.00250024 0.00857336 0.01099044 0.01336793 0.01338008 0.01346431]
[0.00559889 0.00644968 0.0079901  0.00853927 0.01069331 0.01111961]
[0.00444164 0.00830997 0.00894948 0.00907625 0.01104204 0.01216506]
[0.0045743  0.00907473 0.01124977 0.01434693 0.01558685 0.01734057]
[0.00254788 0.00747166 0.00808957 0.00824195 0.00994633 0.01083773]
[0.00676816 0.01344293 0.01422504 0.01423076 0.01444036 0.0153433 ]
[0.00606681 0.01076858 0.01491986 0.01528038 0.01578824 0.01696505]
[0.00972304 0.01638328 0.01663929 0.01774373 0.01783071 0.01891101]
[0.00684212 0.00726817 0.00949461 0.01046261 0.01120324 0.01252474]
[0.00760645 0.00859709 0.01081305 0.01125096 0.01204999 0.01273825]
[0.00820385 0.0087477  0.01051754 0.01187589 0.0120864  0.01370002]
[0.00303606 0.00709741 0.00745002 0.00825301 0.0095152  0.01299245]
[0.01251708 0.01254895 0.01614301 0.01716157 0.02057681 0.02110015]
[0.01864598 0.01901018 0.02219166 0.0222806  0.02386402 0.02532966]
[0.01097804 0.01177244 0.0122142  0.01545598 0.01899757 0.02067152]
[0.01076998 0.01085322 0.01294637 0.01682655 0.01692061 0.01743532]
[0.00858056 0.00893388 0.0113133  0.01171714 0.01196337 0.01308435]
[0.00281296 0.00462386 0.00501186 0.00970406 0.01118276 0.01181556]
[0.00294892 0.00507207 0.00883253 0.01145373 0.01743613 0.01781568]
[0.00545409 0.01113221 0.01307826 0.01544903 0.01551222 0.0174963 ]
[0.00434811 0.005951   0.00644121 0.01019806 0.0111575  0.01520279]
[0.00216329 0.00772646 0.01037836 0.0145926  0.01552484 0.01564669]
[0.00843743 0.00954433 0.01128957 0.01310076 0.01356976 0.01391958]
[0.00366846 0.01157828 0.01959483 0.02037573 0.02072604 0.02326126]
[0.00774372 0.00870361 0.01227161 0.01470315 0.01488318 0.01539839]
[0.00661814 0.01442584 0.01593674 0.01683141 0.01882585 0.02126001]
[0.00596089 0.00727636 0.00889044 0.01097837 0.01126906 0.01146087]
[0.01119458 0.01289681 0.0159666  0.01698264 0.01719672 0.01919663]
[0.00543115 0.00569047 0.00570918 0.01026688 0.01814244 0.0201138 ]
[0.00244294 0.01276871 0.01288043 0.01705234 0.02235122 0.02305691]
[0.01217309 0.01500634 0.0153751  0.01679686 0.01872927 0.01880258]
[0.00349004 0.01106298 0.01697859 0.01713849 0.0267678  0.02744107]
[0.01792206 0.02210844 0.02527388 0.02614733 0.02665009 0.02744634]
[0.01109431 0.01383539 0.01962312 0.02099836 0.02102084 0.0215737 ]
[0.00168052 0.00876058 0.01095032 0.01498304 0.01573065 0.01605263]
[0.00399467 0.00906315 0.01046486 0.01182203 0.01271949 0.01290124]
[0.00287839 0.00560589 0.00613819 0.00643247 0.01036818 0.01350437]
[0.00628297 0.00734968 0.00943784 0.01037768 0.01189485 0.01261925]
[0.00634005 0.00707507 0.00769079 0.00910331 0.01123974 0.01161735]
None
[0.00574465 0.00927762 0.00966564 0.01237018 0.01352673 0.01435861]
[0.00691532 0.00922288 0.01029081 0.01117061 0.01124212 0.0120428 ]
[0.0050573  0.00621145 0.00803713 0.01185094 0.0121773  0.01294748]
[0.00737495 0.00744194 0.00955879 0.01015289 0.01042853 0.01113661]
[0.00444032 0.00829857 0.00886251 0.00993725 0.01230176 0.01432391]
[0.00155588 0.00314266 0.00392711 0.00829596 0.01036267 0.01309538]
[0.00820716 0.0097323  0.01344346 0.01347367 0.01394674 0.01397492]
[0.00597165 0.01137853 0.01252006 0.01256867 0.01610338 0.01649763]
[0.01437432 0.01455641 0.01568498 0.01649707 0.01687873 0.02320138]
[0.01044842 0.01102304 0.0123361  0.0141155  0.01482797 0.01661233]
[0.00678173 0.01099416 0.01383144 0.01384785 0.0157905  0.01618721]
[0.00468597 0.00772013 0.00850377 0.01142494 0.01248622 0.0127331 ]
[0.00589032 0.00808708 0.00876959 0.0109891  0.01100369 0.0119558 ]
[0.00330795 0.010799   0.01513975 0.01579054 0.01590514 0.0174664 ]
[0.00549101 0.00794922 0.01092319 0.01395233 0.0157797  0.01608856]
[0.00784874 0.00812941 0.00889484 0.01105244 0.01402477 0.01439666]
[0.01415755 0.01478702 0.01510254 0.01518278 0.01629068 0.01723553]
[0.00715336 0.01029127 0.01095462 0.01427303 0.01432842 0.01453976]
[0.00629369 0.00801723 0.01221448 0.01287678 0.01322499 0.01385258]
[0.01180129 0.01260295 0.01356072 0.01404817 0.0159997  0.01653008]
[0.0130762  0.01408413 0.01573405 0.01642323 0.01688956 0.01875005]
[0.00938715 0.01002722 0.01054685 0.01286448 0.013337   0.01371022]
[0.00867659 0.00885807 0.01340251 0.01424246 0.01593786 0.01681168]
[0.01377288 0.0151923  0.01639759 0.01784637 0.01832388 0.02188244]
[0.00738728 0.01015741 0.0120272  0.01317979 0.01706518 0.01708117]
[0.00575535 0.00578215 0.00745424 0.00933105 0.00965524 0.01061544]
[0.00684354 0.00982126 0.01058494 0.01168374 0.01353533 0.0160631 ]
[0.00363346 0.00882416 0.0125846  0.01943722 0.01965772 0.02020448]
[0.00860725 0.00993017 0.0107852  0.01302347 0.01509505 0.01520795]
[0.01300347 0.01332761 0.01476903 0.01609713 0.01758293 0.01856087]
[0.00998711 0.01358632 0.01403511 0.0140744  0.01549647 0.01550713]
[0.00734621 0.00800887 0.01171435 0.01299286 0.0138396  0.01444667]
[0.00512181 0.00700035 0.00785696 0.00941864 0.00988576 0.01187901]
[0.00739317 0.00743598 0.0088356  0.00970072 0.00974971 0.01049082]
[0.01022232 0.01149305 0.01530856 0.01616393 0.01740006 0.01773564]
[0.0020309  0.01037823 0.01169257 0.01636249 0.01673732 0.01855075]
[0.00740998 0.00930816 0.01132394 0.01494962 0.01498422 0.01510171]
[0.00932076 0.01123064 0.01154672 0.01430999 0.01630294 0.01836623]
[0.00316711 0.00999531 0.01301212 0.01363234 0.01430942 0.01832202]
[0.00551013 0.00792653 0.00980108 0.01118195 0.0112718  0.0116286 ]
[0.00517555 0.00538455 0.00968556 0.01086997 0.01401078 0.01447218]
[0.00625708 0.00987157 0.01624603 0.01693105 0.0170527  0.01707419]
[0.01148054 0.01392314 0.01565567 0.01645388 0.01718907 0.02169055]
[0.007105   0.01204122 0.01432821 0.01690399 0.01731268 0.01790551]
[0.00897653 0.01087132 0.01317576 0.01363982 0.01739904 0.01776069]
[0.00742877 0.0078427  0.00843271 0.00986449 0.01014713 0.01181894]
[0.00567697 0.0091986  0.01372009 0.01452002 0.0150421  0.0150765 ]
[0.00969889 0.01006766 0.01234753 0.01272162 0.01520594 0.01539364]
[0.00860401 0.01200247 0.01247703 0.01298734 0.01533598 0.01830062]
[0.01323173 0.01340644 0.01391224 0.01463743 0.0149727  0.01570383]
[0.00610487 0.01016187 0.01084414 0.01334743 0.01337472 0.01360731]
[0.00225099 0.00575877 0.01042959 0.01100746 0.01212324 0.01457529]
[0.00602347 0.00679852 0.00859917 0.0113381  0.0118228  0.01469652]
[0.0083031  0.00909378 0.00967772 0.01024467 0.01113455 0.01575043]
[0.01018487 0.01767516 0.01849308 0.01929912 0.02060756 0.02078485]
[0.00929128 0.0120966  0.01230523 0.01328946 0.01360019 0.01590477]
[0.0048536  0.01117679 0.01238996 0.01423659 0.01471215 0.0162882 ]
[0.00722187 0.00917022 0.0130238  0.01511521 0.01559805 0.01704444]
[0.00768669 0.01259819 0.01282085 0.0152196  0.01853755 0.01981538]
[0.00591055 0.00675474 0.00893637 0.0152619  0.0162684  0.01636094]
[0.00576749 0.00636841 0.0084331  0.00864909 0.01015763 0.01070645]
[0.0083087  0.00865197 0.0121542  0.01377646 0.01406046 0.01450121]
[0.00248542 0.00355386 0.00536514 0.0062039  0.00785121 0.00826363]
[0.00676708 0.00821934 0.00832096 0.00867748 0.0147383  0.0154195 ]
[0.0120064  0.01262885 0.01380327 0.01440429 0.01461385 0.01477511]
[0.00307544 0.00615849 0.00916218 0.01330087 0.01380689 0.0156851 ]
[0.00826933 0.01383304 0.01418844 0.01426731 0.01566191 0.01605871]
[0.00885277 0.00894246 0.01065259 0.01077209 0.01174297 0.01217298]
[0.00880669 0.00990477 0.01105561 0.01637912 0.01638249 0.01726193]
[0.01480398 0.01507601 0.01634955 0.01796876 0.01830228 0.0189827 ]
[0.00605771 0.00913006 0.0134735  0.01618523 0.01822206 0.01994128]
[0.0064799  0.00835251 0.01252142 0.01528162 0.01562946 0.01714517]
[0.00470489 0.00841566 0.01213151 0.01256042 0.01331814 0.0143015 ]
[0.00473323 0.01169803 0.0141577  0.01434536 0.01444524 0.01455109]
[0.00518463 0.01204425 0.01261562 0.01294816 0.01360475 0.01373394]
[0.00652566 0.00896671 0.00926271 0.00997611 0.01086825 0.01164075]
[0.0068012  0.00782354 0.01199757 0.01281934 0.01575895 0.01602543]
[0.00520494 0.00942454 0.00974483 0.01048079 0.01239118 0.01259708]
[0.00714034 0.00732584 0.00916602 0.01077926 0.01625012 0.01637589]
[0.00326632 0.01177696 0.01229137 0.01308231 0.01715049 0.01768622]
[0.0092277  0.01012855 0.01130181 0.01133646 0.01268733 0.01406353]
[0.00559399 0.00675997 0.0075722  0.00832159 0.01084943 0.01143338]
[0.00835555 0.01162457 0.01356066 0.01357956 0.01502866 0.01517853]
[0.00174982 0.00439046 0.00648931 0.01038564 0.0122282  0.01316564]
[0.01139726 0.0121345  0.0127947  0.01728474 0.01758205 0.01888595]
[0.00642924 0.00988745 0.0103097  0.01139524 0.01394145 0.01588709]
[0.00870644 0.01033523 0.01118708 0.01200359 0.01331796 0.0146871 ]
[0.00874194 0.01156159 0.01185541 0.01541356 0.01550446 0.01598189]
[0.00533142 0.00580056 0.00879101 0.00936253 0.01077517 0.01085637]
[0.0080328  0.01072772 0.01405122 0.01415499 0.01616533 0.0165051 ]
[0.00705035 0.01144021 0.01207585 0.01231529 0.01325876 0.01372093]
[0.00167235 0.00587456 0.00617298 0.00739939 0.00743544 0.00953497]
[0.00473474 0.00667758 0.00798427 0.00823346 0.00956956 0.01046032]
[0.00350344 0.00378006 0.0085366  0.01067071 0.0120575  0.01255706]
[0.00318425 0.00734662 0.00798039 0.00858695 0.01081603 0.01164563]
[0.00137195 0.00247759 0.0029487  0.00908934 0.00922057 0.0095656 ]
[0.0038252  0.00476498 0.00595197 0.00741398 0.00922044 0.00949169]
[0.00447701 0.00545687 0.00630879 0.00664949 0.00762894 0.01121583]
[0.00232739 0.00646707 0.0065165  0.00679426 0.00811521 0.00943648]
[0.00226573 0.00398286 0.00609767 0.00851425 0.00925392 0.00965114]
[0.00555728 0.00708334 0.00743404 0.00822549 0.00847401 0.00994055]
[0.00425986 0.0054972  0.0077227  0.00820282 0.0094619  0.01100829]
[0.00591711 0.0071376  0.00797669 0.00813627 0.00872818 0.0103631 ]
[0.0063079  0.0080752  0.00817871 0.0089816  0.009129   0.012625  ]
[0.00554551 0.00875172 0.00880185 0.00897634 0.00913926 0.00986805]
[0.00759913 0.0079011  0.00908113 0.00999513 0.01007574 0.01033587]
[0.00580076 0.0067735  0.00815617 0.00859986 0.01143012 0.01174438]
[0.00532539 0.00591152 0.00840782 0.00865006 0.01233163 0.01353352]
[0.00964766 0.00977728 0.0122944  0.01355759 0.01397995 0.01553596]
[0.00496237 0.00503345 0.00513496 0.00550391 0.00553245 0.00558603]
[0.00555663 0.00586382 0.00792574 0.00796505 0.00957215 0.01048573]
[0.00448649 0.00487799 0.00837295 0.00935158 0.0103578  0.01047786]
[0.00368499 0.00864563 0.00931863 0.01142035 0.01229871 0.01233889]
[0.00422155 0.0111168  0.01114368 0.01139336 0.01277184 0.01308167]
[0.00545046 0.01301536 0.0131899  0.01400591 0.0141651  0.01520767]
[0.00447256 0.00739728 0.00786891 0.00881842 0.00903079 0.01022368]
[0.00439831 0.0075568  0.0102001  0.01164451 0.01363904 0.01401772]
[0.00530731 0.0093674  0.01142662 0.01200165 0.01300064 0.01500256]
[0.0065929  0.00930104 0.00966661 0.01139163 0.01228816 0.01575032]
[0.00378558 0.00649307 0.0100264  0.01107484 0.0114094  0.0158563 ]
[0.00915724 0.00928505 0.00970492 0.01193926 0.01296575 0.01321581]
[0.00184143 0.00442371 0.00520169 0.00525737 0.00581118 0.0073272 ]
[0.00278586 0.00737832 0.00845593 0.00869222 0.00982892 0.01102416]
[0.00849241 0.01057652 0.01104562 0.01122126 0.01137896 0.01163308]
[0.00867591 0.01070564 0.01097751 0.01108313 0.01231243 0.01232153]
[0.00731114 0.00793436 0.00812555 0.01107627 0.01124485 0.01150364]
[0.00815466 0.0089172  0.01168671 0.01488791 0.01543002 0.01547384]
[0.00939269 0.01242171 0.01259632 0.01288597 0.01444171 0.01516559]
