[0.00103342 0.00397483 0.004754   0.00596992 0.0061329  0.00884446]
[0.00170761 0.00258647 0.00284907 0.00419309 0.00479351 0.00485533]
[0.0043241  0.00449053 0.0050375  0.00512351 0.00599533 0.00604262]
[0.00256934 0.00314351 0.00420131 0.00421487 0.00476879 0.00556152]
[0.00096686 0.0028379  0.00301902 0.00314509 0.00328081 0.00359305]
[0.0024385  0.00247181 0.00294842 0.00401686 0.00415795 0.00445033]
[0.00289213 0.00370312 0.00485065 0.00492043 0.0050635  0.00514393]
[0.00124546 0.00217687 0.00255277 0.00337985 0.00362261 0.00463331]
[0.00232415 0.00250179 0.00276723 0.00362846 0.0037674  0.0037922 ]
[0.00214063 0.00327831 0.00351035 0.00379512 0.00401624 0.0045767 ]
[0.00166747 0.00315099 0.0042049  0.00427122 0.00433578 0.0050687 ]
[0.00276451 0.0032057  0.00330699 0.0034794  0.00366047 0.00376986]
[0.00241771 0.00343587 0.00344769 0.00464001 0.00468249 0.00472722]
[0.00396975 0.00398007 0.00433248 0.00458265 0.0047608  0.00477435]
[0.00143048 0.00281058 0.00377782 0.003997   0.00420014 0.004204  ]
[0.00239079 0.00267738 0.00270888 0.00277565 0.00350208 0.00432672]
[0.00209389 0.00392125 0.00441661 0.00450055 0.00493801 0.00533633]
[0.00265459 0.00275682 0.00455773 0.00465929 0.005086   0.00553876]
[0.00094901 0.00147218 0.00354656 0.00392251 0.00432011 0.00457425]
[0.0015844  0.00296602 0.003045   0.00355327 0.00365177 0.00447269]
[0.00314488 0.00327862 0.00352795 0.00403101 0.00457012 0.00465481]
[0.00181469 0.00206925 0.00384035 0.00401005 0.00408545 0.00476782]
[0.00383629 0.00412798 0.0043466  0.00510919 0.00546913 0.00594682]
[0.0026165  0.00286712 0.00483198 0.00499717 0.00528988 0.00578855]
[0.00223444 0.00275962 0.00376683 0.00421418 0.00468657 0.00480917]
[0.00279482 0.00331622 0.00386191 0.00388596 0.00398003 0.00407016]
[0.00294859 0.00305431 0.0038     0.0041393  0.00439029 0.00450895]
[0.00063983 0.00272384 0.00363226 0.00373782 0.00503549 0.00558455]
[0.00281691 0.00360885 0.00393102 0.00425057 0.00426304 0.00465092]
[0.00202623 0.00272814 0.00283169 0.00288019 0.00332703 0.00358135]
[0.00231752 0.0029648  0.00380249 0.00455802 0.00522054 0.00539015]
[0.00167316 0.00310832 0.00362878 0.00367827 0.00416764 0.00420451]
[0.00237714 0.00239385 0.00256236 0.002644   0.00334572 0.00337185]
[0.00123833 0.00220984 0.00250715 0.00350958 0.00354047 0.00397146]
[0.00179247 0.00221699 0.00243763 0.00274906 0.00339238 0.00354978]
[0.00230108 0.00235453 0.00292625 0.00349066 0.00363075 0.0038667 ]
[0.0024841  0.00289179 0.00291016 0.00315569 0.00338877 0.00377997]
[0.0013341  0.00264895 0.00354288 0.0035898  0.00419008 0.00424808]
[0.00248422 0.00330056 0.00333141 0.00366998 0.00381245 0.00412966]
[0.00149739 0.00170125 0.0029096  0.00291599 0.00311619 0.00333325]
[0.0014972  0.00177293 0.0024373  0.00375872 0.00447528 0.00493933]
[0.00250349 0.00265099 0.00332599 0.0040703  0.00443216 0.00451645]
[0.00397578 0.00430916 0.00447967 0.00474207 0.00495053 0.00533751]
[0.00299717 0.00337294 0.00340497 0.00351836 0.00481165 0.00485515]
[0.00365917 0.00460824 0.00513893 0.00521598 0.00544905 0.00572356]
[0.00157454 0.00279206 0.00422934 0.00467685 0.00469661 0.00479527]
[0.00115216 0.00257162 0.00265431 0.0027297  0.00290013 0.00319739]
[0.00365224 0.00402067 0.00409436 0.00425255 0.00532638 0.00538573]
[0.00189676 0.00203977 0.00419923 0.00458857 0.00483644 0.00543033]
[0.00107962 0.00186243 0.00211443 0.0027924  0.00319895 0.00340871]
[0.00310895 0.00337797 0.0035584  0.00363056 0.00397326 0.00421704]
[0.00119236 0.00133753 0.00147938 0.00157452 0.0016014  0.00336314]
[0.00159862 0.00207449 0.00220116 0.00329433 0.00350205 0.0036773 ]
[0.00093938 0.00196682 0.00226857 0.00261177 0.00304994 0.00327853]
[0.00262872 0.00282817 0.00390299 0.00433439 0.00438594 0.00475645]
[0.00210508 0.00378819 0.00488234 0.00517567 0.00551923 0.00557048]
[0.00124837 0.00275886 0.00406624 0.00415941 0.00453185 0.00454233]
[0.00285226 0.0030653  0.00323773 0.00334746 0.00336209 0.00344398]
[0.0030097  0.00351428 0.00476413 0.00476916 0.00524278 0.00558988]
[0.00265064 0.00286566 0.00289254 0.00392123 0.0039257  0.00398929]
[0.00205346 0.00243124 0.00256806 0.00289472 0.00317237 0.00325274]
[0.00198354 0.0026451  0.00339242 0.0036509  0.00402493 0.00410146]
[0.00102715 0.00129222 0.00185653 0.00254109 0.00272711 0.00319623]
[0.00177231 0.00203129 0.00236458 0.00324141 0.00368846 0.00419462]
[0.00202991 0.00275115 0.00287948 0.0032149  0.00352164 0.00358422]
[0.00211273 0.00285377 0.00292902 0.00306745 0.00346909 0.00377097]
[0.00128713 0.0023934  0.00283218 0.00345063 0.00427454 0.00436884]
[0.00204964 0.00235094 0.00252527 0.00266299 0.00300207 0.003192  ]
[0.00107791 0.00222154 0.00339938 0.00368444 0.00373454 0.00375809]
[0.00195921 0.00259783 0.00266829 0.00275971 0.00306028 0.00313329]
[0.00176477 0.00198783 0.0021113  0.00242498 0.00256174 0.00310537]
[0.00197892 0.00228424 0.00266852 0.00280732 0.00284516 0.00310045]
[0.00144326 0.0017929  0.0019448  0.00209482 0.00230231 0.00267413]
[0.00124241 0.00158865 0.00210127 0.00232737 0.00232945 0.00250668]
[0.00123489 0.00127897 0.00135351 0.00171404 0.00202318 0.00205551]
[0.00132556 0.00169373 0.00250033 0.00269756 0.00309506 0.00322135]
[0.00103221 0.00175389 0.00272336 0.00279904 0.00312726 0.00393339]
[0.00127875 0.00185431 0.00210034 0.00221222 0.00267868 0.00315484]
[0.00257296 0.00310193 0.00334966 0.00342678 0.00352057 0.00369981]
[0.00128399 0.00141087 0.00152848 0.001869   0.00213972 0.00227803]
[0.00038496 0.00098542 0.00146014 0.00153863 0.00160684 0.00205265]
[0.00147589 0.00152788 0.00165755 0.0019906  0.00204412 0.00204591]
[0.00168167 0.00329996 0.00362059 0.00381465 0.00393298 0.00421065]
[0.0008178  0.00102734 0.00296008 0.00359962 0.00442363 0.00443151]
[0.00104835 0.00243402 0.00282924 0.00292508 0.0030286  0.00345131]
[0.0009549  0.00156816 0.0020969  0.00214651 0.00245899 0.00277167]
[0.00151093 0.0024378  0.00316329 0.00327935 0.00417779 0.00438865]
[0.00228381 0.00255127 0.00284555 0.00293156 0.00323933 0.00332694]
[0.00072587 0.00149228 0.00150204 0.0016697  0.00185494 0.00192122]
[0.00089495 0.00181415 0.00244715 0.0029305  0.0030652  0.00320905]
[0.00122383 0.0030184  0.00309879 0.00337853 0.00369    0.0037441 ]
[0.00184377 0.00237842 0.00266422 0.00274531 0.00277827 0.00294751]
[0.00177975 0.00182199 0.00213651 0.00223341 0.00236567 0.00246573]
[0.00155413 0.00180578 0.00267012 0.00276781 0.00278458 0.00299869]
[0.00107008 0.00109056 0.00127712 0.00176283 0.00180993 0.00200271]
[0.00077773 0.00123749 0.00128931 0.00147606 0.00149704 0.00174755]
[0.00220082 0.00264525 0.00311036 0.00320651 0.00376285 0.0039336 ]
[0.00205256 0.00253825 0.00323333 0.00352215 0.00362407 0.00371928]
[0.00246949 0.00310355 0.00320291 0.00340894 0.00343768 0.00365019]
[0.00215587 0.00234278 0.00292549 0.00341864 0.00388011 0.00408833]
[0.00137425 0.00282194 0.0030892  0.00330106 0.00359624 0.00387406]
[0.00163921 0.00227255 0.002311   0.00240419 0.00260692 0.00304337]
[0.00084541 0.00108513 0.00118431 0.00130236 0.00140179 0.00173412]
[0.00206095 0.00212842 0.00276342 0.00281072 0.0040015  0.00411245]
[0.0018229  0.00220709 0.00296138 0.00305439 0.00317091 0.00326201]
[0.00267649 0.0027783  0.00346865 0.0035354  0.00377186 0.00381432]
[0.00087307 0.00117054 0.00234488 0.00341359 0.00383113 0.00394127]
[0.00087943 0.00227773 0.00306257 0.00409921 0.00425034 0.00449951]
[0.00107116 0.00203156 0.00227405 0.00236012 0.00265158 0.00304361]
[0.001463   0.0019494  0.00216644 0.00217965 0.00225706 0.00250957]
[0.00164605 0.00222265 0.00337402 0.00354307 0.00360096 0.00395828]
[0.00105838 0.0018752  0.00233303 0.00245238 0.00282763 0.00290406]
[0.00173259 0.00210935 0.00268183 0.00274862 0.00301071 0.00319459]
[0.00260427 0.00262423 0.00279405 0.00286925 0.0028892  0.00291772]
[0.00386537 0.00388044 0.00397541 0.00440596 0.00440838 0.00488654]
[0.001825   0.00301075 0.00312239 0.00318075 0.00333425 0.00335698]
[0.00196575 0.00202464 0.00258415 0.00341656 0.00360167 0.00372409]
[0.00302206 0.00310593 0.00311023 0.00313875 0.00327014 0.00328343]
[0.00124088 0.00207634 0.00248997 0.00259596 0.00280884 0.00315556]
[0.00164813 0.0033082  0.00357488 0.00358373 0.00375704 0.00397197]
[0.00165655 0.00283846 0.00328309 0.00365939 0.00371223 0.0039862 ]
[0.00223116 0.00324085 0.00422519 0.00458931 0.00459802 0.00476043]
[0.00114396 0.00141196 0.00272372 0.00300753 0.00306114 0.00367568]
[0.00065562 0.00204622 0.00232704 0.00253579 0.00258846 0.00272414]
[0.0019376  0.00213428 0.00295157 0.00304575 0.00322408 0.00341677]
[0.00172378 0.00194699 0.00286267 0.00293934 0.00307503 0.00333642]
[0.00099573 0.00163372 0.00168242 0.00209404 0.00218763 0.00244894]
[0.00119548 0.00176578 0.00207921 0.00210435 0.00233847 0.00245629]
[0.0031024  0.00352818 0.00372618 0.00385184 0.00396954 0.00399405]
[0.00158275 0.00213678 0.00221605 0.00263777 0.00288    0.00308807]
[0.00103106 0.00110216 0.00137312 0.0013953  0.00156812 0.00164714]
[0.00088085 0.00099071 0.00101907 0.00126363 0.00139007 0.00143044]
[0.00061631 0.00068122 0.00145602 0.00166539 0.00168633 0.00192738]
[0.00077627 0.00080448 0.00085019 0.00088046 0.00093727 0.0018075 ]
[0.00048531 0.00074328 0.0009406  0.00115477 0.00116478 0.00131386]
[0.00029609 0.00045235 0.00080105 0.00111962 0.00131032 0.00143785]
[0.00029789 0.00047996 0.00058811 0.00074059 0.00075051 0.00083216]
[0.00078707 0.00088797 0.00093275 0.0009643  0.00100678 0.00118598]
[0.00049119 0.00135915 0.00141922 0.00171648 0.00187339 0.00188441]
[0.00013095 0.00050662 0.00075562 0.00077665 0.0009891  0.00105803]
[0.00078395 0.00090884 0.00103715 0.00150084 0.00193675 0.00213901]
[0.00086414 0.0009162  0.00122629 0.00131875 0.00151959 0.00204613]
[0.00075675 0.00106964 0.00143103 0.00149944 0.00178081 0.00188174]
[0.00115331 0.00127131 0.00130487 0.00146795 0.0016295  0.00164092]
[0.00030437 0.00068544 0.00071119 0.00074964 0.00076412 0.00077808]
[0.00055369 0.00098385 0.0009977  0.00104686 0.00126622 0.00138368]
[0.00142168 0.00188439 0.00264319 0.00277892 0.0030949  0.00315462]
[0.00033749 0.00051903 0.00130549 0.00132526 0.00150044 0.00157758]
[0.00091243 0.00119938 0.00202593 0.00215363 0.00221472 0.00233952]
[0.00098944 0.00231441 0.0029287  0.00294239 0.00296803 0.00306744]
[0.00040437 0.00111016 0.00130497 0.00162394 0.00188956 0.00196829]
[0.00053076 0.00085387 0.00095568 0.00134893 0.00145258 0.00152727]
[0.00016885 0.00063432 0.00067638 0.00073311 0.00093693 0.00099648]
[0.00081788 0.00143808 0.00204191 0.00218813 0.00239066 0.00240069]
[0.00061936 0.00124115 0.00182877 0.001832   0.00195788 0.00211104]
[0.00113292 0.00154661 0.00216655 0.00296681 0.00340327 0.0035277 ]
[0.00050847 0.00062234 0.0008317  0.00140267 0.00142431 0.00251814]
[0.00135558 0.00173201 0.00210626 0.00212844 0.00233477 0.00250388]
[0.00035297 0.00076055 0.00090814 0.00095435 0.00126314 0.00136593]
[0.00074406 0.00134977 0.00145726 0.00168137 0.00178263 0.00186755]
[0.00049683 0.00157704 0.0022328  0.00241135 0.00261459 0.00262907]
[0.00084285 0.00134456 0.00157019 0.00162446 0.00202229 0.00205522]
[0.00074329 0.00096757 0.00130079 0.00137578 0.00179648 0.0019487 ]
[0.00078497 0.00136887 0.00209519 0.002567   0.00271651 0.00285112]
[0.00123643 0.00162423 0.00191569 0.00207915 0.00230418 0.00252104]
[0.0013145  0.0013601  0.00166462 0.00192455 0.00251942 0.00254532]
[0.000676   0.00162982 0.00204372 0.00215538 0.00243713 0.00250794]
[0.00169333 0.00191653 0.00225378 0.00271767 0.00277539 0.00286636]
[0.00121668 0.00127548 0.00139302 0.0017847  0.00193879 0.00198959]
[0.00075257 0.00120739 0.00161751 0.00199182 0.00215918 0.0022666 ]
[0.00261924 0.00266749 0.00322804 0.00336438 0.00354858 0.00399742]
[0.00160662 0.00174457 0.00351774 0.0041421  0.00434539 0.00505977]
[0.00067094 0.00227844 0.00315122 0.00317337 0.00321859 0.00334626]
[0.0015857  0.00219036 0.00255768 0.00289555 0.00291887 0.00296211]
[0.00198633 0.00205517 0.00224131 0.00234003 0.00275003 0.00281231]
[0.00114708 0.00118208 0.00165337 0.00284959 0.00349204 0.00380785]
[0.00170695 0.00250113 0.00264273 0.00295005 0.00299272 0.00312471]
[0.00141561 0.00182052 0.00329017 0.00332072 0.00368953 0.00392057]
[0.00096133 0.00175111 0.0020442  0.00243983 0.00264302 0.00273983]
[0.00085866 0.0017148  0.00214435 0.00238304 0.00264201 0.00272561]
[0.00067239 0.00213911 0.00240319 0.00256462 0.00322299 0.00336467]
[0.0006078  0.00187054 0.0022615  0.00232695 0.00246257 0.00256001]
[0.00116193 0.00164726 0.00220854 0.00225794 0.0026209  0.00263701]
[0.00084286 0.00109418 0.00151921 0.00158869 0.00168823 0.00187494]
[0.00142005 0.00156509 0.00165335 0.0017579  0.00193225 0.00194848]
[0.00035886 0.00107028 0.00157115 0.00176211 0.00183215 0.00185886]
[0.00058634 0.00083838 0.00090681 0.00173027 0.00195681 0.00205808]
[0.0015076  0.00161968 0.00174785 0.00205622 0.00213382 0.00252548]
[0.00083406 0.00089823 0.0022642  0.00226615 0.00252812 0.00271011]
[0.00085957 0.00139871 0.00188966 0.00204454 0.00222833 0.00269858]
[0.00124066 0.00129797 0.00146642 0.00221003 0.00318761 0.00332977]
[0.00094457 0.0013814  0.00160399 0.00172453 0.00184988 0.002712  ]
[0.00120432 0.00172938 0.00215449 0.00259125 0.00265948 0.00288026]
[0.00059573 0.00129496 0.00149215 0.0015368  0.00167211 0.00171638]
[0.00072229 0.0008712  0.00124143 0.00136542 0.00144278 0.00153858]
[0.00121704 0.00136299 0.00156955 0.00202808 0.00213422 0.00218419]
[0.00176696 0.00236018 0.00249109 0.0028048  0.00298764 0.00305029]
[0.00135515 0.00151926 0.00241344 0.00302096 0.00305305 0.00327351]
[0.00077142 0.00097347 0.00129007 0.00269788 0.00296522 0.00303601]
[0.00164766 0.00234103 0.00237755 0.00239797 0.0034343  0.00386753]
[0.00075097 0.00145049 0.00151494 0.00173563 0.00183687 0.00194115]
[0.00027585 0.00107663 0.00119878 0.00214969 0.00219441 0.00248401]
[0.00112983 0.00207489 0.00215982 0.00246818 0.00254487 0.00257715]
[0.00144643 0.00178521 0.00191423 0.00208041 0.00215355 0.00217673]
[0.00096597 0.00156262 0.00172408 0.00184331 0.00194565 0.00298733]
[0.0023471  0.00317758 0.0035935  0.00359837 0.00389015 0.00419788]
[0.00109607 0.00141116 0.00181845 0.00182954 0.00200651 0.00202618]
[0.00108553 0.00115652 0.00118676 0.00199797 0.00216575 0.00246163]
[0.00099977 0.00150555 0.0016658  0.0028855  0.00307987 0.00332071]
[0.00188123 0.00298491 0.0031132  0.00318342 0.00323115 0.00334505]
[0.00235757 0.00298692 0.00370757 0.00403414 0.00417342 0.0046028 ]
[0.00240656 0.00354014 0.00385673 0.00386092 0.00399844 0.00402471]
[0.00230148 0.00513778 0.00529095 0.00630026 0.00721208 0.00723628]
[0.00351344 0.00494595 0.00527202 0.0053435  0.00623461 0.00631104]
[0.0020588  0.00231446 0.00261871 0.00341314 0.00346812 0.00378592]
[0.00134712 0.00201792 0.00201991 0.00225747 0.00292645 0.00297432]
[0.00301013 0.00325006 0.00411532 0.00467456 0.00482019 0.00503854]
[0.00290857 0.00311987 0.00335992 0.00345138 0.00356291 0.00394835]
[0.00450698 0.00496034 0.00511043 0.00559593 0.0056924  0.00573522]
[0.00156232 0.00265664 0.00271855 0.00286515 0.00413448 0.00495063]
[0.00305935 0.00454401 0.00466505 0.00487942 0.00533513 0.00537219]
[0.00100629 0.00117595 0.00265314 0.00299249 0.00383939 0.00389318]
[0.00185383 0.0020419  0.00298387 0.00333118 0.00337991 0.00369683]
[0.00333624 0.00354569 0.00404595 0.00418271 0.00462838 0.00464798]
[0.00112568 0.00283806 0.003597   0.00391191 0.00393748 0.00468721]
[0.00198671 0.00266313 0.00304463 0.00327412 0.00327925 0.00331344]
[0.00350307 0.00426161 0.004329   0.00444678 0.00540297 0.00559922]
[0.00039026 0.00241786 0.0024636  0.0029317  0.00365155 0.00389202]
[0.00029778 0.00283121 0.00291712 0.00299117 0.00407699 0.00437739]
[0.00070002 0.00120983 0.00208296 0.00306159 0.00326722 0.00338769]
[0.00207015 0.00215007 0.00332988 0.00347287 0.00350263 0.00352721]
[0.0019078  0.0021451  0.00216696 0.00307259 0.00366991 0.00429155]
[0.00244995 0.00314791 0.00321669 0.00338635 0.00378367 0.00396521]
[0.00148753 0.00266527 0.00317549 0.00387717 0.0039897  0.00423304]
[0.00243087 0.00325999 0.00343083 0.00359133 0.0039258  0.00410604]
[0.00154844 0.0019002  0.00231207 0.00260752 0.00346752 0.00376635]
[0.00105445 0.00390799 0.00404463 0.00404603 0.00422387 0.00428001]
None
[0.00303576 0.00347018 0.00373829 0.00391679 0.00415948 0.00428071]
[0.00178187 0.00192819 0.00329875 0.00344278 0.00396243 0.00409726]
[0.00024978 0.00042507 0.00049791 0.00064182 0.00077983 0.00169785]
[0.004739   0.00520907 0.00589291 0.00607209 0.00688484 0.00696662]
[0.00229824 0.00314453 0.00341095 0.0043084  0.00432675 0.00462059]
[0.00203765 0.00241303 0.00292215 0.00450664 0.0045214  0.00462374]
[0.00072023 0.00279358 0.00370017 0.00382609 0.0041521  0.0046002 ]
[0.00249655 0.00277584 0.00344112 0.00416972 0.00434445 0.0043616 ]
[0.00180814 0.00319012 0.00375125 0.00380599 0.00523982 0.00533095]
[0.00300723 0.0034472  0.00357961 0.00441628 0.00501765 0.00507332]
[0.0020028  0.00359664 0.00377237 0.00443989 0.00466708 0.00509033]
[0.00450293 0.00452542 0.00491871 0.00495359 0.00546037 0.00549353]
[0.00263932 0.00328975 0.00341383 0.00399834 0.00469254 0.0047729 ]
[0.00339932 0.00432214 0.00520902 0.00541159 0.00566462 0.00595814]
[0.00272662 0.00283151 0.00310131 0.00457278 0.00509085 0.00513631]
[0.00216254 0.0024155  0.00254448 0.00402953 0.00427617 0.00445157]
[0.00462082 0.00568429 0.00642942 0.00651395 0.00667239 0.00667375]
[0.00460875 0.00463234 0.00481229 0.00522817 0.0052726  0.00531763]
[0.00277649 0.00346267 0.00396542 0.00434813 0.00506742 0.00509681]
[0.00112007 0.00314118 0.0031495  0.00340766 0.00365031 0.00447339]
[0.00133196 0.00223878 0.00260817 0.00326827 0.00365734 0.00375816]
[0.0014823  0.00299203 0.00465996 0.00473219 0.00491818 0.00513896]
[0.00213264 0.00322847 0.0034607  0.00392023 0.00444523 0.00508775]
[0.00213681 0.00308261 0.00325123 0.00361806 0.00366319 0.00412644]
[0.00341078 0.00370642 0.0037396  0.00381708 0.00446302 0.0049738 ]
[0.0013915  0.00198988 0.00297512 0.00308777 0.00354294 0.00375585]
[0.00134886 0.00288018 0.00288568 0.00366827 0.00367417 0.00399437]
[0.00155515 0.00198245 0.00208025 0.00217534 0.00299807 0.00390767]
[0.00090403 0.00146944 0.00305933 0.00347462 0.0037981  0.00531785]
[0.00134338 0.00265905 0.00320375 0.00390131 0.00404164 0.00430405]
[0.0040061  0.00475979 0.00478712 0.00522052 0.00546906 0.00564087]
[0.00117399 0.00139873 0.0027855  0.0036847  0.0041888  0.00439826]
[0.00144386 0.00209068 0.00220409 0.00247473 0.00269946 0.00296127]
[0.00252164 0.00323324 0.00368025 0.0043112  0.00433552 0.00450417]
[0.00275394 0.00285342 0.00377378 0.00381008 0.00428591 0.0044248 ]
[0.00423595 0.00456234 0.00517982 0.0059465  0.00602054 0.00619587]
[0.00312915 0.00430038 0.00443847 0.00505016 0.00537205 0.00570463]
[0.0049651  0.00502348 0.00551332 0.00557329 0.00614526 0.00639656]
[0.00289896 0.00306094 0.00421299 0.00424776 0.00544295 0.005452  ]
[0.00194913 0.00221303 0.00257464 0.00287078 0.00296785 0.00311071]
[0.00208669 0.00313435 0.00414747 0.00462997 0.00486629 0.005237  ]
[0.00418352 0.00426959 0.00428485 0.00435907 0.00439872 0.0044201 ]
[0.00238698 0.00448412 0.00463344 0.00631281 0.00669881 0.00678214]
[0.00380525 0.00406986 0.00445999 0.00497329 0.00534239 0.00543712]
[0.00331933 0.00455005 0.00508748 0.0054769  0.00555959 0.00560047]
[0.00340714 0.00538476 0.00570953 0.0058159  0.0058518  0.00596493]
[0.00152687 0.00220978 0.0022311  0.00251357 0.0035711  0.003934  ]
[0.00280053 0.00337951 0.00448213 0.00467347 0.00495295 0.00507138]
[0.00249227 0.00315852 0.00374619 0.00389443 0.00438719 0.00473657]
[0.00217137 0.00226209 0.0040478  0.00424393 0.00486724 0.00488288]
[0.00299552 0.00340916 0.00389119 0.00401477 0.00412015 0.00428243]
[0.00343581 0.00391681 0.0052271  0.00619784 0.00633887 0.00676663]
[0.00423402 0.00428615 0.00437414 0.00467331 0.00497431 0.00512192]
[0.0020224  0.00294558 0.00317998 0.00393841 0.00415171 0.00422378]
[0.00276322 0.003559   0.00370802 0.00372222 0.00376363 0.00403245]
[0.00367893 0.00375186 0.00389469 0.00486302 0.00514224 0.00597008]
[0.00537363 0.00577499 0.0058704  0.00603046 0.00630677 0.00672681]
[0.0030888  0.00443513 0.00492336 0.00538461 0.00576257 0.00620423]
[0.00486511 0.00528071 0.00562389 0.00578122 0.00622376 0.00622591]
[0.00301965 0.0032118  0.00323983 0.00534854 0.0054564  0.00557396]
[0.00188654 0.00243857 0.00273981 0.00328607 0.00352857 0.00433066]
[0.00422057 0.0045941  0.00471061 0.00565703 0.00581149 0.00598698]
[0.00060405 0.00159116 0.00201649 0.00202031 0.00247659 0.00283863]
[0.00261514 0.00280365 0.00301761 0.00324003 0.00349404 0.0035281 ]
[0.0048867  0.0059339  0.00602361 0.00614593 0.00621059 0.00626547]
[0.00193655 0.00264205 0.00268901 0.00361637 0.00384151 0.00532886]
[0.00171364 0.00199583 0.00337491 0.00376604 0.00401144 0.0048659 ]
[0.00069391 0.00158818 0.00198654 0.00204469 0.00242008 0.00249823]
[0.00129383 0.00399924 0.0041218  0.00430114 0.00434501 0.00503654]
[0.00225706 0.00305025 0.00391799 0.00429475 0.00448989 0.00462113]
[0.00257427 0.00271714 0.00375416 0.00411713 0.00441785 0.00459003]
[0.00097548 0.00274098 0.00325616 0.00343254 0.00351637 0.00354939]
[0.00158427 0.00264179 0.00299535 0.00331854 0.0037671  0.00395801]
[0.00220437 0.0022768  0.00250986 0.00251463 0.002789   0.00382925]
[0.00078561 0.00142545 0.00232059 0.00291703 0.00314903 0.00354953]
[0.00324144 0.00365012 0.00402712 0.00441736 0.0048475  0.00525877]
[0.00068551 0.00231249 0.002868   0.0035576  0.00357492 0.00376339]
[0.00074456 0.00306543 0.00320191 0.0038041  0.00431673 0.00448364]
[0.00347311 0.00393089 0.00410144 0.00513802 0.005301   0.00548042]
[0.00242725 0.00253511 0.00273547 0.00318497 0.00361042 0.00393996]
[0.00316092 0.00318868 0.00400719 0.00404763 0.00438032 0.00455435]
[0.00162531 0.00273249 0.00341363 0.00353368 0.00362799 0.00389304]
[0.00174966 0.00266837 0.00371022 0.0039149  0.00468091 0.00477075]
[0.00228924 0.00437286 0.00463173 0.004808   0.00534948 0.00539336]
[0.00336249 0.00369847 0.00400723 0.00402491 0.00535063 0.00564225]
[0.0040032  0.00447863 0.00486226 0.00505468 0.00526955 0.00537417]
[0.00426074 0.00430819 0.00609138 0.00695476 0.00696904 0.00709979]
[0.00417186 0.00428343 0.00439826 0.00477134 0.00516981 0.00528301]
[0.00202522 0.00248438 0.00260721 0.00297738 0.00303978 0.00312087]
[0.00169308 0.00344599 0.0042116  0.00425655 0.00502643 0.00523924]
[0.00277341 0.00283007 0.00332214 0.00343837 0.00346898 0.00366647]
[0.00296381 0.0032035  0.00377132 0.00427121 0.00434309 0.00475465]
[0.00132867 0.00174573 0.00203825 0.00204517 0.00232836 0.00236151]
[0.00161887 0.00265876 0.00313231 0.00367882 0.00423165 0.00430837]
[0.00171237 0.00260376 0.00297723 0.00364814 0.00409842 0.00421699]
[0.00204107 0.00236116 0.00242741 0.00277477 0.00318802 0.00320299]
[0.00346743 0.00347034 0.0036707  0.00424514 0.00509596 0.00515211]
[0.00307076 0.00359021 0.00365639 0.00373026 0.00437375 0.00438104]
[0.00120815 0.00276391 0.00291795 0.00296405 0.00350563 0.00388425]
[0.0021588  0.00347379 0.0035513  0.00423205 0.00458015 0.0047224 ]
[0.00077185 0.00088391 0.00188183 0.0019316  0.00298829 0.00369739]
[0.00119056 0.00287108 0.00321958 0.00418434 0.00494807 0.00495173]
[0.001409   0.00197249 0.00210343 0.00228    0.00242067 0.00244013]
[0.00186857 0.00276697 0.00284831 0.00423071 0.00429153 0.00438504]
[0.00275084 0.00283429 0.00297225 0.00332157 0.00361679 0.00368988]
[0.00208916 0.00229162 0.00265895 0.00283671 0.00318342 0.00338186]
[0.00212275 0.00224782 0.00266341 0.00270011 0.00288672 0.00325422]
[0.00071831 0.00277923 0.00342271 0.00487756 0.00555746 0.00562314]
[0.00298995 0.00304658 0.00320283 0.00375374 0.00393117 0.0040071 ]
[0.00132587 0.00167205 0.00168375 0.00203465 0.00209909 0.00216927]
[0.0015435  0.0018392  0.00279502 0.00356372 0.00379007 0.00382951]
[0.00298018 0.00354139 0.00361099 0.00405115 0.00418741 0.00424424]
[0.00289134 0.00412556 0.00494984 0.00505379 0.00537671 0.00553686]
[0.00053987 0.00285028 0.00312462 0.00332973 0.00406643 0.00497167]
[0.00175224 0.00291284 0.00343993 0.00385477 0.00395274 0.00397855]
[0.00251999 0.00315624 0.00386384 0.00387813 0.00408445 0.00417429]
[0.00246252 0.00268482 0.00277461 0.00381559 0.00388662 0.0044894 ]
[0.00311108 0.00325137 0.00337154 0.00386938 0.00464871 0.00477465]
[0.00379524 0.0040565  0.00485875 0.00511797 0.00515267 0.00541985]
[0.00293723 0.00450426 0.00503458 0.00570354 0.00599598 0.00601852]
[0.00179478 0.00378646 0.00390728 0.00410178 0.00422292 0.00462166]
[0.00115434 0.00135386 0.00210729 0.00228467 0.00278938 0.00296489]
[0.00268379 0.00269132 0.0029708  0.00339392 0.00417097 0.00431607]
[0.00291107 0.00331609 0.00362169 0.00382269 0.0039589  0.00411759]
[0.00085675 0.00362645 0.00441159 0.00550192 0.00550483 0.00556054]
[0.00149889 0.0033259  0.0035581  0.00449459 0.00470212 0.00505882]
[0.00549513 0.00556132 0.00612036 0.00625222 0.00653421 0.00679296]
[0.00127657 0.0019098  0.00406604 0.00448814 0.00470415 0.00472554]
