[0.00536627 0.00661081 0.00757203 0.00763048 0.00841005 0.00947969]
[0.00462975 0.00761048 0.00812621 0.00960546 0.01103045 0.01105487]
[0.00816454 0.00822466 0.00828278 0.00924195 0.01225568 0.01297001]
[0.00719749 0.0106906  0.01129037 0.01225544 0.01290389 0.01301685]
[0.00531397 0.00595952 0.00658556 0.00667214 0.00754618 0.0081796 ]
[0.00525377 0.00831026 0.00831838 0.00976372 0.01018837 0.01161135]
[0.00750306 0.00878328 0.01227914 0.01351574 0.01352203 0.01357795]
[0.00149276 0.0078114  0.00900582 0.01016361 0.01138659 0.01305385]
[0.00186837 0.01153249 0.01163946 0.0116671  0.01234904 0.01320066]
[0.00470665 0.00614026 0.00956656 0.00998701 0.01009272 0.01021029]
[0.00812341 0.00953055 0.01104938 0.01135284 0.0120307  0.01294963]
[0.00427235 0.0046032  0.00764694 0.00767787 0.00777573 0.00822924]
[0.00907223 0.00960998 0.01066123 0.01132857 0.01377609 0.01501701]
[0.00657669 0.01024676 0.01040477 0.01082535 0.01163952 0.0120766 ]
[0.00527377 0.01005072 0.01037971 0.01344245 0.01626553 0.01644239]
[0.00090108 0.01225189 0.01318863 0.01499135 0.01585714 0.01667457]
[0.00232511 0.0027039  0.00896514 0.00904189 0.00931058 0.00974033]
[0.00631431 0.01221506 0.01365681 0.01379669 0.01457075 0.0145744 ]
[0.00169047 0.00513933 0.00529207 0.00874914 0.0107183  0.01076325]
[0.00131061 0.00644477 0.00847774 0.01103999 0.01190929 0.01209533]
[0.00207492 0.00247684 0.00249252 0.00598979 0.00798394 0.01052947]
[0.00420182 0.00564755 0.00871211 0.01079791 0.01223399 0.01224154]
[0.01268627 0.01318982 0.01330311 0.01404567 0.01539369 0.01664715]
[0.00133682 0.00568349 0.00625885 0.01089127 0.01323908 0.01327408]
[0.00087709 0.00424901 0.0053366  0.00753937 0.00771049 0.00889772]
[0.00019545 0.0051999  0.00559839 0.00636602 0.00905963 0.01272922]
[0.00080207 0.00445561 0.00847107 0.00850631 0.00900312 0.01300486]
[0.00394919 0.00513327 0.00803692 0.0087705  0.01163766 0.01291436]
[0.0076901  0.0077692  0.00864651 0.00921613 0.01077011 0.01116741]
[0.00505176 0.01088108 0.0114112  0.01151086 0.01182553 0.01201669]
[0.00402361 0.00900643 0.00996817 0.01114167 0.01128851 0.01159365]
[0.00717451 0.00727314 0.00775037 0.00885064 0.00955857 0.01018031]
[0.00298866 0.00414239 0.00535061 0.00558428 0.00725061 0.00747265]
[0.00540687 0.0056699  0.00816699 0.00827013 0.00875149 0.00891634]
[0.00754465 0.0075966  0.00794073 0.00807477 0.00839872 0.00904193]
[0.00631453 0.00713074 0.00758685 0.00767005 0.009061   0.00929378]
[0.0033314  0.00695483 0.00705044 0.00732209 0.00745835 0.00798502]
[0.00498702 0.00620932 0.00710169 0.00821095 0.00916079 0.01009117]
[0.00599153 0.00605551 0.00666473 0.00676921 0.00843442 0.00916446]
[0.00297915 0.00613477 0.00676256 0.00721797 0.00733454 0.00741884]
[0.00317066 0.00561289 0.00706471 0.00890765 0.00903035 0.01007789]
[0.00238533 0.0060367  0.00730814 0.00732049 0.00738366 0.007912  ]
[0.00488298 0.0065482  0.00701355 0.00831848 0.00842092 0.0088988 ]
[0.00340518 0.00543714 0.00763438 0.00789446 0.0082191  0.00897862]
[0.00166678 0.00224408 0.00424923 0.00487579 0.00615385 0.0070376 ]
[0.00277106 0.00460256 0.00482906 0.00619282 0.00726107 0.00740662]
[0.00209698 0.00269219 0.00432751 0.00446585 0.00512495 0.00600008]
[0.00559583 0.00638131 0.00672603 0.00752351 0.00832819 0.00874185]
[0.00415631 0.00632492 0.0074433  0.00870027 0.00875963 0.00903105]
[0.00107487 0.00824049 0.00907099 0.00919048 0.01008315 0.01024205]
[0.00219442 0.00336789 0.0049774  0.00614989 0.00644666 0.00647656]
[0.00173152 0.00236968 0.00317931 0.00419314 0.00476428 0.00500834]
[0.00350888 0.00547632 0.00551894 0.00647999 0.00671773 0.00674537]
[0.00375325 0.00389955 0.00553859 0.00622179 0.00689649 0.00707645]
[0.00534584 0.00657837 0.00744891 0.00934517 0.01018781 0.0102674 ]
[0.00546829 0.00821153 0.00855287 0.0100788  0.01045699 0.01107721]
[0.00489204 0.00667695 0.00688753 0.00823543 0.00835545 0.00854433]
[0.00240188 0.00240636 0.00462406 0.00901644 0.00960635 0.00972214]
[0.0016689  0.00408107 0.00556791 0.00594263 0.00630638 0.00654787]
[0.00338862 0.00437505 0.00492155 0.00562403 0.00570196 0.00623597]
[0.00326182 0.0037355  0.00407695 0.00500511 0.00511281 0.00549466]
[0.00295614 0.0032752  0.00502199 0.00506139 0.00726264 0.00826155]
[0.00315636 0.00365877 0.00407324 0.00492738 0.00664074 0.00753346]
[0.00356768 0.00457312 0.00652236 0.00671746 0.00746341 0.00827253]
[0.00220763 0.00412869 0.00547206 0.00555949 0.00581131 0.00632324]
[0.00454449 0.00549927 0.0064078  0.00654189 0.00695095 0.00744296]
[0.00495336 0.00498825 0.00670192 0.00747362 0.0082113  0.00925042]
[0.0032284  0.00534977 0.00806799 0.00828535 0.0088598  0.00938242]
[0.00176797 0.00304964 0.00489104 0.00599948 0.00622608 0.00671522]
[0.00404197 0.00608138 0.00737311 0.00770663 0.00874909 0.01000547]
[0.00198703 0.00353434 0.00502082 0.00511744 0.00557766 0.00597834]
[0.00387997 0.00483386 0.00561001 0.0059565  0.00749287 0.00818672]
[0.00299548 0.00759772 0.00772413 0.00790821 0.00803464 0.00841619]
[0.00360282 0.00479922 0.00544677 0.00616459 0.00677132 0.00733028]
[0.00260293 0.00379157 0.00423203 0.00538071 0.00580692 0.00626848]
[0.00395522 0.00468467 0.00476384 0.00588541 0.00605249 0.00622681]
[0.00213378 0.00214583 0.00349138 0.00392931 0.00443922 0.00495041]
[0.00353365 0.00441881 0.00547792 0.00701923 0.00727094 0.00754671]
[0.00401303 0.00441861 0.00632242 0.00688125 0.00689523 0.00704796]
[0.00042684 0.001287   0.00243293 0.00287972 0.00329104 0.00463313]
[0.00085639 0.00164391 0.00164653 0.00248141 0.00249682 0.00257278]
[0.00049227 0.00378898 0.00402935 0.00404829 0.00405556 0.00447341]
[0.000365   0.00139699 0.00160502 0.00234609 0.00360139 0.00439068]
[0.00184486 0.00227726 0.00326576 0.00371035 0.00373217 0.00438065]
[0.00074843 0.00146072 0.00264883 0.00292191 0.00322403 0.00443595]
[0.00071893 0.0018476  0.00211901 0.00240678 0.00343196 0.00408955]
[0.000503   0.00144723 0.00272782 0.00303649 0.00308172 0.00446813]
[0.00241869 0.00405202 0.00411541 0.00471107 0.00478245 0.00515616]
[0.00113229 0.00181447 0.00263856 0.00266039 0.00304988 0.00333902]
[0.00166137 0.00194756 0.00353123 0.0037349  0.00381066 0.00382135]
[0.00159768 0.00250686 0.00297148 0.00306608 0.00402136 0.0047914 ]
[0.00408452 0.00420741 0.00507715 0.00551497 0.00555239 0.00581929]
[0.00044166 0.00284452 0.00284822 0.00324617 0.00348097 0.00360045]
[0.00042204 0.00172625 0.0032678  0.00336501 0.00415619 0.00483447]
[0.00157062 0.00381315 0.00388766 0.00423934 0.00468302 0.00513882]
[0.00256085 0.00306823 0.00361088 0.00409946 0.00423039 0.00479958]
[0.00130736 0.00257257 0.00265424 0.00448811 0.00467764 0.00508385]
[0.00138607 0.00264093 0.00386268 0.0048396  0.00487301 0.00534349]
[0.00129387 0.00300853 0.00369854 0.00380063 0.00437233 0.00438963]
[0.00278207 0.00439506 0.00450015 0.00484914 0.00515484 0.00582026]
[0.00256261 0.00295674 0.00325408 0.00493285 0.00507108 0.0051347 ]
[0.00470188 0.005442   0.0054756  0.00555542 0.00583494 0.00634963]
[0.00156745 0.00218375 0.00227727 0.0023466  0.00251808 0.00339109]
[0.00257734 0.00313436 0.00370059 0.00371383 0.00372795 0.00377162]
[0.00216181 0.00387633 0.00398538 0.0040371  0.00406251 0.00450317]
[0.0028237  0.00290862 0.0030863  0.00334176 0.00345552 0.00392824]
[0.00040449 0.00110384 0.00270993 0.00422578 0.00427041 0.00501789]
[0.00225327 0.00296698 0.00312496 0.00413137 0.00491046 0.00510835]
[0.00155284 0.00202912 0.0021055  0.00279024 0.00314002 0.00321744]
[0.00048446 0.00079069 0.00145845 0.00150553 0.0019039  0.00277531]
[0.00195188 0.00306687 0.00374193 0.0044992  0.00473157 0.00526654]
[0.00287185 0.00372605 0.00394956 0.00475901 0.0047655  0.00484887]
[0.00192683 0.002794   0.00428277 0.00495076 0.00500255 0.00512277]
[0.00080889 0.00245244 0.00269228 0.00280492 0.00334228 0.00383747]
[0.00326263 0.00357044 0.00361796 0.00401802 0.00457438 0.00460494]
[0.00236129 0.0059001  0.00598714 0.00683816 0.00685889 0.00756793]
[0.00145668 0.0021301  0.00350905 0.0040957  0.00409786 0.00413219]
[0.00055035 0.00221429 0.00226913 0.00396236 0.00431288 0.00457555]
[0.00148903 0.00318692 0.0034119  0.0036961  0.00371848 0.00404815]
[0.00331557 0.00348606 0.00362093 0.00362906 0.00399895 0.00482192]
[0.00200627 0.00240934 0.00328717 0.00390831 0.00436909 0.00443466]
[0.00176912 0.00211096 0.00248557 0.00270371 0.00273281 0.00322664]
[0.00041963 0.00382766 0.00410261 0.00464097 0.00469365 0.00476437]
[0.00298275 0.00420921 0.0044165  0.00459841 0.0049823  0.00538927]
[0.00064791 0.00284813 0.00295827 0.00329071 0.00421203 0.00437715]
[0.00184132 0.0032941  0.00464482 0.00496013 0.00504006 0.00578656]
[0.00248827 0.00352333 0.00403283 0.00550348 0.00551544 0.00619632]
[0.00146548 0.00225707 0.00251373 0.00412415 0.00443087 0.00454436]
[0.00136219 0.00246918 0.00268027 0.00323316 0.00331035 0.0037485 ]
[0.00078766 0.00242642 0.002756   0.00319979 0.00420378 0.00430812]
[0.00165925 0.00182553 0.00248464 0.00321735 0.00332958 0.0041763 ]
[0.00193401 0.00228755 0.00246298 0.0028641  0.00301765 0.00306355]
[0.00199863 0.00389821 0.00418855 0.00428132 0.00442289 0.00443338]
[0.00038723 0.00141738 0.00162632 0.0020659  0.00359744 0.00378552]
[0.00010753 0.00100445 0.00175877 0.00249428 0.00263623 0.0038294 ]
[0.00162076 0.00178745 0.00241925 0.00321279 0.00336857 0.00376329]
[0.00136358 0.00171148 0.00203506 0.00249726 0.00281894 0.0028419 ]
[0.00148294 0.00154735 0.002418   0.00246716 0.00295594 0.00301673]
[0.00222494 0.00260526 0.00287528 0.00297364 0.00302777 0.00311771]
[0.00040179 0.0024871  0.00327288 0.00350334 0.00352736 0.00436026]
[0.00203374 0.00223306 0.00237351 0.00265343 0.00268724 0.00398664]
[0.00170634 0.00232902 0.00358213 0.0038473  0.00399999 0.00410929]
[0.00207291 0.00335079 0.0033552  0.00438544 0.00522964 0.00540137]
[0.00212574 0.00402852 0.0049099  0.00498178 0.00499139 0.005028  ]
[0.00220736 0.00281609 0.0041086  0.00427353 0.0043118  0.00446705]
[0.00325905 0.00330793 0.00466682 0.00486045 0.00488852 0.00490434]
[0.00177366 0.00210756 0.00262684 0.00292809 0.00352615 0.00451656]
[0.00252577 0.00299034 0.00309692 0.00352159 0.00358191 0.00423929]
[0.0012207  0.0040908  0.00455481 0.00463133 0.00488729 0.00500853]
[0.00107182 0.00135857 0.00186287 0.00192923 0.00196246 0.00201299]
[0.00157099 0.00160779 0.00167963 0.00208637 0.0026178  0.00263916]
[0.00153937 0.00157571 0.00186612 0.00265908 0.00282671 0.0028766 ]
[0.00133381 0.00143378 0.00231143 0.00294553 0.00297151 0.00307375]
[0.00154232 0.00180618 0.0027111  0.00286749 0.00293836 0.00296097]
[0.00135928 0.00209692 0.00268712 0.00279161 0.00300904 0.00310532]
[0.00064529 0.00090678 0.00207178 0.00226751 0.00233004 0.00324977]
[0.00277148 0.00331579 0.00334435 0.00337478 0.00437019 0.00470089]
[0.00334029 0.00341178 0.00382501 0.00388322 0.0043282  0.00432978]
[0.00060243 0.00150077 0.00265892 0.00343349 0.00388019 0.00400353]
[0.00252209 0.00281508 0.00355014 0.00395947 0.00488394 0.00512095]
[0.00193663 0.00319573 0.00475269 0.005072   0.00508765 0.0052888 ]
[0.00141957 0.00240985 0.00273383 0.00275914 0.00383281 0.00416857]
[0.00309154 0.00336245 0.00384291 0.00386777 0.00409249 0.00431555]
[0.00204155 0.00205497 0.00205685 0.00353447 0.00480414 0.00508706]
[0.00120271 0.00298356 0.00361046 0.0039056  0.00396943 0.00424401]
[0.00127811 0.00260455 0.00355964 0.00368295 0.00372183 0.00385547]
[0.0012062  0.00239946 0.00243395 0.00292226 0.00364327 0.00365318]
[0.00308532 0.00328356 0.00345007 0.00400101 0.00410681 0.00427429]
[0.00285181 0.00313265 0.00411527 0.00441168 0.00467319 0.00468088]
[0.00178616 0.00235645 0.00434125 0.00449026 0.00530617 0.00535525]
[0.00498915 0.00500944 0.00536423 0.00591002 0.00593744 0.00673874]
[0.00205811 0.0021301  0.00276879 0.00495392 0.00523659 0.0054877 ]
[0.00063537 0.00188063 0.00226255 0.00367105 0.00424431 0.00454104]
[0.00283302 0.00368505 0.00420919 0.00447052 0.00456438 0.005652  ]
[0.00410739 0.00422303 0.0044429  0.00479768 0.00481157 0.00580755]
[0.00238503 0.00390064 0.00440382 0.0056717  0.00579427 0.00602539]
[0.00135711 0.00284653 0.00362572 0.00415755 0.00448441 0.00481952]
[0.00276456 0.00380949 0.00413571 0.00420384 0.00434838 0.00524376]
[0.00293138 0.00371666 0.00377624 0.00478665 0.00528668 0.00595961]
[0.00185694 0.00348878 0.00351366 0.00352564 0.00385572 0.00386638]
[0.00208061 0.00341706 0.00341923 0.00368253 0.00399833 0.00453809]
[0.00050702 0.00361683 0.00364924 0.00366617 0.00369836 0.00370679]
[0.00185019 0.0035971  0.00369639 0.00394477 0.00404024 0.00406847]
[0.00194367 0.00210126 0.00264965 0.00426139 0.00483579 0.00520347]
[0.00107498 0.00113149 0.00201298 0.00215575 0.00247307 0.00332547]
[0.0025031  0.00280383 0.00286329 0.00337247 0.0034323  0.00396032]
[0.00172745 0.00226107 0.0030522  0.00401856 0.00418787 0.00448427]
[0.00061037 0.00400018 0.00409166 0.00466387 0.00485558 0.00504012]
[0.00638441 0.00651282 0.00662469 0.00693975 0.00706574 0.00760616]
[0.0040347  0.00462671 0.00509325 0.00510293 0.00571852 0.0057411 ]
[0.0003034  0.00158704 0.00239143 0.00362532 0.00373297 0.00549853]
[0.00131776 0.00178101 0.00215377 0.00396646 0.00413533 0.00431648]
[0.00143541 0.00236472 0.00351478 0.00419414 0.00443429 0.0049244 ]
[0.00025862 0.00263661 0.00280545 0.00289802 0.00324083 0.0037315 ]
[0.0018852  0.00230402 0.0028014  0.00338176 0.00385783 0.00431317]
[0.0021022  0.00230476 0.00333963 0.00450714 0.00480051 0.00573289]
[0.00247345 0.00334201 0.00348113 0.00402381 0.00479041 0.00532461]
[0.00161754 0.00249821 0.00362938 0.00445863 0.00501333 0.0052846 ]
[0.00169839 0.0027784  0.003984   0.00441679 0.00472198 0.00531724]
[0.00163558 0.00242162 0.00264418 0.00568998 0.00586509 0.00593017]
[0.0002247  0.00113666 0.00217013 0.00245763 0.00361739 0.00412102]
[0.00350319 0.00359809 0.00424926 0.00514329 0.00529983 0.00553343]
[0.00119259 0.00253281 0.00270715 0.00340731 0.00385812 0.0043873 ]
[0.0026987  0.00450257 0.00510215 0.00644201 0.00722127 0.00730143]
[0.00270498 0.00390438 0.00424036 0.004971   0.00521033 0.00562583]
[0.00431056 0.00459211 0.0067217  0.00687441 0.00693285 0.00703173]
[0.00368158 0.00432146 0.00501736 0.00531032 0.00537111 0.00540926]
[0.00164817 0.00344797 0.00410965 0.00462103 0.00488842 0.00605059]
[0.0025855  0.00447028 0.0047565  0.00500784 0.00589324 0.0060438 ]
[0.00343535 0.00409982 0.00459547 0.00496151 0.00563347 0.0058546 ]
[0.00734928 0.00806322 0.00885327 0.00977033 0.01015834 0.01028911]
[0.00695235 0.00739623 0.00794838 0.00920804 0.01014014 0.01034705]
[0.00389776 0.00889142 0.01007174 0.01016528 0.01034841 0.01189582]
[0.00497057 0.00502264 0.00556927 0.00619821 0.00620612 0.00735808]
[0.00473434 0.00491115 0.00570819 0.0059962  0.00641226 0.00679107]
[0.0040132  0.00784327 0.00799932 0.00801928 0.00843447 0.0088337 ]
[0.00365379 0.00450976 0.00588917 0.00615744 0.00697077 0.00731566]
[0.00407604 0.00654411 0.00710126 0.00798359 0.01226167 0.01301956]
[0.0071391  0.00840355 0.00941556 0.0100925  0.01024604 0.01048052]
[0.00414239 0.00656136 0.00668186 0.00706905 0.0074412  0.008753  ]
[0.00679674 0.00838033 0.00860152 0.00947038 0.01025916 0.01031941]
[0.00355919 0.0045723  0.00477369 0.00660583 0.00667315 0.0082691 ]
[0.00352754 0.0045852  0.00658995 0.00677019 0.00915876 0.00977302]
[0.00379642 0.00481637 0.00535765 0.00760823 0.00780803 0.00789871]
[0.00686997 0.00768217 0.00907988 0.00913938 0.00997598 0.01025419]
[0.00876014 0.00915677 0.00948257 0.01008755 0.01022464 0.01063502]
[0.00795553 0.00909751 0.00926085 0.00931298 0.01006411 0.01011047]
[0.00626094 0.00687092 0.00737649 0.00797659 0.00901984 0.01008541]
[0.0034406  0.00445328 0.00609615 0.00623685 0.00639989 0.00655926]
[0.00104044 0.00376366 0.00707039 0.00723368 0.00735573 0.00748425]
[0.00450387 0.00525727 0.00529339 0.00793232 0.00846694 0.00906894]
[0.00159658 0.00506947 0.00584664 0.00663431 0.00766852 0.00787833]
[0.00338254 0.00471316 0.00502384 0.00594833 0.00657362 0.00672374]
[0.00285959 0.003147   0.00345229 0.00465166 0.00521669 0.00522262]
[0.00119341 0.00398245 0.00458923 0.00481615 0.0053008  0.00583455]
[0.00260651 0.00332017 0.00398281 0.00422566 0.00446463 0.00503745]
[0.00468228 0.00469487 0.00548686 0.00565661 0.00578692 0.00601446]
None
[0.00235062 0.00355647 0.00434126 0.00538107 0.0054256  0.00590636]
[0.00231294 0.00276994 0.00368773 0.00378821 0.00385436 0.00391626]
[0.00497707 0.0056807  0.00571724 0.00577725 0.00588051 0.00615179]
[0.00164564 0.00531308 0.00604362 0.00606913 0.00648779 0.0067191 ]
[0.00409032 0.00503616 0.00557795 0.00562654 0.00567241 0.00576382]
[0.00381268 0.00499111 0.00514416 0.00579331 0.0064921  0.0066198 ]
[0.00579634 0.00587871 0.00685997 0.00756832 0.0076117  0.00779165]
[0.00567313 0.006722   0.00700795 0.00795418 0.00892075 0.00924946]
[0.00433798 0.00479502 0.00661153 0.00688389 0.00807969 0.00808357]
[0.00388997 0.00541908 0.00775637 0.00790387 0.00888093 0.01000795]
[0.00628279 0.0071006  0.00734545 0.00753108 0.00763268 0.00842961]
[0.00366514 0.00414172 0.00653846 0.00676477 0.00714422 0.00717357]
[0.00582081 0.00685784 0.00795067 0.00879256 0.00910922 0.00961907]
[0.00524671 0.00789303 0.00793443 0.00847823 0.00941403 0.01019017]
[0.00455047 0.00644687 0.00873391 0.00935344 0.00954418 0.00998487]
[0.00453979 0.00455803 0.00632466 0.00672    0.00719534 0.00801455]
[0.00507462 0.006666   0.00726852 0.0088226  0.0088685  0.00920668]
[0.00462123 0.00524256 0.00662922 0.00672458 0.00697176 0.00704122]
[0.00464168 0.00542768 0.00658768 0.00687502 0.00759054 0.00770716]
[0.00374287 0.00521548 0.00564863 0.00616977 0.00622559 0.00635931]
[0.00542941 0.00659426 0.00715326 0.00725068 0.00815483 0.00852259]
[0.00486868 0.00674086 0.00681583 0.0074437  0.00779982 0.00815163]
[0.00465769 0.0067936  0.00776053 0.00790518 0.00816337 0.00931959]
[0.00263745 0.00527549 0.0059686  0.00599888 0.00705634 0.00705842]
[0.0071061  0.0077715  0.00905858 0.00943972 0.01007043 0.01067385]
[0.00510516 0.0058096  0.00675052 0.0077891  0.00804883 0.00813086]
[0.00522917 0.00534731 0.00585922 0.00586826 0.00634168 0.00635866]
[0.00136063 0.00647745 0.00672506 0.0072876  0.0073277  0.00735725]
[0.00345062 0.00380859 0.00492212 0.0051044  0.00595414 0.00598587]
[0.00537044 0.00628385 0.00631264 0.00661795 0.00671121 0.00719885]
[0.00164599 0.00491934 0.0061714  0.00631206 0.0064519  0.00649544]
[0.00370801 0.00567945 0.00621577 0.00643706 0.00688062 0.00880456]
[0.00302861 0.00424114 0.00512596 0.00630401 0.00639041 0.00675575]
[0.00386956 0.00543906 0.00557982 0.00572258 0.00668037 0.00668669]
[0.00463247 0.00612739 0.00653965 0.00702391 0.00746711 0.00751058]
[0.00217337 0.00311783 0.00335855 0.00362136 0.00370498 0.00598021]
[0.00372216 0.00401881 0.00515153 0.00586859 0.00603292 0.00633285]
[0.0037443  0.00475241 0.00551146 0.00599852 0.00603993 0.00678321]
[0.00506352 0.00558709 0.00699729 0.00770669 0.00774448 0.00964627]
[0.0031606  0.00506545 0.00555478 0.00612054 0.00613483 0.0075467 ]
[0.0021496  0.00411159 0.00468768 0.00519829 0.00551796 0.00621835]
[0.00473682 0.00610141 0.00626846 0.00644043 0.0067875  0.00724971]
[0.00617485 0.00707232 0.00770881 0.00815897 0.0097174  0.0102182 ]
[0.0072084  0.00750293 0.0076142  0.00785803 0.01037935 0.01063303]
[0.00319471 0.00546307 0.00718075 0.0083909  0.00886423 0.0091164 ]
[0.00449843 0.0047528  0.00560815 0.00597225 0.0069739  0.0094338 ]
[0.00414325 0.00521821 0.00558288 0.00692696 0.00720842 0.00724449]
[0.00424924 0.0048833  0.00715112 0.00745415 0.00754948 0.00772795]
[0.0048418  0.006664   0.00667105 0.00669812 0.00746314 0.00762067]
[0.00725976 0.00734981 0.00791437 0.00862114 0.00906526 0.00969224]
[0.00741731 0.00760275 0.00806508 0.00810718 0.00891174 0.00970116]
[0.00447129 0.00486434 0.00496266 0.00633904 0.00744529 0.00842354]
[0.00754553 0.00822189 0.00839954 0.00883499 0.00917507 0.01085033]
[0.00191424 0.00455714 0.00574143 0.00655025 0.00705827 0.00772335]
[0.00709093 0.00743352 0.0075213  0.00771156 0.00783565 0.00786822]
[0.00601367 0.00620873 0.00670204 0.00675771 0.00803432 0.00873062]
[0.00378264 0.00505918 0.00697113 0.00769592 0.00812051 0.00815743]
[0.00225829 0.00652722 0.00678853 0.00696516 0.00732428 0.00770268]
[0.00756971 0.01102392 0.0135213  0.01362329 0.01405553 0.0142366 ]
[0.00569072 0.0066715  0.00783791 0.00859874 0.00865107 0.00951341]
[0.00370597 0.00384413 0.00673008 0.00758943 0.00850279 0.00864207]
[0.00580121 0.0063296  0.00663445 0.00680019 0.00787187 0.0079817 ]
[0.00830119 0.00851964 0.00886913 0.00924267 0.00925151 0.00947949]
[0.00632199 0.00682451 0.0068717  0.00748044 0.00780134 0.00791616]
[0.00523268 0.00680129 0.00690478 0.00847899 0.00849108 0.01054001]
[0.00381806 0.00401169 0.00411429 0.00512515 0.00669124 0.00731857]
[0.00356097 0.00510517 0.00513729 0.00700623 0.0080987  0.00843999]
[0.00313416 0.00530046 0.00542127 0.00675158 0.00706453 0.00761432]
[0.00398211 0.00451231 0.00627147 0.00707847 0.00823932 0.00846179]
[0.00750924 0.00773879 0.00827566 0.0103565  0.01068468 0.01070678]
[0.00275913 0.00699302 0.00873128 0.0090675  0.01031811 0.01049135]
[0.00735844 0.00830761 0.00857235 0.00889147 0.00988725 0.01057497]
[0.00585468 0.0073441  0.00774758 0.00851446 0.00984288 0.01019674]
[0.00206548 0.00445126 0.00549968 0.00591427 0.00642324 0.00740476]
[0.00297549 0.00526526 0.00556431 0.00648714 0.00657713 0.00671188]
[0.00473564 0.00505882 0.00734317 0.00848627 0.00858726 0.00883781]
[0.0036325  0.00414483 0.00440101 0.00489427 0.00523204 0.00526223]
[0.0033943  0.00428718 0.00489434 0.00520668 0.00579358 0.00670822]
[0.00350968 0.00442987 0.00471691 0.00624887 0.00655818 0.00780277]
[0.00360685 0.00569443 0.00597392 0.00653132 0.00734863 0.00923938]
[0.00455619 0.00467645 0.00699054 0.00763708 0.00831894 0.00939133]
[0.00289217 0.00443    0.00451704 0.00514478 0.005678   0.00569033]
[0.00325914 0.00701316 0.00731614 0.00741863 0.00744338 0.00764668]
[0.00264458 0.00386679 0.00474061 0.0048111  0.00588431 0.00659411]
[0.00465746 0.00500658 0.00540684 0.00653225 0.00679656 0.0069686 ]
[0.0031721  0.00451401 0.00531477 0.00593581 0.00652344 0.00667797]
[0.0052016  0.00682327 0.00694721 0.00730158 0.00754864 0.0077131 ]
[0.00496738 0.00567298 0.00616504 0.00750637 0.00764811 0.00772271]
[0.00366151 0.00421991 0.00441125 0.00554005 0.00593933 0.00617111]
[0.00429711 0.00493305 0.0052553  0.00585389 0.00621056 0.00697513]
[0.00619038 0.0070733  0.00735883 0.00818559 0.00834693 0.00856391]
[0.0008739  0.00317779 0.00494051 0.00529477 0.0059236  0.00653675]
[0.00176497 0.00228444 0.00307476 0.00360933 0.00438007 0.00515345]
[0.00186718 0.00278543 0.00384562 0.00626204 0.00685072 0.0068642 ]
[0.0041348  0.0045644  0.0052547  0.00621873 0.00643315 0.00730311]
[0.00334298 0.00511874 0.00535777 0.00588848 0.00710104 0.0077899 ]
[0.00358717 0.00453944 0.00700754 0.00740081 0.00775095 0.0079279 ]
[0.00550992 0.00554595 0.00560517 0.00675384 0.00761984 0.00808896]
[0.00502212 0.00529063 0.00581972 0.0078867  0.00811472 0.0089627 ]
[0.00066919 0.00261901 0.00443492 0.00529444 0.00577884 0.00606999]
[0.00222505 0.00404546 0.00423624 0.00643938 0.006813   0.00706339]
[0.00250481 0.00332159 0.0040375  0.00446849 0.00540712 0.00569213]
[0.00341059 0.00452458 0.0045362  0.00519803 0.00581208 0.00688157]
[0.00153357 0.00265293 0.00356315 0.00421126 0.00488368 0.0055493 ]
[0.00332426 0.00383414 0.00436061 0.0051822  0.00556018 0.00557597]
[0.00664922 0.00675639 0.00688574 0.00692992 0.00758561 0.00760714]
[0.00345    0.00414962 0.00508767 0.00609128 0.00742258 0.0076653 ]
[0.00364003 0.00400005 0.00440469 0.00658787 0.00660326 0.00710282]
[0.00603366 0.00728142 0.00736454 0.00780433 0.00809227 0.00814768]
[0.00234075 0.00365396 0.0040037  0.00504245 0.00513268 0.00518177]
[0.00223206 0.00441972 0.00547895 0.00560168 0.00615819 0.0069393 ]
[0.00320788 0.00351299 0.00466423 0.00536899 0.00557909 0.00698595]
[0.00506146 0.00765055 0.00772232 0.0077292  0.00808332 0.00879104]
[0.00164081 0.0025376  0.00280264 0.00302782 0.00306195 0.00326228]
[0.00205216 0.0028668  0.00391407 0.00486859 0.00490732 0.00536263]
[0.00271779 0.00568231 0.00594981 0.00609823 0.00656486 0.0066388 ]
[0.00167145 0.00353418 0.004804   0.00530645 0.00565859 0.00622595]
[0.0024424  0.00331098 0.00337612 0.0040432  0.00553927 0.00576538]
[0.00319951 0.00509029 0.00644394 0.00664914 0.00680623 0.00683868]
[0.00377592 0.00576967 0.0080829  0.00843478 0.00930575 0.00938757]
[0.00280007 0.00352013 0.00567908 0.00611316 0.00615487 0.00623835]
[0.0013332  0.00199775 0.00306635 0.00316987 0.0032701  0.00329674]
[0.00309996 0.00432217 0.00489868 0.00629386 0.00635217 0.0064904 ]
[0.00171528 0.00246535 0.00356712 0.00455767 0.00460892 0.00483357]
[0.00484186 0.00523651 0.00542385 0.0067593  0.0072103  0.00735797]
[0.00170908 0.00499142 0.00508293 0.00524488 0.00589055 0.00649586]
[0.00546876 0.0064195  0.00744809 0.00756767 0.00851604 0.00908179]
[0.00281738 0.00509422 0.00678404 0.00693226 0.00758021 0.00778399]
