[0.00399616 0.00768944 0.007816   0.0091436  0.00977635 0.01270406]
[0.00527016 0.00611759 0.00813359 0.01499298 0.01508781 0.01569202]
[0.00471686 0.00983886 0.01301798 0.0133519  0.01565895 0.01615062]
[0.00518692 0.01006834 0.01133201 0.01215672 0.01357937 0.01447554]
[0.00786969 0.00823336 0.00857146 0.00880206 0.00985151 0.01024224]
[0.00957942 0.0106345  0.01176253 0.01209507 0.01266332 0.01300048]
[0.01199301 0.01354472 0.01411629 0.01427422 0.01456977 0.01537681]
[0.00458231 0.01524733 0.0165583  0.01697882 0.01912854 0.01928145]
[0.0076042  0.00972818 0.01221714 0.01359741 0.01384402 0.01498751]
[0.0119032  0.01207441 0.01437215 0.01548239 0.01740025 0.0191113 ]
[0.00770729 0.00973798 0.01010955 0.01300144 0.01308598 0.01317035]
[0.00572987 0.00613762 0.00620457 0.00916941 0.01012575 0.01100893]
[0.00326825 0.01044625 0.01047661 0.01067475 0.01129538 0.01134787]
[0.00380753 0.00705972 0.00753555 0.00997464 0.01011181 0.01321127]
[0.01202751 0.01654175 0.0176267  0.01806953 0.02362249 0.02424443]
[0.00735735 0.00883892 0.01074987 0.01097244 0.01201374 0.01414724]
[0.0062194  0.00634461 0.00668444 0.0107237  0.01311534 0.01397586]
[0.01147933 0.01378559 0.01414159 0.01425538 0.01611401 0.01641942]
[0.00729734 0.00750793 0.00869857 0.00914361 0.00963453 0.00978225]
[0.00572768 0.00970497 0.01292851 0.01469021 0.01491288 0.01551374]
[0.0119645  0.01252157 0.0152652  0.01778034 0.01803697 0.01911091]
[0.01458869 0.01754504 0.01794553 0.0181052  0.01980869 0.02024413]
[0.00776321 0.00803531 0.01219254 0.01317108 0.01439652 0.01519719]
[0.00749362 0.01178934 0.01522243 0.01526847 0.01602178 0.01720678]
[0.00896604 0.00899082 0.01182678 0.01342321 0.01462351 0.01546669]
[0.00422737 0.00572965 0.00752323 0.01514729 0.01790864 0.01856414]
[0.00812254 0.0087971  0.00925859 0.01177319 0.01262417 0.01308504]
[0.00634798 0.00751573 0.00938618 0.01155963 0.01403651 0.01607926]
[0.00645851 0.0089083  0.00916763 0.01145863 0.01209185 0.01304435]
[0.00373551 0.00973269 0.0108589  0.01100494 0.01225518 0.01300768]
[0.00838275 0.00983235 0.0140238  0.0159266  0.01673265 0.01689305]
[0.0082058  0.01066091 0.01211028 0.01303926 0.01379362 0.01617844]
[0.00484678 0.00739329 0.00897701 0.01028801 0.01050086 0.01115692]
[0.00401878 0.0051777  0.0082612  0.00912748 0.01208935 0.01296922]
[0.0074938  0.00805373 0.00931595 0.01001116 0.01044904 0.01111277]
[0.00533919 0.00674889 0.00688738 0.00793979 0.00808179 0.00962491]
[0.00488707 0.00575053 0.00669996 0.00722598 0.00964347 0.01031882]
[0.00424837 0.00506349 0.00881657 0.0104214  0.01119976 0.01176088]
[0.00936178 0.00986647 0.01023407 0.01026461 0.01160857 0.01768305]
[0.00708265 0.00851032 0.0106016  0.01084739 0.01225153 0.01240662]
[0.00939289 0.00953877 0.0133125  0.01359572 0.01509426 0.0160686 ]
[0.0091679  0.00942419 0.01012896 0.01235244 0.01281899 0.013239  ]
[0.00636182 0.00694664 0.00704611 0.0091137  0.00934652 0.01295897]
[0.00582395 0.00730867 0.01005423 0.01077816 0.01209292 0.01245806]
[0.00524537 0.00661462 0.0066991  0.00948301 0.01350452 0.01373444]
[0.00542062 0.00783613 0.00841493 0.00986446 0.01076842 0.01096162]
[0.00351516 0.00481076 0.00540913 0.00576949 0.00989182 0.01131963]
[0.00394174 0.00687161 0.00717715 0.00818291 0.00983453 0.01134336]
[0.0082274  0.00947221 0.01163249 0.01325873 0.01410071 0.01516514]
[0.00586744 0.00726621 0.00996213 0.01216884 0.01247503 0.01357946]
[0.00827881 0.00949606 0.011363   0.01185648 0.01289399 0.01451001]
[0.01055624 0.01126428 0.01220526 0.01616088 0.0162391  0.01703431]
[0.00384157 0.00799571 0.00989223 0.01128534 0.01139022 0.01363788]
[0.00566753 0.00930271 0.01002425 0.01108433 0.01262294 0.01333321]
[0.00226419 0.00369997 0.00725463 0.00861297 0.00866601 0.00868404]
[0.00587157 0.00647043 0.0105374  0.01068744 0.01430516 0.01598958]
[0.0055672  0.00619429 0.00894563 0.0090878  0.01248942 0.01368935]
[0.01125318 0.01141427 0.01403944 0.01456577 0.01461586 0.01472441]
[0.01124405 0.01226376 0.01586098 0.01630823 0.01649161 0.01815373]
[0.00368489 0.00711974 0.01091246 0.01102554 0.01230659 0.01310362]
[0.00581799 0.0060393  0.00783676 0.01344724 0.01391732 0.01573557]
[0.00447794 0.00728864 0.00970164 0.01085275 0.01384738 0.01433243]
[0.00561337 0.00565969 0.01150399 0.0120679  0.013482   0.01542459]
[0.00708962 0.01230212 0.01312045 0.01391239 0.01505787 0.01560374]
[0.01058457 0.01164637 0.01482986 0.01708873 0.017353   0.01784784]
[0.00474385 0.0108044  0.01230587 0.01767382 0.01857277 0.01925503]
[0.00696674 0.00705164 0.01120824 0.01321881 0.01382684 0.01469293]
[0.00484473 0.010074   0.01104521 0.01118536 0.01241954 0.0146827 ]
[0.00744149 0.00874131 0.00949291 0.01295085 0.01440933 0.01615016]
[0.00614601 0.01033502 0.01267917 0.01334059 0.0136125  0.01383451]
[0.00866118 0.00984649 0.01084902 0.01107255 0.01206285 0.01427727]
[0.00619386 0.01022559 0.01076155 0.01511406 0.01589461 0.01632334]
[0.00904566 0.01095293 0.01128934 0.01159728 0.01213325 0.01348562]
[0.0031921  0.00569757 0.00945764 0.01017815 0.0124959  0.01375236]
[0.0042118  0.00703203 0.00805649 0.0098678  0.0101252  0.01080679]
[0.00783549 0.00865114 0.0088531  0.00994936 0.01026547 0.01216501]
[0.0037776  0.00487352 0.00626814 0.00786108 0.00965352 0.00994226]
[0.00500218 0.00552775 0.006673   0.00761861 0.00848913 0.00889211]
[0.00231052 0.00379576 0.00555006 0.0057551  0.00620414 0.00690472]
[0.00154429 0.00217759 0.00231536 0.00403362 0.00423223 0.00537129]
[0.00113609 0.00207587 0.00246274 0.00310234 0.00347724 0.00380457]
[0.00058457 0.00128961 0.00189474 0.00298155 0.00329613 0.00357021]
[0.00071343 0.00215562 0.00272116 0.00285882 0.00300391 0.00358561]
[0.00043831 0.00116698 0.00192836 0.00209889 0.00226803 0.00283188]
[0.00241558 0.00263166 0.00457785 0.00535112 0.0059423  0.00650325]
[0.00061963 0.00167908 0.00284704 0.00291418 0.00340103 0.00343913]
[0.0020123  0.00308723 0.00390798 0.00423513 0.00440284 0.00459101]
[0.00075989 0.00092397 0.00135196 0.00213415 0.00413994 0.00471444]
[0.00025359 0.00064353 0.0021127  0.00283066 0.00317701 0.00336912]
[0.00081568 0.00119442 0.00213958 0.00425883 0.00507965 0.00577995]
[0.0009574  0.00224758 0.00319871 0.00349778 0.00385744 0.00467634]
[0.00108239 0.00310847 0.00332624 0.0036511  0.00414259 0.00446232]
[0.003224   0.00405484 0.00438087 0.00467228 0.00485412 0.004914  ]
[0.00094684 0.00141782 0.00304021 0.00336662 0.00343994 0.00374421]
[0.00090647 0.00120489 0.00137224 0.00251625 0.00302247 0.00316578]
[0.0020929  0.00267815 0.00287337 0.00345958 0.00373255 0.00400171]
[0.0017086  0.00251159 0.00257536 0.00285495 0.00289398 0.00299422]
[0.00057572 0.00210235 0.00336971 0.00380717 0.00400066 0.00420083]
[0.00012847 0.00113722 0.0012439  0.00235413 0.00266138 0.00278986]
[0.00191349 0.0022237  0.00316745 0.00360005 0.00374474 0.00384038]
[0.00110128 0.00273944 0.0029936  0.00308356 0.00427035 0.00449605]
[0.00173081 0.00242197 0.00312649 0.00323532 0.00493195 0.0052233 ]
[0.00055096 0.00207427 0.0032109  0.00424956 0.00480888 0.00573222]
[0.00218141 0.00275826 0.00305015 0.0030914  0.0034018  0.00478478]
[0.00151091 0.00160932 0.00261876 0.00304351 0.00323767 0.00397022]
[0.0009008  0.00224903 0.00263689 0.00280821 0.00376856 0.00425884]
[0.00050878 0.00145578 0.00161162 0.00180223 0.00276226 0.00348472]
[0.00095693 0.00101984 0.00217775 0.00235944 0.00272804 0.00303035]
[0.00078944 0.00117017 0.00146922 0.00225191 0.00239968 0.00274894]
[0.0007363  0.00099929 0.00150926 0.00222246 0.00277113 0.00313778]
[0.0013802  0.00156417 0.00185936 0.00198101 0.00270341 0.0029111 ]
[0.0011212  0.00181684 0.00225562 0.00327272 0.00375686 0.00405075]
[0.00091591 0.0014349  0.001561   0.00221004 0.00272674 0.00416751]
[0.00159697 0.00282255 0.0032017  0.00369709 0.00398052 0.00460106]
[0.00142804 0.00243239 0.00354995 0.00395509 0.00438811 0.0050143 ]
[0.00072368 0.0025409  0.00290314 0.00420611 0.00441894 0.00522845]
[0.00104535 0.00116333 0.00118214 0.00149943 0.00291502 0.00352034]
[0.00067802 0.00104351 0.00166497 0.00289935 0.00340851 0.00381546]
[0.00259495 0.00312045 0.00323728 0.00479413 0.00518725 0.00568223]
[0.00176752 0.00271561 0.0032017  0.00388824 0.00464545 0.00520386]
[0.00195876 0.00230966 0.00288321 0.00345237 0.00375869 0.00405775]
[0.00220717 0.00251778 0.00362664 0.00377027 0.00419501 0.00499485]
[0.00225995 0.00306837 0.00335437 0.00520169 0.00556724 0.00578392]
[0.00277207 0.00420381 0.00431516 0.00462613 0.00525325 0.00536175]
[0.00108818 0.0018791  0.00238415 0.00263682 0.00276975 0.00331871]
[0.00206079 0.00252511 0.00301245 0.00479247 0.00570521 0.00588558]
[0.00205872 0.00327313 0.00366044 0.00478295 0.00538363 0.00587308]
[0.00269311 0.00397221 0.00471749 0.00540799 0.00552791 0.00598534]
[0.0015115  0.00292671 0.00350254 0.00376809 0.00466681 0.00512804]
[0.00279429 0.00299727 0.00370146 0.00392715 0.00503214 0.00589481]
[0.00131788 0.00258729 0.00325741 0.0034495  0.00377116 0.00405478]
[0.0005077  0.00124803 0.00165297 0.00175804 0.00212131 0.00274702]
[0.00238985 0.00316085 0.00333906 0.00415418 0.00424046 0.0047467 ]
[0.00231662 0.00296231 0.00381807 0.00454772 0.00469775 0.00493775]
[0.0021885  0.00306516 0.00373185 0.00404669 0.0048159  0.00582916]
[0.00274585 0.00340382 0.00354414 0.00376914 0.00558907 0.00593147]
[0.0037122  0.00432455 0.00479221 0.00532701 0.00545696 0.00559686]
[0.00193847 0.00246388 0.00306175 0.0041794  0.00434331 0.00449786]
[0.00202415 0.00238463 0.00291209 0.00398778 0.00483834 0.00487373]
[0.00234736 0.00289547 0.00495929 0.00638091 0.00648126 0.00688837]
[0.00267716 0.0037222  0.00567328 0.00585902 0.00645874 0.00654105]
[0.00359218 0.00460984 0.00818374 0.01116312 0.01150532 0.01207609]
[0.00138561 0.00268126 0.00380316 0.00549054 0.00657011 0.00670567]
[0.00139494 0.00300413 0.00309179 0.00622242 0.00644096 0.00732288]
[0.00230917 0.00241189 0.0027881  0.0033124  0.0047675  0.00493107]
[0.00217876 0.00226259 0.00294043 0.00328871 0.00368281 0.00394264]
[0.00288664 0.00309696 0.00351114 0.00440491 0.0045383  0.00681176]
[0.0032057  0.00359852 0.00371886 0.00390284 0.00512595 0.00543553]
[0.0034202  0.00439439 0.00451298 0.00705747 0.00795581 0.01049879]
[0.00238721 0.00384444 0.00622387 0.00633835 0.00688726 0.0071886 ]
[0.00085177 0.00106027 0.00338264 0.00428625 0.00480278 0.0053235 ]
[0.00330364 0.00337921 0.0039686  0.00461858 0.00467739 0.0058594 ]
[0.00254372 0.00391278 0.0047036  0.00504279 0.00523131 0.00539676]
[0.0031018  0.00368887 0.00462146 0.00482517 0.00554423 0.00645405]
[0.00201719 0.0020974  0.00262587 0.00366543 0.00424521 0.00447414]
[0.0018978  0.00279436 0.00285099 0.00309872 0.0039621  0.00411673]
[0.00350764 0.003589   0.00468442 0.00498115 0.00545636 0.00567583]
[0.00162915 0.00291673 0.00295677 0.00304953 0.00384674 0.00448038]
[0.00176261 0.00267745 0.00284124 0.00389893 0.00580945 0.00599331]
[0.00302389 0.00665598 0.00821251 0.0086722  0.01029956 0.01065994]
[0.00390286 0.00471243 0.00496234 0.00567898 0.00652051 0.00714802]
[0.003751   0.00549863 0.0069583  0.00724877 0.00768489 0.00828208]
[0.00274821 0.00288448 0.00440814 0.00463164 0.00489232 0.00607482]
[0.0064333  0.0067857  0.00712036 0.00753464 0.00899464 0.00917449]
[0.00234165 0.00388993 0.00629312 0.00664118 0.00855537 0.010608  ]
[0.00096722 0.00219971 0.00248517 0.00326008 0.00382449 0.00588517]
[0.00413255 0.0058923  0.00621633 0.00721338 0.0072934  0.0076523 ]
[0.00355452 0.00412892 0.00440532 0.00465774 0.00524227 0.00705593]
[0.00252057 0.00452252 0.00535837 0.00641597 0.00819028 0.00836742]
[0.00178425 0.00275604 0.00326814 0.00443101 0.00511198 0.00686118]
[0.0036329  0.00401155 0.00573277 0.00731266 0.0077488  0.00831329]
[0.00301564 0.00777619 0.00801841 0.00841674 0.0097427  0.01015526]
[0.00123808 0.00199929 0.0031068  0.00443082 0.00585005 0.00662   ]
[0.00298206 0.00429489 0.0044652  0.00552609 0.0059677  0.00648139]
[0.0051666  0.00534985 0.00559414 0.00585607 0.0064303  0.00675104]
[0.00313543 0.00439759 0.00505404 0.006849   0.00758906 0.00788434]
[0.00403857 0.00554398 0.00617267 0.00826381 0.00941698 0.00953294]
[0.00440665 0.00584911 0.00597239 0.00676496 0.00726006 0.00745465]
[0.00226838 0.00323747 0.00410306 0.00501767 0.00550888 0.00604159]
[0.00177831 0.00273718 0.00419749 0.00444015 0.00538603 0.00576393]
[0.00317853 0.00432548 0.0044205  0.00527899 0.00689172 0.0072075 ]
[0.00294711 0.00352739 0.00397725 0.00404492 0.00601731 0.00670475]
[0.00182198 0.00398165 0.00414227 0.0070923  0.00775405 0.00788788]
[0.00325429 0.00508038 0.00593694 0.00618932 0.00936094 0.0094094 ]
[0.00388556 0.0045632  0.00468912 0.00528651 0.00578063 0.00654502]
[0.0026608  0.0046255  0.0046604  0.00584661 0.00700786 0.00711069]
[0.00466337 0.00515548 0.00940695 0.00982402 0.01056563 0.01088627]
[0.00527028 0.00784083 0.00916161 0.0102559  0.01134607 0.01159529]
[0.00567649 0.00591283 0.00688392 0.00935788 0.01072907 0.0112945 ]
[0.00594491 0.00726499 0.00864598 0.00901552 0.01028096 0.01098561]
[0.00387116 0.00423598 0.00687389 0.00745898 0.00812588 0.0104514 ]
[0.0058976  0.00696913 0.00768646 0.00893235 0.00953758 0.0116214 ]
[0.00279635 0.00466521 0.00626705 0.00715226 0.00800938 0.01081829]
[0.00250988 0.00367752 0.00641375 0.00653357 0.00769635 0.00812457]
[0.00441592 0.00556827 0.00848857 0.00953197 0.0104173  0.01088116]
[0.00224425 0.00555779 0.00602887 0.00752028 0.00762426 0.00957964]
[0.00295817 0.00489937 0.00539704 0.00868858 0.00964347 0.01013368]
[0.00416812 0.00624469 0.00644939 0.00672387 0.00729691 0.00770458]
[0.00664523 0.0089411  0.00927122 0.0094119  0.01001418 0.01055196]
[0.00278272 0.0039109  0.00438643 0.0065705  0.00704995 0.00814177]
[0.00266483 0.0050799  0.00520293 0.00573212 0.006212   0.00691256]
[0.00541095 0.00543983 0.00566182 0.00611651 0.00632638 0.00910322]
[0.00171316 0.00364136 0.00569372 0.00759513 0.00841331 0.00844472]
[0.00519644 0.00603677 0.00716704 0.00754328 0.00817533 0.00890094]
[0.00407566 0.00511063 0.00655631 0.00673981 0.00715247 0.00728926]
[0.00236878 0.00310728 0.00349882 0.00535743 0.00657841 0.00681931]
[0.00337907 0.004359   0.00505051 0.00591767 0.00648803 0.00694406]
[0.00387362 0.00508131 0.00529677 0.00702817 0.00732402 0.00758887]
[0.00164849 0.00388052 0.00464323 0.00603444 0.00622375 0.00748819]
[0.00567318 0.00670667 0.00686685 0.00747645 0.0092015  0.00990915]
[0.0141616  0.01651823 0.01756623 0.01762025 0.01789371 0.02564772]
[0.01107617 0.0186727  0.01893567 0.02005462 0.02011029 0.02096841]
[0.01474726 0.01488818 0.01785042 0.02360954 0.02423272 0.02764872]
[0.01957535 0.02314224 0.02450629 0.02656123 0.0285897  0.02897213]
[0.00740404 0.0087825  0.0160521  0.01699172 0.01841818 0.01859306]
[0.00919892 0.01213663 0.01340873 0.01565338 0.01753724 0.01906368]
[0.01145547 0.01238484 0.01792842 0.01830586 0.02037834 0.02085403]
[0.00714551 0.01367171 0.01494736 0.01610013 0.018853   0.01940903]
[0.01361898 0.01712771 0.01941559 0.02105678 0.02197987 0.02208605]
[0.00954572 0.01462869 0.01672779 0.02046871 0.02081368 0.02395022]
[0.00730137 0.01193786 0.01397279 0.01459525 0.0157345  0.01726562]
[0.01930496 0.01988304 0.02165582 0.02367504 0.02425617 0.02427492]
[0.00761766 0.01022495 0.01098893 0.01945494 0.01975887 0.02184469]
[0.00471317 0.00911932 0.01431827 0.01638732 0.01742756 0.01767761]
[0.01116878 0.01280867 0.01756268 0.01833032 0.01991457 0.02327409]
[0.00959935 0.01979772 0.02089723 0.0222382  0.02331099 0.02395384]
[0.00917991 0.01165497 0.01846523 0.02180696 0.0235684  0.02393035]
[0.01365503 0.01426058 0.01663104 0.019858   0.02506341 0.02555538]
[0.01085375 0.01453371 0.01506861 0.01601259 0.01844281 0.01946502]
[0.01045032 0.01207835 0.01316665 0.01384495 0.0163593  0.01683124]
[0.01029964 0.0132116  0.01463896 0.01610934 0.01727648 0.0182496 ]
[0.00816763 0.01463575 0.01533525 0.01542996 0.01749062 0.01765262]
[0.00558154 0.00817046 0.00860646 0.00919435 0.01079868 0.01126369]
[0.00668165 0.00686418 0.00698522 0.00751598 0.00871307 0.00879664]
[0.00273213 0.00310902 0.00344743 0.004798   0.00517478 0.00817085]
[0.00268484 0.00696908 0.00746826 0.0076405  0.00790696 0.0085939 ]
[0.00125289 0.00312496 0.00434488 0.00543291 0.00569389 0.00675227]
None
[0.00595495 0.00918568 0.01053815 0.01099899 0.01117401 0.01248675]
[0.00236093 0.0029376  0.0037907  0.00758524 0.00790083 0.0084519 ]
[0.00432148 0.00461721 0.00502168 0.00535964 0.00879259 0.00986881]
[0.00314281 0.0036128  0.00684088 0.00707662 0.00923984 0.00945685]
[0.00328159 0.00432263 0.00503586 0.00528475 0.0077246  0.00994653]
[0.00411827 0.00562586 0.00724381 0.00768462 0.00807652 0.00864786]
[0.00609888 0.0062526  0.00788751 0.00936248 0.01213017 0.01235493]
[0.00365408 0.00379932 0.00399338 0.00835077 0.00854253 0.0095658 ]
[0.00575153 0.00766575 0.01237891 0.01278364 0.01353139 0.01424058]
[0.00665823 0.01100703 0.01102042 0.01223597 0.01389062 0.01429446]
[0.00705788 0.00926042 0.01239818 0.01370829 0.01491446 0.01606026]
[0.00317988 0.00660193 0.00915207 0.00928717 0.01014705 0.0102522 ]
[0.00470277 0.00509139 0.00609627 0.00878852 0.00899127 0.00979618]
[0.00504393 0.00773437 0.00796938 0.00943283 0.01035901 0.0104454 ]
[0.00385613 0.00405647 0.00772573 0.00779559 0.00939839 0.0108451 ]
[0.00617523 0.00707158 0.00754368 0.0092601  0.01164197 0.01189059]
[0.00859506 0.00892316 0.01115139 0.01178527 0.01258398 0.0144667 ]
[0.00552441 0.0089209  0.00904506 0.00964255 0.01006428 0.01234879]
[0.00402812 0.00469613 0.004934   0.00499443 0.0053037  0.00818801]
[0.00462337 0.00576938 0.00596317 0.00824855 0.0100896  0.01100105]
[0.00567576 0.00773266 0.00796189 0.00991386 0.01031047 0.0106262 ]
[0.00645059 0.00813204 0.00967971 0.0109949  0.0110757  0.0116006 ]
[0.00950798 0.00976041 0.01133008 0.01166938 0.0131421  0.01387934]
[0.00704205 0.0096084  0.01009435 0.01510106 0.01747769 0.01777718]
[0.00660706 0.0105398  0.01219972 0.01353774 0.01402132 0.01479883]
[0.00425225 0.00578946 0.00905931 0.01014357 0.01067774 0.01091088]
[0.00665256 0.00698155 0.00896937 0.01000189 0.01062222 0.01188652]
[0.00219435 0.00629137 0.00696945 0.0087992  0.00935515 0.01050855]
[0.00413412 0.00761115 0.00868998 0.00949476 0.01231577 0.01424044]
[0.006926   0.01161083 0.01340376 0.01440727 0.01470315 0.01491031]
[0.00713144 0.00903693 0.00923049 0.01293395 0.01317711 0.01377174]
[0.00711523 0.01062526 0.01122543 0.01213372 0.01251089 0.01325319]
[0.00325636 0.00639079 0.00755013 0.00811713 0.00883679 0.01025538]
[0.00388156 0.00520567 0.00644053 0.00687519 0.00736196 0.00790898]
[0.00264036 0.00394277 0.00575934 0.00765397 0.01125385 0.01145121]
[0.00496962 0.00697465 0.00719842 0.00804531 0.00932524 0.01008075]
[0.00618227 0.00777431 0.00871579 0.00914111 0.01283719 0.01530706]
[0.00704333 0.01144071 0.01442285 0.01601542 0.01754582 0.01795242]
[0.00492364 0.00516284 0.00656164 0.0083759  0.0085704  0.01186981]
[0.00736516 0.00876201 0.01045247 0.01060132 0.01127311 0.01145797]
[0.00553262 0.01030983 0.01066199 0.0110578  0.01160234 0.01523108]
[0.00470637 0.00717109 0.0090473  0.00923624 0.00985962 0.01128431]
[0.00858434 0.00948061 0.0111966  0.01237451 0.01395299 0.01455085]
[0.00492642 0.00901949 0.01162271 0.01491886 0.01595107 0.01616906]
[0.005569   0.00563637 0.00976774 0.01079902 0.0118125  0.01398514]
[0.00486395 0.00768587 0.01109537 0.01173222 0.01179502 0.01435945]
[0.00454751 0.0049725  0.00880718 0.01021388 0.01131913 0.01370322]
[0.00291468 0.00556904 0.0092127  0.00963839 0.00978688 0.01068987]
[0.00648944 0.00791382 0.00936498 0.01355442 0.01389431 0.01509016]
[0.0030265  0.0043894  0.00679048 0.00998277 0.01063237 0.01266952]
[0.01254035 0.01359598 0.01566455 0.01612182 0.01793469 0.01880291]
[0.00869767 0.00886312 0.01013891 0.01026389 0.01072127 0.01149439]
[0.00486632 0.00555268 0.00604616 0.00829905 0.00991792 0.01049533]
[0.00707267 0.01247063 0.01408863 0.01474912 0.01573057 0.01617758]
[0.00635503 0.00896373 0.00997641 0.01009824 0.01064538 0.01185083]
[0.00803251 0.00906214 0.01151235 0.01188863 0.01267317 0.01304019]
[0.00577755 0.00737994 0.00873758 0.00886131 0.01109846 0.01207563]
[0.00650541 0.00773628 0.00974453 0.00992568 0.01254014 0.01318102]
[0.00975068 0.0112433  0.01164906 0.01271123 0.0134138  0.01507202]
[0.01083004 0.01219826 0.01305403 0.01536789 0.02159209 0.02246783]
[0.00830541 0.00975062 0.0099496  0.01013963 0.01068101 0.01208912]
[0.00577782 0.00788553 0.00938604 0.01054972 0.01082444 0.01145316]
[0.00867054 0.00925889 0.00993653 0.01046523 0.01080369 0.01140675]
[0.00715107 0.01019805 0.01180711 0.01351528 0.01426532 0.01523257]
[0.00531192 0.00548964 0.00661404 0.0074866  0.01160865 0.01167009]
[0.00619611 0.0065805  0.00725273 0.00757481 0.00765119 0.0107374 ]
[0.00398872 0.00557179 0.00585283 0.00632019 0.00737633 0.0092999 ]
[0.00329775 0.0033895  0.00486287 0.00567018 0.00686151 0.00866065]
[0.00674118 0.00782146 0.00791951 0.01009748 0.01259973 0.01306454]
[0.00611621 0.00736151 0.00788096 0.00857155 0.00902361 0.009292  ]
[0.00579174 0.00633289 0.0077404  0.00955019 0.01036875 0.01076245]
[0.00225331 0.00580293 0.00585744 0.00620316 0.00666355 0.00710381]
[0.00571379 0.00728493 0.00754961 0.0090758  0.0103013  0.01208567]
[0.00596585 0.00679845 0.00961734 0.01131142 0.01171016 0.0118342 ]
[0.00312539 0.00327355 0.00435333 0.00687723 0.00785851 0.00884101]
[0.00455819 0.00601573 0.00768719 0.00827723 0.01003065 0.01230307]
[0.00669864 0.00753216 0.00894188 0.0092015  0.01216396 0.01287163]
[0.00192232 0.00410121 0.00536073 0.00579192 0.00637009 0.00743178]
[0.00312179 0.00547087 0.01016889 0.01105578 0.01262175 0.01417038]
[0.00686516 0.01173877 0.01255936 0.01268988 0.01337692 0.01391036]
[0.00233571 0.00501085 0.00682029 0.00742448 0.00977267 0.00989392]
[0.00156599 0.00252778 0.0031761  0.00408606 0.00543068 0.00670382]
[0.00432253 0.00456801 0.00500771 0.00540337 0.00747446 0.0095249 ]
[0.00077335 0.00460912 0.00537489 0.00569    0.0063687  0.00762686]
[0.00266671 0.00559165 0.0060813  0.00703237 0.00751286 0.00804694]
[0.00246079 0.00628883 0.00650564 0.00785283 0.00944665 0.01026555]
[0.00666997 0.00908285 0.01111421 0.01211144 0.01270447 0.01366128]
[0.00464329 0.00510752 0.00762541 0.01067643 0.01176041 0.01299772]
[0.00157635 0.00227998 0.00325666 0.00528812 0.00567142 0.00602167]
[0.00512151 0.007094   0.00737413 0.00922407 0.01094421 0.01104628]
[0.00337301 0.00451214 0.01008857 0.0114591  0.01224431 0.01297839]
[0.00360298 0.00472883 0.00559605 0.00661723 0.00747528 0.00921993]
[0.0016903  0.00282489 0.00414023 0.0045352  0.00547705 0.00594383]
[0.00180603 0.00372512 0.00664619 0.00673332 0.01075529 0.01148851]
[0.00095412 0.00359597 0.00543941 0.00659067 0.00682756 0.00710887]
[0.00308579 0.00391661 0.00486046 0.00615966 0.00718277 0.00740401]
[0.00159399 0.00382331 0.0056609  0.00675988 0.00951653 0.0102795 ]
[0.00522157 0.00545132 0.00631856 0.00912116 0.00983184 0.01007714]
[0.00351386 0.00566294 0.00575255 0.00614124 0.00742178 0.00787813]
[0.00283262 0.00534904 0.00908764 0.00976582 0.01371473 0.01574769]
[0.00168461 0.00710326 0.0079133  0.01039291 0.01078302 0.01251477]
[0.00047369 0.00281604 0.00348273 0.00409286 0.00451006 0.00505724]
[0.00065351 0.00399489 0.00471954 0.00577503 0.00604418 0.00628235]
[0.0073125  0.00968507 0.01060158 0.01288673 0.01318685 0.01411189]
[0.0048503  0.00734979 0.00895493 0.00950626 0.01025737 0.01051681]
[0.0052949  0.00560795 0.00606048 0.00679952 0.00766075 0.00832386]
[0.00382661 0.00483054 0.00592419 0.00686154 0.00723805 0.00781811]
[0.00127158 0.00477743 0.00549098 0.00640212 0.00687916 0.00746304]
[0.00125422 0.00338834 0.00394476 0.00649021 0.00727353 0.00746835]
[0.00197513 0.00333459 0.0037969  0.00509713 0.00646345 0.00694902]
[0.00071832 0.00131466 0.00142556 0.00681132 0.00739237 0.00825665]
[0.00116702 0.00527978 0.00540336 0.00701063 0.00768548 0.0084386 ]
[0.00226054 0.00639291 0.007341   0.00785962 0.00916145 0.00976733]
[0.00078208 0.00119699 0.00167713 0.00442905 0.00600945 0.00633773]
[0.00228151 0.00446986 0.00678963 0.01175753 0.01220422 0.013701  ]
[0.00449048 0.00575401 0.00762452 0.00960413 0.01108517 0.0130436 ]
[0.00651918 0.00660403 0.00749592 0.00781863 0.00803493 0.00878652]
[0.0022983  0.0052132  0.00916638 0.00954322 0.00996339 0.01036414]
[0.00299718 0.00631504 0.00663783 0.00726664 0.00871664 0.00997614]
[0.00644991 0.00893765 0.009275   0.00951776 0.0110412  0.01200871]
[0.00101356 0.00183832 0.00454478 0.00524389 0.00601109 0.00634405]
[0.00120927 0.00126586 0.0013762  0.00215157 0.00363851 0.00373599]
[0.00173739 0.00689768 0.00774876 0.00873069 0.0087569  0.0098284 ]
[0.00740664 0.00802359 0.00925989 0.01039104 0.011552   0.01246902]
[0.00918406 0.00971591 0.00980932 0.01060282 0.01115277 0.01357918]
[0.00707723 0.00738941 0.00970151 0.01019336 0.01074611 0.01255217]
[0.00976562 0.01653658 0.01700938 0.01807439 0.01974594 0.02312066]
[0.00405166 0.00812156 0.01006142 0.01054367 0.01146992 0.01395197]
