[0.00552636 0.00750026 0.0088279  0.00899323 0.00942247 0.01000015]
[0.00474477 0.0054041  0.00652856 0.01041513 0.01630528 0.01737012]
[0.00476783 0.00902084 0.01015218 0.0108496  0.0153548  0.0157097 ]
[0.00240441 0.0078914  0.00812548 0.00982378 0.01301017 0.01446847]
[0.00399177 0.00545427 0.00809727 0.00856286 0.00947816 0.01095052]
[0.01053302 0.01264183 0.01628583 0.01683224 0.01715502 0.01867069]
[0.00591792 0.01264148 0.0135844  0.0165573  0.01676409 0.01963643]
[0.00568009 0.00945419 0.00959879 0.01319088 0.01595082 0.01630023]
[0.01238866 0.01331382 0.01676055 0.02233205 0.02360945 0.02407565]
[0.00966737 0.01154362 0.01299196 0.0146927  0.01632852 0.0180187 ]
[0.00892031 0.00901594 0.0097359  0.01097064 0.01191707 0.01221569]
[0.00450282 0.00627507 0.00680388 0.00732382 0.00745618 0.00766852]
[0.01046599 0.0109807  0.01213348 0.01280121 0.01430627 0.01632858]
[0.01298601 0.01326845 0.01429079 0.0147523  0.01496293 0.01603354]
[0.00658781 0.0069416  0.01122085 0.01721539 0.01804737 0.01878688]
[0.00427433 0.00952069 0.00958598 0.01124376 0.01286923 0.01343909]
[0.00468463 0.00611308 0.00910621 0.01001887 0.01013829 0.01155328]
[0.00227938 0.00295363 0.00315888 0.00358212 0.00398115 0.00480824]
[0.00632111 0.00755498 0.00811865 0.00839437 0.01077751 0.01105628]
[0.00459923 0.00580231 0.01079434 0.01126158 0.01213091 0.0131759 ]
[0.01033934 0.01416851 0.01456334 0.01509294 0.01639572 0.02108821]
[0.00925664 0.00964726 0.00979005 0.01258243 0.0139654  0.01558539]
[0.00488865 0.00505253 0.01318482 0.01336984 0.01460278 0.01720704]
[0.00349901 0.00709544 0.00850555 0.00923327 0.01241017 0.01285421]
[0.00629476 0.00874039 0.00982946 0.00999688 0.0118939  0.01339895]
[0.00551375 0.00710267 0.00907344 0.01078103 0.01379541 0.01425937]
[0.00535586 0.00688874 0.00948298 0.01099076 0.01375445 0.01408885]
[0.01220057 0.01231329 0.0156773  0.01592293 0.01715146 0.01726795]
[0.00779259 0.00780688 0.00845627 0.00996447 0.01279127 0.01328179]
[0.00928171 0.01287146 0.01323875 0.01433801 0.01476542 0.01645756]
[0.00995323 0.01246605 0.01403653 0.01785132 0.01861656 0.02036494]
[0.00876326 0.01290977 0.01361611 0.01687923 0.01724858 0.01848307]
[0.0062397  0.00689753 0.01002928 0.01100428 0.01109411 0.01299246]
[0.00828769 0.00893534 0.00945944 0.00988331 0.01187571 0.0125845 ]
[0.00367817 0.00655808 0.00802105 0.00932977 0.01027063 0.01114742]
[0.00945822 0.01239791 0.01305089 0.01482995 0.0154968  0.01675367]
[0.01220069 0.0147323  0.01631724 0.01672002 0.01763153 0.01839132]
[0.00694429 0.0125969  0.0131854  0.01449567 0.01470259 0.01579958]
[0.00798719 0.00825115 0.0085717  0.01201004 0.01369464 0.01421301]
[0.0064903  0.01043468 0.01099145 0.01118643 0.01208054 0.01213379]
[0.00787879 0.01181617 0.01313175 0.01444301 0.01565337 0.01611095]
[0.00942662 0.01085453 0.01336922 0.01353591 0.01358564 0.01460109]
[0.00401269 0.00444581 0.00478288 0.00504534 0.0054188  0.00637028]
[0.00899934 0.01159817 0.01249936 0.01427843 0.01537934 0.01905924]
[0.00814839 0.0171756  0.01791476 0.02001888 0.02028102 0.02140877]
[0.00588614 0.01339077 0.01618721 0.01729833 0.01812888 0.01834237]
[0.00704595 0.01324825 0.01334734 0.01507315 0.015424   0.01809907]
[0.0060437  0.00631396 0.01296261 0.01435628 0.01471267 0.0165705 ]
[0.00563375 0.00851252 0.00874898 0.01580308 0.01611295 0.01658944]
[0.01039165 0.0113667  0.01260839 0.01323427 0.01489826 0.01529439]
[0.01528018 0.01897081 0.01960968 0.01984194 0.02429768 0.02690357]
[0.00390216 0.00960532 0.0128469  0.01405105 0.01509465 0.01777464]
[0.00502969 0.00801271 0.01215261 0.01358004 0.01430245 0.01475864]
[0.00207536 0.0053141  0.0068479  0.00953748 0.01085631 0.01174307]
[0.00538591 0.00763835 0.01079021 0.01496815 0.0152924  0.0160233 ]
[0.00342128 0.00465662 0.00968538 0.01383602 0.01748176 0.01898377]
[0.00623713 0.0131054  0.01491504 0.01607109 0.01616639 0.01691562]
[0.00681701 0.01088259 0.01186975 0.01230923 0.01521707 0.01704763]
[0.0103161  0.01384159 0.01444064 0.01630049 0.0194077  0.01992912]
[0.01089469 0.01137081 0.01350784 0.01432779 0.01434291 0.0170653 ]
[0.00187715 0.00525231 0.00760859 0.01025322 0.01105625 0.01431356]
[0.01090969 0.0144743  0.0150435  0.01542077 0.01659483 0.01795281]
[0.0075588  0.00859643 0.00880563 0.01150296 0.01484324 0.015514  ]
[0.00658375 0.01394328 0.01572751 0.01723609 0.01811484 0.01896166]
[0.00519347 0.01221897 0.01224507 0.01695634 0.01736973 0.01758412]
[0.0081705  0.00900623 0.01020009 0.01067627 0.01088484 0.01200962]
[0.01421698 0.01663681 0.01699954 0.01728787 0.01769775 0.01839359]
[0.00812598 0.00948949 0.01142493 0.01220302 0.012615   0.01347567]
[0.01085503 0.01096989 0.01155069 0.01176883 0.012626   0.01378288]
[0.00590258 0.0080674  0.0085889  0.01076015 0.01092403 0.0109943 ]
[0.00587551 0.00972678 0.01000918 0.01084973 0.01253825 0.01356458]
[0.00570455 0.0122109  0.01428001 0.01506087 0.01668758 0.01771039]
[0.00786954 0.00822912 0.01117518 0.01170066 0.01421333 0.01429668]
[0.00633638 0.00645981 0.0069624  0.00743515 0.00760089 0.0101282 ]
[0.00459813 0.00680504 0.00889665 0.00951506 0.00965432 0.01081589]
[0.00225078 0.00637111 0.00666512 0.00711597 0.01213148 0.01256717]
[0.00203894 0.00503173 0.01027654 0.01154069 0.01163159 0.0119239 ]
[0.00441654 0.00799729 0.00871053 0.00984715 0.01037264 0.01057397]
[0.00446657 0.00475781 0.00680345 0.00924208 0.01087951 0.01149438]
[0.00080988 0.00370142 0.00498187 0.00544912 0.00655789 0.00667893]
[0.00084744 0.00114585 0.00152286 0.00190465 0.00221211 0.00236486]
[0.00144641 0.00402789 0.00426183 0.00473842 0.005182   0.00557015]
[0.00039297 0.00493154 0.00559881 0.00640477 0.00686062 0.0074878 ]
[0.00230166 0.00279915 0.00332523 0.00360569 0.00395983 0.00460196]
[0.00189173 0.00542675 0.00650257 0.00706846 0.00709263 0.00728684]
[0.00284945 0.00318439 0.00363426 0.00509    0.00562754 0.00574365]
[0.00127565 0.0030816  0.00426532 0.00639237 0.00653234 0.00884466]
[0.00183745 0.00229411 0.00438418 0.00509902 0.0065679  0.00822838]
[0.00291677 0.00340731 0.00352153 0.00394025 0.00434985 0.00472021]
[0.00385435 0.00418099 0.00495497 0.00592876 0.00618899 0.00645204]
[0.00253574 0.00304035 0.00372332 0.0046636  0.00576798 0.00634363]
[0.00367475 0.00493379 0.00584045 0.00610175 0.00637553 0.00652639]
[0.00136232 0.0022764  0.00239882 0.0038476  0.00452361 0.00491449]
[0.00192575 0.00268708 0.00337873 0.00414859 0.00534848 0.00567653]
[0.00086266 0.00121193 0.00261501 0.00274571 0.00438603 0.00482454]
[0.00055452 0.00161137 0.00200647 0.00320521 0.00336224 0.00422153]
[0.0018113  0.00306913 0.00359993 0.00477836 0.00505826 0.00554664]
[0.002509   0.0032099  0.00404591 0.00452239 0.00672361 0.00707273]
[0.00406802 0.00448366 0.00486136 0.00645257 0.00668793 0.00713   ]
[0.00247984 0.00271127 0.00635434 0.00678741 0.00724256 0.00747043]
[0.00179438 0.00449447 0.00814459 0.00907234 0.01130545 0.01262347]
[0.00203262 0.00242982 0.00245275 0.00417063 0.00488655 0.00510798]
[0.00038167 0.00171171 0.00180052 0.00195816 0.00213852 0.00228893]
[0.0037565  0.00410285 0.00462385 0.00512634 0.00575015 0.00642094]
[0.00153203 0.00165456 0.00169311 0.00262855 0.00329865 0.00482935]
[0.00260252 0.00422443 0.00582286 0.00709854 0.00827875 0.00851481]
[0.0013181  0.00203635 0.00527146 0.00553868 0.00658751 0.00799131]
[0.00165049 0.00604074 0.00677094 0.00778204 0.00856115 0.00923785]
[0.00242174 0.00305292 0.00365522 0.00421702 0.00507187 0.00647825]
[0.00106143 0.00289753 0.00352212 0.00383456 0.0042384  0.00500427]
[0.00227555 0.00518229 0.0060192  0.00648811 0.00709183 0.00794844]
[0.00367328 0.00494491 0.00738047 0.0074291  0.00789745 0.0083415 ]
[0.00251385 0.00434469 0.00498005 0.00546359 0.0059789  0.00681509]
[0.00299369 0.003344   0.00549774 0.00627515 0.00666471 0.00675772]
[0.00364915 0.0070879  0.00730413 0.00745903 0.00891479 0.01085926]
[0.00211432 0.00638928 0.00680123 0.00777323 0.00865583 0.00902246]
[0.00201638 0.00257922 0.00437876 0.00511542 0.00622695 0.00780552]
[0.00309487 0.00631391 0.00715363 0.00759728 0.00830906 0.00957309]
[0.00209055 0.00234818 0.00266852 0.0048274  0.00543211 0.00619346]
[0.0062633  0.00732034 0.00749063 0.00893378 0.01061382 0.01068198]
[0.00321067 0.00386809 0.00450078 0.00589557 0.00595569 0.00761475]
[0.00489196 0.00622059 0.00728791 0.00824714 0.01126852 0.01151795]
[0.00709166 0.00753237 0.00869935 0.0088192  0.01125351 0.01232652]
[0.00412869 0.00549501 0.00595161 0.00751045 0.0076413  0.00806133]
[0.00422634 0.00541765 0.00636359 0.00729314 0.00827149 0.00872426]
[0.0018342  0.00208655 0.00571253 0.0062615  0.00711045 0.00818202]
[0.00234501 0.00536539 0.00618669 0.00677942 0.00741575 0.0087606 ]
[0.00510616 0.00690702 0.00781247 0.00897452 0.01012658 0.01081436]
[0.00157041 0.00567198 0.00618842 0.00642559 0.00659375 0.00919809]
[0.00100714 0.00285862 0.00322306 0.00575232 0.00664862 0.00714903]
[0.00462246 0.00495405 0.00502399 0.00679274 0.00722206 0.0074968 ]
[0.00476669 0.00515663 0.00620462 0.00766609 0.00883513 0.00910951]
[0.00324758 0.0039755  0.00485633 0.0061919  0.00641938 0.00658423]
[0.00282007 0.00474646 0.00592852 0.00607988 0.00660203 0.00688445]
[0.00517747 0.00562324 0.00678208 0.00719693 0.00988494 0.01026426]
[0.00644652 0.00821245 0.0084308  0.01043601 0.01092198 0.01116345]
[0.0078966  0.00816773 0.00930328 0.00950282 0.0098791  0.01077797]
[0.00397612 0.00491918 0.00508672 0.0075057  0.00824489 0.00967971]
[0.00521199 0.00541269 0.00560336 0.00686814 0.00799554 0.0089877 ]
[0.00489828 0.00616644 0.00662491 0.00894285 0.01056205 0.01107956]
[0.00411502 0.00536897 0.00542701 0.00634759 0.00718318 0.00961815]
[0.00697641 0.00771292 0.00853096 0.00861379 0.00963286 0.0099221 ]
[0.0055617  0.01078497 0.01191541 0.01446482 0.01520153 0.01615058]
[0.00582167 0.00686187 0.00811671 0.0101392  0.01135687 0.01152317]
[0.00283444 0.00328183 0.0037399  0.00646238 0.00811199 0.00882379]
[0.00089421 0.00577617 0.00849572 0.00909364 0.01079919 0.01186301]
[0.00711762 0.00920737 0.01181984 0.01285057 0.01336473 0.01666386]
[0.00854418 0.01022397 0.01051363 0.01219531 0.01248348 0.01257303]
[0.00510403 0.0079421  0.00835927 0.00941902 0.00978977 0.01115535]
[0.00831157 0.01033521 0.01309534 0.01427819 0.0143211  0.01521892]
[0.00466135 0.00590689 0.00648475 0.0085783  0.00869673 0.00901036]
[0.00458423 0.00631179 0.00829331 0.00831406 0.00845229 0.00899476]
[0.00469607 0.00786379 0.00808892 0.01183061 0.01192479 0.01255457]
[0.00369433 0.00783426 0.00808771 0.0092936  0.00968672 0.01052482]
[0.00211441 0.00304737 0.00679915 0.00891253 0.01032195 0.01059557]
[0.00322017 0.00820507 0.00877968 0.00980143 0.011293   0.01224701]
[0.00742457 0.01107868 0.01156877 0.01294681 0.01314109 0.01352654]
[0.00378662 0.00398097 0.00700848 0.00862121 0.00870107 0.00924457]
[0.00287474 0.00300027 0.00430593 0.00441829 0.00471373 0.0053544 ]
[0.00407236 0.00593658 0.00628565 0.01039684 0.01102395 0.01128632]
[0.00316094 0.00365773 0.006234   0.00736893 0.00822413 0.0096114 ]
[0.00306612 0.00964561 0.00967411 0.00971784 0.00995981 0.01008907]
[0.00724699 0.00780166 0.00962812 0.01173831 0.01327009 0.01377309]
[0.01038003 0.01202935 0.012367   0.0143459  0.01524328 0.01647503]
[0.01069001 0.01154145 0.01256717 0.01431725 0.01462115 0.01562406]
[0.00161696 0.00233795 0.00527999 0.00602976 0.00704622 0.00711482]
[0.00532535 0.00746976 0.00916923 0.01093332 0.01198127 0.01288993]
[0.00155988 0.00679697 0.00711748 0.00728916 0.00745446 0.00828656]
[0.00385817 0.00492725 0.00616349 0.00632855 0.00685101 0.00816126]
[0.00389141 0.00408208 0.00463683 0.00465478 0.00828419 0.00885467]
[0.00795947 0.01032804 0.01164506 0.0127057  0.01313562 0.01355571]
[0.00321012 0.0114168  0.01143164 0.01170303 0.01347612 0.01415331]
[0.00447396 0.00676289 0.00866741 0.01015152 0.01034634 0.01135379]
[0.00511934 0.00542368 0.00764548 0.01122856 0.01185202 0.01282761]
[0.0053025  0.00823844 0.00846869 0.00880143 0.00911282 0.00927901]
[0.00817635 0.0106806  0.01074216 0.01145043 0.01192571 0.01282546]
[0.00377422 0.00928488 0.01066581 0.01074938 0.01077417 0.0110834 ]
[0.00830369 0.01139578 0.01378414 0.01446102 0.01499579 0.01548006]
[0.00702433 0.00803511 0.01100099 0.01134782 0.01142544 0.01159097]
[0.00313755 0.00413999 0.0056525  0.00658034 0.00665264 0.00689529]
[0.00504325 0.00515816 0.00872171 0.00875712 0.00952308 0.00989356]
[0.00391808 0.00663039 0.00846146 0.01011394 0.01060824 0.01080718]
[0.00275587 0.00595339 0.00634452 0.00742685 0.00843574 0.00928125]
[0.0034801  0.00359605 0.00493612 0.0079748  0.0087184  0.00900142]
[0.00186518 0.00451318 0.00670958 0.00682811 0.00859856 0.00886474]
[0.00504778 0.00559357 0.00650809 0.00664185 0.00695169 0.0075324 ]
[0.00783243 0.00827908 0.00861642 0.0087089  0.00871783 0.00902857]
[0.0058417  0.00633989 0.00862825 0.01332505 0.0136036  0.0149468 ]
[0.00559738 0.00595974 0.00617171 0.00740508 0.01067883 0.01090381]
[0.00207529 0.00668006 0.01074279 0.01131454 0.01194153 0.01330246]
[0.01070793 0.01221139 0.0133665  0.01485423 0.01547201 0.01605906]
[0.0057643  0.00942162 0.01140222 0.0133758  0.01575092 0.01583776]
[0.00372662 0.00378362 0.0043362  0.00671727 0.0070678  0.00737169]
[0.00423369 0.00478356 0.00480153 0.00612697 0.00726861 0.00729506]
[0.01080087 0.01129697 0.01138616 0.01241968 0.01319772 0.01374289]
[0.01162383 0.01246544 0.01342436 0.01453586 0.01496841 0.01540827]
[0.00350815 0.00544799 0.00664942 0.00825062 0.00897777 0.01117585]
[0.00776724 0.00886222 0.00898635 0.01114809 0.01157081 0.0123525 ]
[0.00563251 0.00612594 0.00666655 0.00882397 0.00886027 0.00957494]
[0.0074319  0.00836433 0.00846651 0.01016542 0.0103021  0.01172432]
[0.00316372 0.0040823  0.00931635 0.00964471 0.0118098  0.01277056]
[0.00563459 0.00860051 0.00950953 0.01045548 0.01061709 0.01102031]
[0.0068907  0.0078437  0.0087753  0.00936324 0.0104424  0.01185033]
[0.01050808 0.01333414 0.01411338 0.01519825 0.01616558 0.01638351]
[0.00369376 0.00427606 0.00927132 0.01236512 0.01272472 0.01420107]
[0.00381867 0.00522864 0.00985074 0.01007582 0.01089459 0.01132052]
[0.00218733 0.00717585 0.00930474 0.00972682 0.01137722 0.01199342]
[0.00229264 0.00703417 0.00813669 0.00870983 0.0104058  0.01133694]
[0.00860117 0.00931226 0.00993336 0.01167345 0.01237171 0.01241156]
[0.00634736 0.00725957 0.01053983 0.01090029 0.01260091 0.01449252]
[0.00591364 0.01006026 0.01372938 0.01592327 0.01689369 0.0186952 ]
[0.00629845 0.01383297 0.02226784 0.02242798 0.02267913 0.02569679]
[0.01131416 0.01280818 0.01504749 0.01652286 0.01670589 0.01774062]
[0.00646251 0.01115285 0.01706999 0.01761421 0.0192291  0.0216292 ]
[0.00696121 0.01278694 0.01717712 0.01997558 0.02036375 0.02075071]
[0.00663915 0.01298756 0.01688366 0.01941477 0.0207934  0.02338967]
[0.01514459 0.01783381 0.01879034 0.02046591 0.02126485 0.02288972]
[0.00641843 0.0083791  0.00920954 0.01081257 0.01374699 0.01700546]
[0.01213023 0.01575106 0.01607875 0.01640011 0.01716519 0.01867981]
[0.01477035 0.01528443 0.01661841 0.01810766 0.01999537 0.02005765]
[0.00889128 0.00915007 0.01081214 0.010989   0.01508576 0.01548072]
[0.00504506 0.00762694 0.01249313 0.01290093 0.01298532 0.01417756]
[0.00826663 0.01005247 0.01104188 0.01485475 0.01583899 0.01620663]
[0.0075465  0.00835969 0.01149582 0.01347506 0.01427822 0.01473911]
[0.0089251  0.009836   0.01173877 0.01200665 0.01372807 0.01865207]
[0.00494316 0.00782264 0.01103475 0.0118953  0.014499   0.01480685]
[0.01236939 0.01328682 0.01659636 0.01662334 0.01890278 0.01979277]
[0.00324171 0.0045116  0.00958288 0.01150987 0.01251284 0.01568065]
[0.00451919 0.00758875 0.01074988 0.01174301 0.0123922  0.0160696 ]
[0.00409333 0.0071128  0.01199603 0.01332713 0.01416723 0.01693262]
[0.00957141 0.00964975 0.01114178 0.01411515 0.02185264 0.02216596]
[0.00272871 0.01605058 0.01627854 0.01972823 0.02031646 0.02162455]
[0.00683124 0.01085213 0.01119853 0.01213315 0.01219513 0.01313007]
[0.00977068 0.01314772 0.01543781 0.01571865 0.01634998 0.01656281]
[0.00776843 0.00809005 0.01080645 0.01131467 0.01242055 0.01378761]
[0.0044692  0.0091724  0.00975051 0.0101583  0.01056351 0.01237344]
[0.00765223 0.01042993 0.01108988 0.01193297 0.01205791 0.01223595]
None
[0.00674939 0.00715626 0.00742624 0.00801215 0.0086674  0.00884146]
[0.0064152  0.00790727 0.00895908 0.01420353 0.01442625 0.01586745]
[0.00404409 0.01115558 0.01158134 0.0120703  0.01317633 0.01454026]
[0.01066259 0.01078524 0.01090456 0.01121762 0.01269775 0.01321072]
[0.00519146 0.00751308 0.00840517 0.00945286 0.00955989 0.00971117]
[0.00541087 0.00845786 0.01119711 0.01234883 0.01302881 0.01794285]
[0.00646237 0.00854268 0.0109803  0.01127367 0.01158573 0.01264123]
[0.00369795 0.00859879 0.01015588 0.01041221 0.01101023 0.01142275]
[0.00785283 0.00838823 0.01124717 0.01379661 0.01448815 0.01589767]
[0.00552603 0.01300254 0.01394661 0.01682186 0.01696247 0.01856487]
[0.01021787 0.01198518 0.01275851 0.01307889 0.01435706 0.0156808 ]
[0.00551098 0.00583606 0.00885088 0.00961665 0.01112472 0.01237509]
[0.00258202 0.00372036 0.00549284 0.00562091 0.00796956 0.00877823]
[0.00991509 0.01142952 0.01215673 0.01688179 0.01856505 0.02196188]
[0.00271824 0.00955278 0.01021335 0.01240358 0.01282959 0.01517004]
[0.01086399 0.01237267 0.01287649 0.0150687  0.01535133 0.01877936]
[0.00840941 0.00906606 0.01033363 0.01223421 0.01425954 0.01808556]
[0.00724779 0.00962956 0.01086733 0.01183981 0.01543358 0.01567733]
[0.00885017 0.00892952 0.00986132 0.01001741 0.01003625 0.01037371]
[0.00675795 0.00965945 0.01041133 0.01263199 0.01291238 0.01351461]
[0.00854482 0.0092107  0.01122977 0.01165532 0.01228199 0.0128442 ]
[0.0053757  0.00923843 0.01034759 0.01175325 0.01287534 0.01495068]
[0.01345995 0.01493583 0.01551886 0.01577045 0.01744427 0.01842144]
[0.0105336  0.01344203 0.01472497 0.01594925 0.016853   0.01791011]
[0.00802215 0.01081222 0.01278813 0.01368034 0.01547741 0.01664135]
[0.00185542 0.00745023 0.00845356 0.00999186 0.010143   0.01048593]
[0.00158477 0.00917392 0.01096711 0.01348686 0.01991703 0.02062847]
[0.00684249 0.01142332 0.01209973 0.01358166 0.01460681 0.01516858]
[0.00418644 0.00526683 0.00618764 0.00911037 0.00976403 0.01123087]
[0.00475847 0.01104288 0.01128403 0.0122862  0.01246038 0.01330573]
[0.0071357  0.01105181 0.01430867 0.01498565 0.01568318 0.01739492]
[0.00958855 0.01167379 0.01438749 0.01517419 0.01683458 0.01789807]
[0.00518143 0.00610023 0.00702167 0.00736119 0.00807232 0.00954934]
[0.0091059  0.00947563 0.00963023 0.00987986 0.01081959 0.01189725]
[0.00252282 0.00626769 0.00975659 0.01099194 0.01212528 0.01279955]
[0.01287331 0.0180429  0.01835269 0.01906046 0.01945042 0.01988163]
[0.01122524 0.01262186 0.01714053 0.01754004 0.01990602 0.02012881]
[0.00458017 0.0126069  0.01380603 0.0170378  0.02032768 0.02187779]
[0.00790124 0.00806872 0.01197831 0.01229112 0.01390623 0.01657351]
[0.00612674 0.00735805 0.00837573 0.00998619 0.01086396 0.01097442]
[0.00435602 0.00747524 0.00840367 0.00870998 0.01100535 0.01303542]
[0.00676942 0.01331098 0.01679009 0.01722945 0.01865679 0.01869679]
[0.01346081 0.01397515 0.01491879 0.01537617 0.01651771 0.01757292]
[0.00697496 0.00750615 0.00754187 0.01991046 0.02001004 0.02186531]
[0.00683183 0.01044537 0.01055729 0.0114347  0.02131235 0.02206948]
[0.0087343  0.01298918 0.01375808 0.01548904 0.01614214 0.01639686]
[0.00448353 0.00478901 0.00682145 0.00731892 0.00770569 0.009001  ]
[0.00797071 0.01094362 0.01159876 0.01381576 0.01523363 0.0155857 ]
[0.01044471 0.01366378 0.01469823 0.01477868 0.01699864 0.01929431]
[0.00475365 0.00854763 0.01015355 0.01100574 0.01464841 0.01481641]
[0.00671217 0.01039551 0.01207995 0.0127426  0.01494032 0.01589186]
[0.00584155 0.00847873 0.01483275 0.01519255 0.01641805 0.01958823]
[0.00447443 0.01026063 0.01310458 0.013541   0.01445043 0.01572177]
[0.0010135  0.00513893 0.00811191 0.00867661 0.00943175 0.0099753 ]
[0.00628098 0.00631669 0.00921049 0.00980322 0.01018776 0.01154042]
[0.00782239 0.00927395 0.01141442 0.01161819 0.01270327 0.01600573]
[0.00227647 0.00666473 0.01113239 0.01440103 0.01682637 0.01903842]
[0.00666286 0.00794699 0.00903548 0.00948605 0.01039754 0.01097192]
[0.01128099 0.01344509 0.01442043 0.01761389 0.01921025 0.01984618]
[0.00231013 0.00965827 0.010593   0.01645882 0.01837217 0.0191941 ]
[0.00480012 0.0069775  0.00723044 0.00779863 0.00792621 0.00911569]
[0.00879645 0.01106596 0.01372512 0.01567376 0.01727536 0.01837556]
[0.00898734 0.009519   0.01187148 0.01553448 0.0200334  0.02060239]
[0.00664618 0.00693646 0.00711905 0.01012443 0.01145951 0.01492412]
[0.00629819 0.0077692  0.01020279 0.01245653 0.01506531 0.01612121]
[0.00480665 0.0084911  0.01110906 0.01421102 0.01568837 0.01604732]
[0.0073598  0.00752378 0.00770652 0.01004789 0.01013935 0.01200405]
[0.00368196 0.00688487 0.00731619 0.00924973 0.01040093 0.01085856]
[0.00476478 0.00728622 0.01116757 0.0117288  0.01315715 0.01365577]
[0.00629312 0.00889886 0.01071557 0.01189483 0.01473157 0.01628697]
[0.00364623 0.00901094 0.00997276 0.01028856 0.0126825  0.01303018]
[0.00504071 0.00728127 0.0110189  0.01136524 0.01242831 0.01305352]
[0.0061031  0.00926706 0.0098459  0.00998168 0.01099839 0.01180887]
[0.00355939 0.00551471 0.00796389 0.0103731  0.0125451  0.01363443]
[0.00356796 0.00373429 0.00411148 0.00695535 0.00744206 0.00810747]
[0.00547515 0.00628762 0.00650875 0.00773844 0.00831562 0.01088484]
[0.00682145 0.00782324 0.0093042  0.01110302 0.01343954 0.01406743]
[0.00735748 0.00830811 0.00851198 0.00928669 0.00986063 0.01090794]
[0.00581555 0.00665992 0.00739952 0.00936969 0.00989566 0.0101975 ]
[0.00748554 0.00888188 0.00924207 0.01033372 0.01271511 0.01512661]
[0.00144173 0.00467141 0.00545637 0.00872998 0.01034738 0.01138427]
[0.00246008 0.00508364 0.00547398 0.00620135 0.00626622 0.00646557]
[0.00508141 0.00663771 0.00800732 0.00972624 0.00984703 0.01103525]
[0.00450415 0.0065786  0.00801222 0.00937788 0.00990897 0.01220856]
[0.00565397 0.00604061 0.00813523 0.01046905 0.01119758 0.01257667]
[0.0023832  0.00373296 0.00734135 0.00777721 0.00894346 0.01005909]
[0.01153677 0.0131245  0.01347732 0.01451482 0.01619255 0.01672556]
[0.00287091 0.00361159 0.00849881 0.00930232 0.0104495  0.01064845]
[0.00158827 0.00367744 0.00501414 0.00615833 0.0063615  0.00800281]
[0.00326987 0.00779751 0.01039855 0.01202923 0.01372962 0.01550709]
[0.00609642 0.00976995 0.00985424 0.01062004 0.01193155 0.0127985 ]
[0.00448761 0.00494273 0.00506657 0.00744219 0.00974814 0.01038556]
[0.00146897 0.00192688 0.00287071 0.00328166 0.00331531 0.00391278]
[0.00518382 0.00840977 0.00919689 0.01201637 0.01272742 0.01352532]
[0.00720345 0.00892677 0.00994014 0.01051793 0.01063337 0.01118233]
[0.00333046 0.00373909 0.00382747 0.00554474 0.00757418 0.00807782]
[0.0028887  0.00697349 0.00741783 0.00816326 0.00868956 0.00888704]
[0.00699579 0.00762142 0.01069542 0.01117351 0.01145406 0.01398653]
[0.004659   0.0050247  0.00752743 0.0083419  0.01088504 0.01112581]
[0.00779578 0.00875618 0.00885639 0.01082307 0.0126337  0.01387032]
[0.00486443 0.00947192 0.00996716 0.01002928 0.01194374 0.01232473]
[0.00210103 0.00854752 0.01064703 0.01081466 0.01116252 0.01182416]
[0.00149657 0.00404513 0.00434478 0.00612405 0.00705494 0.00728597]
[0.0006624  0.00665896 0.00740083 0.00779469 0.00888998 0.00918891]
[0.00317415 0.00590666 0.00674674 0.00739415 0.00911502 0.00977923]
[0.00283586 0.00773039 0.00800217 0.00843511 0.00880535 0.00887004]
[0.00407719 0.00541598 0.00548054 0.00643761 0.0077281  0.00977255]
[0.00727145 0.0094399  0.01068179 0.01181318 0.01668922 0.01681107]
[0.00476344 0.00662872 0.0110305  0.0117568  0.01323456 0.01372788]
[0.00261439 0.00320054 0.00439292 0.00567902 0.0060759  0.00676215]
[0.00594489 0.00633446 0.00922336 0.0129332  0.01302894 0.01307696]
[0.00254116 0.00784429 0.00803515 0.00813648 0.0089787  0.0117869 ]
[0.00561947 0.00655467 0.00818786 0.01080968 0.01169793 0.01202731]
[0.01242535 0.01546923 0.01588215 0.01597855 0.01711906 0.01854901]
[0.00664756 0.00891379 0.00903106 0.00924374 0.01155498 0.01392314]
[0.00630009 0.01205219 0.01665358 0.0174173  0.01941399 0.02019173]
[0.00444868 0.00618703 0.0085457  0.01150711 0.01333789 0.01485216]
[0.00246101 0.00562256 0.00684798 0.00744916 0.00788594 0.00909548]
[0.00538609 0.00713133 0.00736957 0.00954699 0.01093865 0.01152379]
[0.00692874 0.00746843 0.00758591 0.00803096 0.00825508 0.00870585]
[0.01174404 0.0119214  0.01233368 0.01287662 0.013472   0.01568065]
[0.00077208 0.00124194 0.00148729 0.00240008 0.00282365 0.00306248]
[0.00433983 0.0056498  0.00815514 0.00949304 0.01283961 0.01323244]
[0.00560783 0.00824647 0.00908111 0.00953948 0.00999173 0.01065504]
[0.00882522 0.00991572 0.01267886 0.01507236 0.01556967 0.01635156]
[0.00476915 0.00817299 0.00897915 0.0092148  0.01081466 0.01189329]
[0.00726584 0.01330004 0.01610426 0.01716666 0.01960982 0.01981686]
[0.00419295 0.01150722 0.01187817 0.01408922 0.01487567 0.01609534]
