[0.00162782 0.00233522 0.00739134 0.0093661  0.0100471  0.01220097]
[0.00673544 0.00960377 0.01076118 0.01476115 0.02011917 0.02146639]
[0.00048003 0.00247623 0.00659116 0.00725165 0.009139   0.01100563]
[0.00705644 0.00723518 0.01084442 0.01179778 0.01519532 0.01553158]
[0.00524578 0.00814947 0.01506871 0.01539348 0.01592863 0.01698301]
[0.01065889 0.01325695 0.01444878 0.01841885 0.01994068 0.02055898]
[0.0116057  0.024658   0.02617469 0.02902779 0.02945946 0.03190501]
[0.00231158 0.00766024 0.00771371 0.0123915  0.0188722  0.02047876]
[0.01000583 0.01082028 0.01383667 0.01561014 0.0167122  0.0182038 ]
[0.01320102 0.01605089 0.01874026 0.02445574 0.0254932  0.02621301]
[0.0072581  0.01592409 0.0188061  0.02238819 0.02259929 0.02347272]
[0.00682921 0.01005293 0.01193112 0.01614504 0.01705016 0.01844848]
[0.00367659 0.00374604 0.01276495 0.01518122 0.01527487 0.01759652]
[0.01466881 0.01591133 0.0159262  0.02412746 0.02446718 0.02543814]
[0.00670203 0.01141667 0.01338646 0.01631809 0.0178091  0.01842011]
[0.00606856 0.01087159 0.01240877 0.01583574 0.02168496 0.02240747]
[0.01705353 0.02470125 0.02686085 0.02778746 0.02812078 0.02984148]
[0.00470121 0.01516298 0.01548484 0.01690101 0.01692324 0.01760273]
[0.00304392 0.00699059 0.01307401 0.0158219  0.0161215  0.01690003]
[0.00362752 0.00586079 0.01026135 0.01482707 0.01788967 0.02124822]
[0.01563431 0.01799936 0.0204019  0.02222596 0.02306405 0.02338461]
[0.00660095 0.01091951 0.0173997  0.01790871 0.01834007 0.02112   ]
[0.00258298 0.00302842 0.0042353  0.00923053 0.0143007  0.01462349]
[0.00161534 0.00800176 0.01303036 0.01929345 0.01966082 0.02420424]
[0.00944248 0.01545523 0.01576581 0.02187761 0.0222524  0.02358589]
[0.00794175 0.01198697 0.01540303 0.01702963 0.01742165 0.01808055]
[0.00592456 0.00738206 0.01207689 0.01222166 0.01359288 0.02600902]
[0.00423831 0.0054721  0.01224669 0.01339575 0.01903966 0.02162933]
[0.00360686 0.01351355 0.01357736 0.01640939 0.02081972 0.02191323]
[0.01115649 0.0120867  0.01858964 0.01980409 0.02161653 0.02248946]
[0.0125601  0.01304682 0.01382113 0.01417262 0.01579339 0.01858534]
[0.00595413 0.00867964 0.00872305 0.01151803 0.01157926 0.01232831]
[0.01158041 0.01382876 0.01453757 0.01577201 0.01590665 0.01841755]
[0.00763589 0.01166217 0.01349222 0.01480546 0.01656902 0.01755732]
[0.01148705 0.0154051  0.01860089 0.02049614 0.02101461 0.02188405]
[0.0096128  0.01100441 0.01361733 0.01424657 0.01428749 0.01600721]
[0.00209232 0.00811511 0.00978884 0.01271365 0.01381181 0.01459934]
[0.00472959 0.00843669 0.0120586  0.01311223 0.01347807 0.01723212]
[0.00593997 0.00844025 0.01369882 0.01777105 0.01878243 0.01899056]
[0.00612404 0.00906682 0.01058566 0.01106263 0.0112675  0.01325812]
[0.00247752 0.00815151 0.01561032 0.02061033 0.02082669 0.02750914]
[0.00503845 0.00896987 0.01884342 0.02219467 0.02283192 0.02541692]
[0.00409841 0.00416317 0.00973215 0.01116895 0.01387184 0.01633121]
[0.01578059 0.01849662 0.02205823 0.02653697 0.02658442 0.02868095]
[0.00521772 0.01287018 0.01375925 0.01398619 0.01554051 0.01611363]
[0.00946168 0.01065879 0.01069792 0.01107305 0.01183515 0.01234585]
[0.00566575 0.01012947 0.01128977 0.01236617 0.01301241 0.01336519]
[0.00545976 0.00842947 0.01252083 0.0140333  0.01414031 0.01565146]
[0.00677446 0.01306136 0.01723572 0.01935747 0.02221465 0.02286623]
[0.01220193 0.01286971 0.01520325 0.01652622 0.01655257 0.01946256]
[0.01245364 0.01766967 0.01924927 0.02115382 0.02201196 0.02337793]
[0.00654651 0.01000128 0.0159745  0.02412494 0.02420539 0.02524176]
[0.00320085 0.00943722 0.01092883 0.01200885 0.0170175  0.01855833]
[0.01119915 0.01167377 0.012375   0.01262685 0.01312629 0.01522295]
[0.00985209 0.01244194 0.01354037 0.01519432 0.02225807 0.0223705 ]
[0.00849676 0.00943971 0.01400138 0.01515778 0.01948326 0.02348678]
[0.01085253 0.01260856 0.01677082 0.01874532 0.01912391 0.01956669]
[0.00160574 0.00550085 0.00737734 0.00974404 0.01222415 0.01292724]
[0.01358146 0.01753624 0.02294521 0.0245493  0.0248794  0.02505538]
[0.0078191  0.01854047 0.01940353 0.01943134 0.01953053 0.01967465]
[0.00512557 0.00717188 0.00896351 0.01080218 0.01143182 0.01384222]
[0.01623611 0.01687479 0.02041092 0.02354587 0.0252714  0.02531846]
[0.01138558 0.0129259  0.01603027 0.01604717 0.01813931 0.02103431]
[0.00695048 0.00704147 0.01655744 0.01671246 0.01960712 0.02221554]
[0.01771555 0.01851346 0.01934724 0.01968101 0.02273112 0.02304007]
[0.00042941 0.00336071 0.00760111 0.00812833 0.01410761 0.01488067]
[0.01356459 0.01366964 0.01599337 0.01853809 0.01958544 0.02130421]
[0.00267889 0.00992564 0.01139845 0.01278075 0.01359137 0.01482707]
[0.00543363 0.00558216 0.0085184  0.00901286 0.01125979 0.01501437]
[0.00091268 0.0029822  0.00355213 0.00640533 0.00680234 0.00959429]
[0.00362618 0.00482964 0.00710384 0.00823637 0.00857374 0.00961938]
[0.00149443 0.00560517 0.01172947 0.01281243 0.01366862 0.01537736]
[0.0041023  0.00711346 0.00777043 0.0079999  0.01709496 0.0192557 ]
[0.00971309 0.01229323 0.01612118 0.01756603 0.01890206 0.01957376]
[0.00451725 0.00629884 0.0077356  0.00956139 0.0096889  0.01084284]
[0.00890324 0.01311017 0.01704389 0.01801376 0.01904901 0.01925556]
[0.00328381 0.01095781 0.01208226 0.01595244 0.01611193 0.0182416 ]
[0.01015423 0.01041205 0.0111148  0.01313847 0.01455823 0.0159652 ]
[0.00358875 0.01444015 0.01552756 0.01733961 0.0174796  0.01759534]
[0.00648818 0.01070234 0.01088302 0.01145221 0.01156013 0.0135829 ]
[0.00336857 0.00418902 0.00455994 0.00501772 0.00546863 0.006104  ]
[0.00489856 0.00627548 0.00646989 0.00653532 0.00669566 0.00803925]
[0.00678608 0.00895689 0.00998226 0.01230983 0.01245833 0.01485016]
[0.00427978 0.00493156 0.00512794 0.00588656 0.00650392 0.00991287]
[0.00237867 0.00348415 0.0074201  0.00860144 0.00895036 0.01036266]
[0.00613061 0.00643954 0.00789694 0.01039586 0.01101425 0.01206999]
[0.00287971 0.00312899 0.00464349 0.00971312 0.0123395  0.01316089]
[0.00443399 0.00813561 0.00819755 0.00916953 0.01074142 0.01110605]
[0.00595882 0.00810678 0.00858543 0.00893665 0.00996027 0.01034622]
[0.00662705 0.00848856 0.01141645 0.01275083 0.01340341 0.01415327]
[0.0077925  0.00855554 0.00973916 0.00984867 0.01248848 0.01264703]
[0.00176525 0.00778107 0.0078367  0.00842228 0.0087034  0.00907189]
[0.00431824 0.00588766 0.00769882 0.00896926 0.00915488 0.00924062]
[0.00202234 0.00356855 0.00887605 0.01025747 0.01076028 0.01213264]
[0.00266587 0.00575518 0.00617044 0.00840626 0.00894277 0.00950003]
[0.00049204 0.00274553 0.00327563 0.00416936 0.0048435  0.00540382]
[0.00488851 0.0090317  0.01038232 0.01047668 0.01131046 0.012727  ]
[0.00213269 0.00529075 0.00696104 0.00727428 0.01209289 0.01265345]
[0.00415911 0.00646724 0.00712735 0.00919553 0.01119971 0.0116044 ]
[0.00773474 0.01056442 0.01225862 0.01248551 0.01674776 0.01847735]
[0.00038938 0.00102537 0.00374229 0.00533905 0.00616553 0.00688114]
[0.00160223 0.0020815  0.00447858 0.00639902 0.00794004 0.01049368]
[0.00511025 0.00560178 0.00614092 0.00634686 0.00651438 0.00771998]
[0.00914414 0.01153458 0.01219599 0.01503267 0.01503674 0.01551107]
[0.00590432 0.00901776 0.01021278 0.01068417 0.01188381 0.01219981]
[0.00748191 0.01184825 0.0125107  0.01323438 0.01434842 0.01555614]
[0.00363409 0.00406631 0.00589997 0.00678619 0.0097201  0.01116575]
[0.00568174 0.0112004  0.01235236 0.01427821 0.01488782 0.01562869]
[0.00401662 0.00499564 0.01167175 0.01221295 0.01352993 0.01414015]
[0.00486008 0.00610413 0.00705532 0.00782465 0.00807452 0.00834706]
[0.0031913  0.00783504 0.00837094 0.01042525 0.01057967 0.01111162]
[0.00302182 0.00537104 0.00834368 0.01071954 0.01169772 0.01222409]
[0.00538091 0.00636317 0.00699859 0.00910296 0.00919222 0.00979354]
[0.01092053 0.01138307 0.01201344 0.01256167 0.0131872  0.0132013 ]
[0.00520586 0.00838994 0.00854107 0.00985401 0.01118457 0.01253295]
[0.00739885 0.00850981 0.00874352 0.00877114 0.00889258 0.00989   ]
[0.00397598 0.00414653 0.00558327 0.00667804 0.00712225 0.00855703]
[0.00598797 0.00753026 0.00848395 0.00951637 0.01170232 0.01377684]
[0.01099452 0.01192484 0.01198399 0.01215606 0.01384966 0.01423833]
[0.00676993 0.00775255 0.00954563 0.01062579 0.01125128 0.01198536]
[0.00954185 0.01219291 0.01374138 0.0140059  0.01449011 0.0150468 ]
[0.00977641 0.01010499 0.01580757 0.01882826 0.01935676 0.0203101 ]
[0.00776687 0.00834318 0.01148357 0.01234594 0.01351377 0.01355662]
[0.00612508 0.00876647 0.01264756 0.01306082 0.01527439 0.01570834]
[0.00507973 0.0082117  0.01112462 0.01126295 0.01184968 0.01415996]
[0.00456725 0.00676115 0.00792119 0.01013264 0.01210462 0.01253313]
[0.00575392 0.00585448 0.00713559 0.01003465 0.0108498  0.01225096]
[0.00268407 0.00762024 0.00993072 0.01082365 0.01213692 0.01231536]
[0.00857399 0.00977652 0.0099773  0.01023493 0.01054979 0.01090223]
[0.00417564 0.00486267 0.00704668 0.00789412 0.00960214 0.00965096]
[0.00449957 0.00603073 0.00635749 0.00684693 0.00720586 0.00730536]
[0.00486008 0.00527455 0.00675951 0.00740476 0.0093614  0.00959175]
[0.00282669 0.00660044 0.00700549 0.00725995 0.01088428 0.0110008 ]
[0.00041374 0.00442912 0.00490891 0.00721562 0.00736328 0.00769368]
[0.00421608 0.0069216  0.00693919 0.00751176 0.00764996 0.00862052]
[0.00061061 0.00140152 0.00539831 0.00556678 0.00636567 0.00864376]
[0.00044128 0.00235998 0.00370048 0.00474132 0.00495567 0.0057958 ]
[8.21450375e-05 4.65613892e-04 1.74082153e-03 1.82348888e-03  2.11317523e-03 3.25260524e-03]
[6.99190159e-05 7.13475221e-04 1.37341478e-03 1.86343314e-03  3.35061003e-03 3.43808684e-03]
[0.00245226 0.00535962 0.00762245 0.00793503 0.00855407 0.00910348]
[0.00647595 0.01064504 0.01106273 0.01139377 0.01216005 0.01224379]
[0.00609636 0.00929192 0.0096608  0.01147366 0.01165464 0.01275812]
[0.00451835 0.00570798 0.00819035 0.0098423  0.00996449 0.01073493]
[0.00218999 0.0055835  0.00707765 0.00721025 0.00831    0.00901642]
[0.00580062 0.00714472 0.00858795 0.00962241 0.00991946 0.01001508]
[0.00403944 0.00562526 0.00593571 0.00607252 0.00686565 0.00693142]
[0.00662155 0.00671389 0.0069919  0.0072067  0.007786   0.00814959]
[0.00685757 0.00713013 0.00746432 0.00864219 0.00952596 0.01091891]
[0.00674784 0.00705434 0.00837731 0.00886141 0.01022868 0.01095299]
[0.00825518 0.00905253 0.00938539 0.00948205 0.01025175 0.01110645]
[0.00446629 0.0062017  0.00699061 0.0079895  0.0084661  0.00930982]
[0.003247   0.00461872 0.00640491 0.00675295 0.00744615 0.00890245]
[0.00511899 0.0101083  0.01105641 0.01157166 0.01213548 0.01253546]
[0.00368593 0.00625841 0.00766658 0.01003335 0.01080748 0.01102347]
[0.00532472 0.00854621 0.00858897 0.01144196 0.01177038 0.01185989]
[0.01007394 0.01008767 0.01024116 0.01124581 0.01436551 0.01515299]
[0.00634368 0.00790793 0.00864471 0.01158146 0.01239    0.01244588]
[0.0061835  0.00738764 0.00777844 0.00882341 0.00895056 0.00898243]
[0.00379812 0.00394595 0.0059448  0.00630046 0.00689383 0.00851219]
[0.00713865 0.00716336 0.0076468  0.00802634 0.00860197 0.00909246]
[0.00183308 0.0093254  0.01035421 0.01042167 0.01097144 0.01166442]
[0.00294656 0.00523817 0.0060648  0.00783147 0.00794451 0.00800481]
[0.00635994 0.00859627 0.00874616 0.00888326 0.01200726 0.01207832]
[0.00731614 0.00933561 0.01121083 0.01211325 0.01361489 0.0137444 ]
[0.00726447 0.00858911 0.00926319 0.0094468  0.00994899 0.01122273]
[0.00313913 0.00743348 0.00772347 0.00906771 0.00908824 0.01214059]
[0.00493668 0.00520134 0.00959847 0.00978742 0.00986587 0.00994665]
[0.0023746  0.00599534 0.00633556 0.00640354 0.00739264 0.00775652]
[0.00242844 0.00360615 0.00648821 0.00707351 0.00791392 0.00992501]
[0.00275898 0.00576219 0.00861441 0.00872107 0.01016918 0.01072323]
[0.00990331 0.0112012  0.01135783 0.01200837 0.01288736 0.01308984]
[0.00353587 0.00363646 0.00760521 0.00772145 0.0081513  0.01146456]
[0.00422595 0.00597562 0.00839272 0.0084371  0.00934172 0.01013066]
[0.00335315 0.0035424  0.01103741 0.01211384 0.01306082 0.01406658]
[0.00430553 0.00695892 0.00993995 0.01211447 0.01229498 0.0124916 ]
[0.00340587 0.00520293 0.00999645 0.01012269 0.01080574 0.011536  ]
[0.00357602 0.00404006 0.00798352 0.00946525 0.01069973 0.01415451]
[0.00714865 0.01150459 0.01423793 0.01606777 0.01706124 0.01867279]
[0.0078892  0.00881493 0.01051668 0.01084503 0.01150833 0.01162606]
[0.00391758 0.00716898 0.00777701 0.00787731 0.00929531 0.01034803]
[0.0047868  0.00669224 0.00734236 0.00790777 0.0085416  0.01091054]
[0.00424581 0.00502951 0.00507464 0.00542914 0.00785113 0.00819246]
[0.00049654 0.00527061 0.00595156 0.0065008  0.00833613 0.00845115]
[0.00039252 0.00122799 0.00394189 0.00433331 0.00468798 0.00573799]
[0.00166492 0.00382209 0.00387391 0.00435939 0.00736328 0.00747341]
[0.00030683 0.00040381 0.00066011 0.00226501 0.00449978 0.00560712]
[0.00110928 0.0013876  0.00249871 0.0045231  0.00484524 0.00663089]
[0.00076815 0.00334666 0.00554496 0.00795643 0.00961577 0.01162057]
[0.00534363 0.00833563 0.00908149 0.00935283 0.01044172 0.01063213]
[0.00790444 0.00913424 0.01003481 0.01491697 0.01615942 0.0170126 ]
[0.00305851 0.00524573 0.00546085 0.00918385 0.01085648 0.01114186]
[0.0010847  0.00141229 0.00547909 0.00573229 0.00688955 0.00777123]
[0.00328188 0.00584299 0.00646496 0.00699037 0.00841115 0.00921513]
[0.00350172 0.00490035 0.00560294 0.00914022 0.00919319 0.00923906]
[0.00699255 0.00758079 0.00872161 0.00967147 0.00976096 0.01019393]
[0.00083384 0.00275006 0.004942   0.00518    0.00589242 0.00634954]
[0.0052501  0.00838211 0.00884367 0.0092598  0.0098006  0.01075991]
[0.0008947  0.00790213 0.00951177 0.01119972 0.01162326 0.0131675 ]
[9.46845607e-05 7.99480959e-04 3.63726581e-03 4.77880059e-03  5.05959521e-03 5.97565378e-03]
[0.00071518 0.00128073 0.00164921 0.0023735  0.00632154 0.00667766]
[0.00251497 0.00499528 0.00571716 0.0059008  0.00591882 0.00705939]
[0.0044905  0.00535649 0.00853454 0.00872845 0.0095122  0.01039069]
[0.0063565  0.01023639 0.01169479 0.01226605 0.01412076 0.01449724]
[0.00556082 0.007188   0.00854419 0.01341708 0.01431281 0.01450024]
[0.00714477 0.00832665 0.00870182 0.00949376 0.0097586  0.01106039]
[0.00603009 0.00803068 0.00808809 0.01069197 0.01167862 0.01186051]
[0.00673926 0.00721333 0.00744766 0.00776268 0.00787944 0.00792267]
[0.00217541 0.00333029 0.00546701 0.0072011  0.00761817 0.00874139]
[0.00583321 0.00942763 0.00948573 0.00995153 0.01003541 0.01149013]
[0.00679979 0.01023204 0.01324905 0.01451941 0.01500511 0.0159826 ]
[0.00829832 0.01431711 0.01660988 0.01737905 0.02152611 0.02384442]
[0.01121632 0.01409472 0.01749978 0.02162233 0.02170128 0.02180361]
[0.01860264 0.02395056 0.02547652 0.02774394 0.02799044 0.03048987]
[0.01431566 0.01732539 0.01895136 0.0248793  0.02523503 0.02627041]
[0.01804225 0.02587431 0.0280723  0.02970872 0.0314177  0.03299256]
[0.01105798 0.01656628 0.01800239 0.01982147 0.02176052 0.02500912]
[0.01049993 0.0114798  0.01314995 0.01322204 0.01706337 0.01713187]
[0.01191502 0.01399673 0.01772984 0.01915133 0.02133658 0.02843747]
[0.01280803 0.01961638 0.02080791 0.02149925 0.02319627 0.02335991]
[0.01579467 0.01837975 0.01851741 0.01894339 0.02057307 0.02513128]
[0.01344384 0.01397835 0.01647438 0.01749364 0.01934388 0.02162732]
[0.00953684 0.01452905 0.01740158 0.02597182 0.02693332 0.02781823]
[0.02011987 0.02156539 0.02223947 0.02275185 0.02479896 0.02589153]
[0.00997259 0.01018898 0.01081842 0.01316266 0.01504049 0.01724702]
[0.01303572 0.01462278 0.01513725 0.01674717 0.02471772 0.02603456]
[0.00667073 0.01319511 0.0156238  0.01670301 0.01734174 0.01769104]
[0.00557207 0.01177889 0.01313722 0.01520554 0.01630083 0.01790206]
[0.00665322 0.00903665 0.01463637 0.02196932 0.02245313 0.02308011]
[0.00904565 0.01211923 0.01477922 0.01661609 0.02017325 0.02033205]
[0.00509019 0.00919698 0.01063833 0.01265366 0.01571097 0.017537  ]
[0.01372027 0.01757744 0.01832937 0.01888718 0.01939894 0.0212708 ]
[0.01571005 0.01679895 0.02214996 0.02283977 0.02342856 0.0236645 ]
[0.00665578 0.00947634 0.00982366 0.01017651 0.01097682 0.01215784]
[0.00953521 0.01001623 0.01056904 0.01088873 0.01172629 0.01190095]
[0.00363217 0.00872581 0.00948112 0.01030268 0.01093482 0.01275956]
[0.00841833 0.00845161 0.00864027 0.00996423 0.01034243 0.01134542]
[0.00513769 0.00566372 0.01055224 0.01195954 0.01241752 0.01298138]
None
[0.00265994 0.00935509 0.00955155 0.0098871  0.01235156 0.01303266]
[0.00725313 0.00773091 0.00931515 0.01030865 0.01055167 0.01197867]
[0.00271014 0.00727752 0.00801405 0.00838609 0.01230391 0.01333413]
[0.00379642 0.00850014 0.01001684 0.01082504 0.01090781 0.01361994]
[0.00398716 0.0042167  0.00814877 0.00856621 0.00912626 0.00966272]
[0.00903855 0.01095004 0.01395299 0.01498127 0.01555328 0.0195603 ]
[0.00707079 0.00710079 0.00745903 0.00886859 0.00904358 0.01137405]
[0.0059025  0.01165187 0.01438392 0.01526229 0.0170761  0.01784463]
[0.0076709  0.00923545 0.00943866 0.012878   0.01650804 0.0185682 ]
[0.01253079 0.01299328 0.01338568 0.01488279 0.01564421 0.01667121]
[0.01257574 0.01261095 0.01611033 0.01695737 0.01870478 0.02057116]
[0.0098092  0.01121722 0.01313283 0.01404952 0.01549342 0.01592791]
[0.00558122 0.0083106  0.01195807 0.01249858 0.01346343 0.01379357]
[0.01272406 0.018521   0.02025946 0.02029807 0.02127493 0.02206914]
[0.01009621 0.01257599 0.01277838 0.0171978  0.01776442 0.01942704]
[0.00728088 0.00883841 0.01229757 0.01279105 0.01591324 0.016015  ]
[0.00888327 0.00992826 0.01511264 0.0185202  0.01867356 0.01871229]
[0.00599133 0.00699603 0.00704729 0.01177006 0.01187432 0.01286831]
[0.00966843 0.01303854 0.01555108 0.01605343 0.01627209 0.01639827]
[0.00992063 0.01112382 0.01232825 0.01412807 0.01437452 0.01441172]
[0.00761091 0.01405478 0.01661324 0.01779539 0.01784028 0.01813011]
[0.00913435 0.01258031 0.0145779  0.01495554 0.01718884 0.01745536]
[0.00932761 0.01001063 0.0138769  0.01408036 0.01443506 0.01566856]
[0.0089871  0.00929579 0.00995503 0.01337968 0.01357046 0.0143071 ]
[0.00884117 0.00937436 0.00990421 0.00996028 0.01175183 0.01178707]
[0.01203874 0.01503465 0.01526473 0.01736471 0.0178388  0.0184589 ]
[0.00755538 0.00869037 0.00929029 0.01369403 0.01406364 0.01429108]
[0.01071873 0.01111073 0.01236775 0.01243169 0.01258327 0.01266224]
[0.00431656 0.00815475 0.00833636 0.00957883 0.01377092 0.01417503]
[0.01190813 0.01267447 0.01322046 0.01600683 0.01640316 0.01695307]
[0.00692561 0.01265289 0.01279128 0.01313191 0.01420544 0.01594988]
[0.00518522 0.01402185 0.01427713 0.01435221 0.01481527 0.01955939]
[0.00959859 0.01072886 0.01094695 0.01246261 0.01248386 0.01290667]
[0.00788449 0.01021909 0.0107942  0.01292379 0.01300197 0.01302944]
[0.00902441 0.00932946 0.01004533 0.01023701 0.01136667 0.01148325]
[0.00518372 0.010529   0.01141597 0.01263767 0.01290844 0.01439657]
[0.00576056 0.00763726 0.00807294 0.01128185 0.01190364 0.01450404]
[0.01073817 0.01119818 0.01188689 0.01320648 0.01904964 0.0215568 ]
[0.0088932  0.00961515 0.01046845 0.01064142 0.01288919 0.01326467]
[0.01173537 0.01316615 0.01458463 0.01488373 0.01666141 0.01807391]
[0.01694665 0.01966684 0.0215153  0.02262343 0.02326051 0.02359884]
[0.01579814 0.01652828 0.01698877 0.01754912 0.01777704 0.02137408]
[0.00904963 0.01192767 0.01596145 0.01621087 0.0165414  0.01657849]
[0.01297613 0.01543201 0.0156199  0.01596076 0.01637362 0.01662749]
[0.01594333 0.01630252 0.01685963 0.01783652 0.01953184 0.01959033]
[0.01029782 0.0114791  0.01172954 0.01240094 0.01363364 0.01705154]
[0.00790426 0.01053556 0.01164389 0.01169766 0.01183343 0.01205655]
[0.00830027 0.00933401 0.01010774 0.01107603 0.01306227 0.01501964]
[0.00543405 0.01412732 0.01543676 0.01673097 0.0200965  0.02013619]
[0.00747648 0.00818196 0.01274531 0.01704088 0.01756177 0.01890279]
[0.0172773  0.02063475 0.02072973 0.02342359 0.02444932 0.02450435]
[0.01112304 0.01449961 0.01659353 0.01822978 0.01946745 0.02351134]
[0.0077634  0.00808994 0.0106655  0.01540014 0.01675034 0.01687305]
[0.00803263 0.00865013 0.01004925 0.01055214 0.0146031  0.0147096 ]
[0.00772225 0.01744026 0.0179432  0.0219996  0.02216855 0.02322231]
[0.0097038  0.01616671 0.01924641 0.02096285 0.0217455  0.02225319]
[0.0109462  0.01340599 0.01493409 0.02175411 0.02535728 0.02664817]
[0.01479804 0.01696384 0.02106864 0.02788817 0.03019093 0.03144337]
[0.01439332 0.02309851 0.02789477 0.02820446 0.02867518 0.02871703]
[0.01340426 0.01964641 0.02732218 0.0276944  0.02927968 0.03066503]
[0.00976792 0.01219386 0.01239595 0.01445634 0.01927442 0.01963025]
[0.01116584 0.01491488 0.01601478 0.01787401 0.01861469 0.01909348]
[0.00940777 0.01325142 0.01375264 0.01424636 0.01506111 0.01637315]
[0.01194651 0.01228444 0.01285941 0.01327649 0.01343033 0.013802  ]
[0.00549958 0.0087198  0.00904568 0.00980318 0.01170404 0.01642056]
[0.01082209 0.01150584 0.01338125 0.01649049 0.01709002 0.01782984]
[0.01171203 0.01322828 0.01365816 0.01596625 0.01608392 0.0163541 ]
[0.00524472 0.00900498 0.01172257 0.01188658 0.01428995 0.01494447]
[0.00344877 0.01047856 0.01304037 0.01565918 0.01999409 0.02164061]
[0.01189316 0.01290639 0.01673426 0.01794954 0.02119477 0.02254801]
[0.00739211 0.01049026 0.01543928 0.01887275 0.02223763 0.02305557]
[0.01696407 0.01834786 0.01870185 0.0188313  0.01953684 0.02190839]
[0.01423909 0.0164544  0.01769457 0.01813282 0.01858571 0.02194833]
[0.01468899 0.01618398 0.01898649 0.01934736 0.02023016 0.02028006]
[0.01210513 0.01570031 0.01736192 0.01919374 0.01998653 0.02100903]
[0.00779045 0.00935124 0.01209322 0.01305615 0.01372555 0.01605007]
[0.0081565  0.01160604 0.01162054 0.01203952 0.01205592 0.01217668]
[0.00451218 0.00944781 0.0111657  0.01167219 0.01300994 0.01560918]
[0.00931387 0.01255365 0.01357695 0.0150396  0.01825209 0.02049698]
[0.00991729 0.01136725 0.01248053 0.01395966 0.01510414 0.01515546]
[0.01004745 0.01327984 0.01360312 0.01564127 0.01671569 0.02001329]
[0.00422353 0.00595244 0.00692506 0.00694853 0.00911078 0.00917413]
[0.01239376 0.01430525 0.01520338 0.01594255 0.0163615  0.01741274]
[0.00602908 0.01336655 0.01350851 0.0141258  0.01428759 0.01486129]
[0.00711739 0.00809131 0.00848924 0.00997344 0.01087342 0.01380662]
[0.01259728 0.01290041 0.01293331 0.01553424 0.01694423 0.01810571]
[0.00462606 0.01391226 0.01511714 0.01701955 0.01972886 0.0203806 ]
[0.01281845 0.01326379 0.01720136 0.01861138 0.01935215 0.02035233]
[0.00730133 0.01043746 0.01071376 0.01099284 0.01203682 0.01387388]
[0.0032508  0.00439088 0.00626015 0.00847873 0.01033029 0.01171985]
[0.00337389 0.00612868 0.00825115 0.00979366 0.01413024 0.01671746]
[0.0076435  0.00784282 0.01184267 0.01317066 0.01339313 0.01395964]
[0.00222813 0.0029712  0.00407753 0.00687722 0.00702705 0.00825564]
[0.00329964 0.00862343 0.00884863 0.0107293  0.01124013 0.01215037]
[0.00779679 0.01171268 0.01465336 0.01638215 0.01777914 0.01889444]
[0.0024705  0.0043831  0.00707409 0.00842186 0.01114777 0.01150045]
[0.00361038 0.00471781 0.00684825 0.00863969 0.00987436 0.01127156]
[0.00539299 0.00653826 0.00844048 0.01112814 0.01361947 0.01457444]
[0.00335479 0.00710707 0.01021441 0.01314733 0.01393279 0.0182487 ]
[0.00707591 0.0082901  0.01080786 0.01156392 0.01159685 0.01162857]
[0.00820127 0.00823708 0.0120961  0.01296807 0.01524508 0.01542973]
[0.00585839 0.00637328 0.00920957 0.01352211 0.0138815  0.01396214]
[0.00867684 0.00880877 0.00922041 0.00992974 0.01056749 0.01227773]
[0.00561733 0.0092604  0.01537202 0.01582995 0.01889795 0.0190266 ]
[0.00921636 0.01027452 0.01234523 0.01276232 0.01325043 0.01448335]
[0.00945893 0.01164247 0.01477226 0.01526983 0.01574911 0.01643932]
[0.00082731 0.01152324 0.01310418 0.01362687 0.01581783 0.01704566]
[0.00558987 0.00567636 0.00969009 0.01028787 0.01074295 0.01106043]
[0.00312327 0.00699541 0.00859146 0.00862487 0.01084685 0.0113885 ]
[0.00878512 0.01100282 0.01181548 0.01272016 0.01311119 0.01323791]
[0.00807102 0.00819927 0.0113622  0.01421196 0.01506787 0.01606295]
[0.00312686 0.00573809 0.00611909 0.00899958 0.01089805 0.01197724]
[0.00374271 0.00446091 0.00627823 0.00739519 0.00865292 0.01011153]
[0.01309475 0.01321397 0.01344105 0.01386187 0.01615481 0.01680388]
[0.00982237 0.01238516 0.01255151 0.01538368 0.01570341 0.01793186]
[0.01217325 0.01712211 0.01807167 0.0186271  0.02007558 0.02109444]
[0.01155657 0.01214474 0.01340497 0.01604367 0.01608481 0.01648937]
[0.0086672  0.00967901 0.01027837 0.01164968 0.01234776 0.0136823 ]
[0.00780948 0.01016098 0.01326459 0.01453431 0.01524788 0.01570612]
[0.00980615 0.01054092 0.01373803 0.01486254 0.01681227 0.01825663]
[0.01114891 0.01441297 0.01447048 0.01633129 0.01720313 0.01770588]
[0.00154386 0.00538297 0.00637842 0.0072233  0.00781051 0.00791168]
[0.00787315 0.00913382 0.01074199 0.01355686 0.01395355 0.01416879]
[0.00701425 0.00744394 0.00864481 0.0094434  0.01272665 0.01451556]
[0.0087027  0.01019675 0.01135295 0.01351105 0.01853611 0.01859593]
[0.01069099 0.01335673 0.01412001 0.0147863  0.01650312 0.01725742]
[0.01195121 0.01247419 0.01285158 0.013386   0.01440567 0.01823099]
[0.00809941 0.00925794 0.0095604  0.01132993 0.01227651 0.01252776]
