[0.00346788 0.00430942 0.00454692 0.00602973 0.00606312 0.00644981]
[0.00130585 0.00134689 0.00218287 0.00266045 0.00301514 0.0034165 ]
[0.00255572 0.00270341 0.00339954 0.00379367 0.00465792 0.00516167]
[0.00215134 0.00287979 0.00300252 0.00337258 0.00399453 0.00422986]
[0.0020229  0.0022995  0.00295213 0.00300443 0.00304701 0.00318167]
[0.00202419 0.00222737 0.00242888 0.00325189 0.00336599 0.00362075]
[0.0016375  0.00193931 0.00303661 0.00321024 0.00382619 0.00386684]
[0.00076546 0.00183473 0.00195797 0.00277333 0.00300311 0.00310014]
[0.00061515 0.00102888 0.00212718 0.00276989 0.00319627 0.00328398]
[0.00191428 0.0027765  0.00424586 0.00442029 0.00461664 0.00479692]
[0.00211231 0.00217544 0.00253411 0.00333191 0.00338376 0.00388766]
[0.00024198 0.00246351 0.00277683 0.00321509 0.00395447 0.00411796]
[0.0017825  0.00187002 0.002038   0.00250207 0.00269657 0.0029133 ]
[0.00196659 0.00199989 0.00222019 0.00235104 0.00258315 0.00340432]
[0.00155785 0.00209983 0.00219283 0.00261512 0.00273768 0.00345969]
[0.00194121 0.00341137 0.00348742 0.00365194 0.00383355 0.00402369]
[0.00291194 0.00326277 0.00428254 0.00441603 0.00508427 0.00516007]
[0.0008699  0.00171266 0.00294001 0.00338601 0.00341367 0.00354862]
[0.00137281 0.00167401 0.00186053 0.0026875  0.00277029 0.00303067]
[0.00193752 0.00269157 0.00288256 0.00299019 0.00349624 0.00372514]
[0.00281851 0.00307577 0.00431374 0.00446479 0.00451757 0.00465743]
[0.00095058 0.00202039 0.00362442 0.00364688 0.00443054 0.0047614 ]
[0.00094315 0.00201215 0.00222416 0.00381347 0.00386337 0.00413294]
[0.00309903 0.00336426 0.00361542 0.00410726 0.00444384 0.00497307]
[0.00048892 0.0024722  0.00286497 0.00298489 0.00317387 0.00342356]
[0.00152914 0.00169541 0.00238808 0.0025583  0.00260894 0.00317867]
[0.00090812 0.00200297 0.00224276 0.00343416 0.00360355 0.00361969]
[0.0014878  0.00234052 0.00383751 0.00414542 0.0042021  0.0043973 ]
[0.00190478 0.00223124 0.00339071 0.00420744 0.00468648 0.00483643]
[0.00090516 0.00182878 0.00253166 0.00264497 0.0032272  0.00342245]
[0.00238178 0.00265117 0.00275674 0.00384405 0.0038572  0.0045876 ]
[0.00256939 0.00260026 0.002681   0.00301752 0.00355198 0.00364519]
[0.00045388 0.00160826 0.00190436 0.00203278 0.00229318 0.00292957]
[0.00172063 0.00176592 0.00196069 0.00218761 0.00233515 0.00257619]
[0.0015243  0.00182239 0.00207467 0.00268277 0.00332025 0.00355097]
[0.00166811 0.00168039 0.0019336  0.00264814 0.003215   0.00346107]
[0.00095622 0.00166972 0.00195769 0.00215059 0.00257908 0.00298519]
[0.00142884 0.00152339 0.00194643 0.00201392 0.0021969  0.00254926]
[0.00160609 0.00242882 0.00290925 0.00304765 0.00333572 0.00390476]
[0.00241982 0.00256296 0.00298891 0.00317459 0.00338723 0.00392376]
[0.00231024 0.0029436  0.00363671 0.00364541 0.00379932 0.00389309]
[0.00169043 0.00225209 0.00268562 0.00309579 0.00315055 0.00343288]
[0.0015964  0.00275541 0.00305651 0.00312811 0.00335621 0.00341597]
[0.00242749 0.0031934  0.00322821 0.00338237 0.00400528 0.00472522]
[0.00280304 0.00395679 0.00397    0.00424929 0.00432545 0.00447791]
[0.00110726 0.00370666 0.00377848 0.00420633 0.00441091 0.00471833]
[0.00085893 0.00088178 0.00228381 0.00332665 0.00389872 0.0045135 ]
[0.00163976 0.00288385 0.00361491 0.0040952  0.00412956 0.0047409 ]
[0.00264246 0.00265694 0.0026849  0.00363408 0.00367969 0.00369269]
[0.00165062 0.00203412 0.00227419 0.00243693 0.00291203 0.00293359]
[0.00179492 0.00205027 0.00237116 0.00264249 0.00275358 0.00284865]
[0.00240101 0.00253543 0.00318622 0.00338954 0.0035645  0.00379114]
[0.00215889 0.00232206 0.00249888 0.00275155 0.00318362 0.00329943]
[0.00087824 0.00139663 0.00161545 0.00183318 0.00252617 0.00283724]
[0.00145192 0.00447285 0.00454479 0.00477254 0.00512243 0.00519144]
[0.00103092 0.00163659 0.00265532 0.00279719 0.00284213 0.00288203]
[0.0015724  0.00235647 0.00260478 0.00267419 0.00280602 0.00286588]
[0.00169852 0.00195592 0.00241233 0.00251271 0.00254788 0.00255497]
[0.00196937 0.00252516 0.00321835 0.0034605  0.00406228 0.00414155]
[0.00229321 0.00271016 0.00299146 0.00318454 0.00341406 0.00399574]
[0.00111477 0.00133246 0.00183504 0.00263207 0.00281044 0.00397993]
[0.00239393 0.00324468 0.00334198 0.00360943 0.00367582 0.00371004]
[0.001534   0.00192522 0.00245945 0.0025207  0.00276086 0.00310414]
[0.0009385  0.00157654 0.00171946 0.00247362 0.00270333 0.00295782]
[0.00036245 0.00064357 0.00205602 0.00251161 0.00273811 0.00288373]
[0.00181556 0.00250091 0.00273714 0.00284669 0.00308125 0.00314469]
[0.00084668 0.00169177 0.00284173 0.00298955 0.00302308 0.0031878 ]
[0.0010326  0.00142137 0.00185514 0.00232895 0.00248491 0.00251934]
[0.00144313 0.00183808 0.00185501 0.00221187 0.00237689 0.00243186]
[0.00048163 0.00070358 0.00116092 0.00143294 0.00154296 0.00158827]
[0.00094333 0.00101212 0.00150574 0.00171551 0.00188367 0.00198584]
[0.00178929 0.00252137 0.00264474 0.00276084 0.00297157 0.00297545]
[0.00151903 0.00156293 0.0023105  0.00289654 0.00292165 0.00295777]
[0.00120868 0.00146517 0.00175591 0.00203583 0.00222214 0.00237486]
[0.00043426 0.00045016 0.00118965 0.00149185 0.00164283 0.00192105]
[0.00129476 0.00140521 0.00146267 0.00160932 0.00214804 0.00217524]
[0.00102412 0.00112591 0.00120333 0.00144108 0.00160458 0.00164725]
[0.00023019 0.00078424 0.00107189 0.00164273 0.00178391 0.00189561]
[0.00025014 0.00106323 0.00152934 0.00156183 0.00224173 0.00232891]
[0.00062465 0.00094563 0.00096637 0.00122349 0.00137    0.0022006 ]
[0.00049301 0.00076177 0.00080501 0.00092636 0.00098344 0.00106875]
[0.00048534 0.00050792 0.0006317  0.00065194 0.00082386 0.00098859]
[0.00045714 0.00076429 0.00085756 0.00098769 0.00124707 0.00129103]
[0.00029135 0.00105561 0.00119344 0.00142608 0.0015384  0.0017573 ]
[0.00043264 0.00067148 0.00084136 0.0008788  0.00122715 0.00156988]
[0.00069382 0.00082356 0.00092351 0.00102865 0.0010992  0.0017303 ]
[0.0006594  0.00079924 0.00097728 0.00109728 0.00146792 0.00172793]
[0.00051476 0.00068545 0.00071917 0.00079936 0.00083524 0.00121016]
[0.00017198 0.00033893 0.00037173 0.00041671 0.00094294 0.00111666]
[0.0006986  0.00084687 0.00087892 0.00087998 0.00105023 0.00146528]
[9.68254842e-05 3.04690411e-04 7.05982102e-04 7.91100314e-04  8.49242163e-04 8.98333837e-04]
[0.00045889 0.00057064 0.00095137 0.00120591 0.00123931 0.00129184]
[0.00084443 0.00095075 0.00099885 0.00104268 0.00107561 0.00108893]
[0.00074782 0.00089777 0.00096826 0.00099741 0.00107191 0.00122259]
[0.00050898 0.00066384 0.00077387 0.00094616 0.00102608 0.001079  ]
[0.00065823 0.00101415 0.00108678 0.00111361 0.00146429 0.00152947]
[0.00048867 0.00053606 0.00073733 0.00087767 0.00110529 0.00152377]
[0.00053797 0.00062272 0.0008348  0.00085319 0.00142346 0.00153598]
[0.00057231 0.00119761 0.00138081 0.001514   0.00165263 0.00185523]
[0.0005536  0.00067088 0.00069136 0.00083472 0.00102054 0.00104657]
[0.00070196 0.00120764 0.0014053  0.00146327 0.0015187  0.00160773]
[0.00064632 0.00075024 0.00107833 0.00149108 0.00159965 0.00165354]
[0.00043227 0.00056411 0.00060333 0.00071247 0.00085105 0.00106379]
[0.00054652 0.00088237 0.00109111 0.00148739 0.0016564  0.00169867]
[0.00029242 0.0006167  0.00076603 0.00124474 0.00145588 0.00162809]
[0.00066599 0.00125362 0.00168805 0.00169213 0.00176175 0.00197265]
[0.00064034 0.00073999 0.00106378 0.00120323 0.00125546 0.00137277]
[0.00043865 0.00067241 0.00076294 0.00079944 0.00139392 0.00151637]
[0.00041341 0.00047695 0.00064901 0.00068228 0.00109319 0.00119184]
[0.0003272  0.00046965 0.00052001 0.00088346 0.00089182 0.00100091]
[0.00040559 0.00063394 0.00073067 0.00135389 0.00149132 0.00162547]
[0.00046625 0.00057858 0.00066296 0.00076174 0.00110851 0.00141246]
[0.00070938 0.00138454 0.00162023 0.00174608 0.00180249 0.00197223]
[0.00074618 0.00080878 0.00092576 0.00101742 0.00125831 0.00154943]
[0.00061356 0.00078699 0.00088285 0.00154477 0.00186173 0.00206899]
[0.00098944 0.00133121 0.00140139 0.00141856 0.00143949 0.00152963]
[0.00058996 0.00063712 0.00085832 0.00087    0.00097645 0.00106598]
[0.00079655 0.00112969 0.00156576 0.00169004 0.00178626 0.00197353]
[0.00035736 0.0008297  0.00103354 0.00173985 0.00179505 0.00223768]
[0.00072534 0.00179185 0.00179737 0.00190477 0.00198937 0.00221563]
[0.00080821 0.00150793 0.00156289 0.00180267 0.00193448 0.00204456]
[0.00102708 0.00145957 0.00167024 0.00224501 0.00237953 0.00245285]
[0.00082501 0.00087295 0.00104969 0.00120623 0.00185416 0.00205029]
[0.00061248 0.00078525 0.00099938 0.00172703 0.00195103 0.00203428]
[0.00022847 0.00085603 0.00101215 0.00184983 0.00238022 0.0024958 ]
[0.00054345 0.00067849 0.00149891 0.00165058 0.0016947  0.00193939]
[0.0007515  0.00116882 0.00134034 0.00147719 0.00163754 0.0018023 ]
[0.00026245 0.00040168 0.00054753 0.0008392  0.00088903 0.0011967 ]
[0.00106709 0.00133209 0.00145554 0.00231348 0.00234892 0.00240831]
[0.00072014 0.00079154 0.00084622 0.00094482 0.00112424 0.00145095]
[0.00071732 0.0008954  0.00095415 0.00141126 0.00173914 0.00193099]
[0.00030406 0.00059008 0.0007118  0.00088958 0.00138043 0.00144679]
[0.00078291 0.00087821 0.00136937 0.0013924  0.00144063 0.00148264]
[0.00063398 0.00066104 0.00071848 0.00094502 0.00118912 0.00135924]
[0.0005758  0.00064771 0.00066678 0.0007442  0.00087674 0.00122462]
[0.00045453 0.00058077 0.00078247 0.00083252 0.00084948 0.00085501]
[0.00038114 0.0004517  0.00053151 0.00062328 0.0007773  0.00081848]
[0.00047864 0.00080006 0.00105443 0.00118902 0.00122592 0.00132591]
[0.00071571 0.00075206 0.00102361 0.00103678 0.00108722 0.00109161]
[0.00021091 0.00035367 0.00095843 0.00107418 0.00140703 0.0020004 ]
[0.00036883 0.00048441 0.00067791 0.00098418 0.00159755 0.00164963]
[0.00100622 0.00113223 0.00119623 0.00121527 0.00124866 0.00179037]
[0.00090871 0.00120098 0.00140812 0.00151016 0.00156312 0.00162649]
[0.0006427  0.00081572 0.00110232 0.0015405  0.00172089 0.00187145]
[0.00049481 0.00078687 0.00121656 0.00124347 0.0013404  0.00147492]
[0.00066987 0.00137231 0.00157348 0.00186359 0.00195357 0.00198438]
[0.00105255 0.00124039 0.00126143 0.00135975 0.00219372 0.00227537]
[0.00084106 0.00112234 0.00164775 0.00172378 0.00209928 0.00257305]
[0.00138202 0.00162564 0.00163058 0.00168196 0.00241564 0.00249085]
[0.0010731  0.00130559 0.00136362 0.00138555 0.00183767 0.00193041]
[0.00054634 0.00121313 0.00148746 0.00155741 0.001665   0.001725  ]
[0.00047449 0.00077489 0.00084988 0.00102979 0.00109442 0.00111692]
[0.00047191 0.00055193 0.00067509 0.00071683 0.00092514 0.00106978]
[0.00041826 0.00045699 0.00066554 0.00086357 0.00144822 0.00221673]
[0.00043597 0.00071918 0.00075774 0.00083737 0.00122708 0.00145511]
[0.00025834 0.00100606 0.00145334 0.00165048 0.00168726 0.0020654 ]
[0.0005323  0.00066587 0.00088081 0.00111949 0.00154461 0.00205046]
[0.0005019  0.00066585 0.00099881 0.00104558 0.00109063 0.00110419]
[0.00025498 0.00051033 0.00053234 0.00063687 0.0013797  0.00144805]
[0.00077906 0.00129637 0.00142041 0.00159368 0.00167221 0.00182272]
[0.00114058 0.0012442  0.00125087 0.00158213 0.00163089 0.00195595]
[0.00076232 0.00080258 0.00087583 0.00130547 0.00146722 0.0016365 ]
[0.00050414 0.00111311 0.00117522 0.00137911 0.00138557 0.00158748]
[0.00051235 0.00163723 0.00212324 0.00218124 0.00227044 0.00278169]
[0.00117638 0.00145599 0.00183138 0.0021182  0.00235109 0.00264264]
[0.00068863 0.00099005 0.00100493 0.00118107 0.00146599 0.00151278]
[0.00134324 0.00137995 0.00140979 0.00194215 0.00265623 0.00282293]
[0.00089002 0.00150071 0.00167234 0.00230049 0.00243418 0.00251967]
[0.00032936 0.00045449 0.00110321 0.00116547 0.00139271 0.00183816]
[0.00199372 0.00230231 0.00284943 0.00300217 0.00303945 0.00306676]
[0.00176474 0.00246812 0.00270393 0.00270565 0.00275676 0.00286614]
[0.00038839 0.00107204 0.00194628 0.00215595 0.00220091 0.00224478]
[0.0003591  0.00166745 0.00198651 0.00212418 0.00240586 0.00240917]
[0.00138184 0.00176293 0.00199766 0.00201874 0.00237871 0.00241005]
[0.00165089 0.00194357 0.00206036 0.00234113 0.00269636 0.00280668]
[0.0020961  0.00275566 0.00293977 0.00344722 0.00354769 0.00364074]
[0.00181257 0.00192021 0.00207483 0.0021057  0.00252286 0.00267362]
[0.00224605 0.00253647 0.00260653 0.00267411 0.00343059 0.00373099]
[0.0010396  0.00178455 0.00180939 0.0021318  0.00218772 0.00263837]
[0.00178371 0.00201847 0.00220687 0.00252021 0.00255836 0.00261687]
[0.00133665 0.00233942 0.00258924 0.00276791 0.00343099 0.00344644]
[0.00104369 0.00166832 0.0018746  0.00245949 0.00334844 0.00350148]
[0.00032344 0.00091767 0.00103981 0.00137506 0.00152454 0.00161929]
[0.00070399 0.00194704 0.00217358 0.00233664 0.00250838 0.00303459]
[0.00033585 0.00076477 0.00084184 0.00105477 0.00115995 0.00157263]
[0.00126706 0.00132614 0.0017982  0.00193029 0.00252797 0.00269154]
[0.00115711 0.00126155 0.00236399 0.00244369 0.00251097 0.00257247]
[0.00161916 0.00199681 0.00201933 0.00204261 0.00218388 0.00225525]
[0.00095106 0.00155186 0.00211994 0.00226965 0.00232508 0.00254385]
[0.00134563 0.00159442 0.00226504 0.00241559 0.00245656 0.00262713]
[0.00057888 0.00090084 0.00117358 0.00139406 0.00220379 0.00256063]
[0.00096199 0.00183805 0.00240245 0.00263939 0.00266844 0.00272078]
[0.00144158 0.00153707 0.00180464 0.00225783 0.0022739  0.00267688]
[0.00101398 0.00141011 0.00149396 0.00161214 0.00189745 0.00208332]
[0.0016411  0.00211865 0.00252394 0.00272928 0.00307996 0.00314868]
[0.00148963 0.00163943 0.00194177 0.00206702 0.00209837 0.00240338]
[0.00101014 0.00148902 0.001646   0.00194703 0.00251934 0.0029814 ]
[0.00163682 0.00178655 0.00218547 0.00220987 0.0025165  0.00324667]
[0.00106352 0.0013401  0.00176892 0.0017897  0.0018958  0.00257806]
[0.00126186 0.00130738 0.00249002 0.00262687 0.00268768 0.00281053]
[0.00035461 0.00077118 0.00099206 0.00114047 0.00152395 0.00158416]
[0.00097752 0.00206644 0.00226225 0.00231544 0.002474   0.00301159]
[0.00026859 0.00182305 0.00238652 0.00254022 0.0028649  0.00304088]
[0.00115908 0.00181557 0.00201165 0.00226106 0.00260549 0.00289889]
[0.00215148 0.00215454 0.00223646 0.00241079 0.00276193 0.00295311]
[0.00310282 0.00333741 0.00340111 0.00347513 0.00356203 0.00365342]
[0.00228593 0.00240506 0.00287739 0.00292517 0.00296131 0.00305419]
[0.0008041  0.0015337  0.00186579 0.00201328 0.0022796  0.002582  ]
[0.00058286 0.00242538 0.00263369 0.00272939 0.00283779 0.00288634]
[0.00247883 0.00344542 0.0035856  0.00399151 0.00422337 0.00426093]
[0.00233221 0.00280974 0.0029233  0.00353693 0.00392297 0.00405543]
[0.00268948 0.00336241 0.0047312  0.00475991 0.00496474 0.00537796]
[0.00256079 0.00509465 0.00514853 0.00554882 0.00568866 0.00577623]
[0.00187641 0.00233449 0.00308241 0.00410692 0.00433901 0.00548053]
[0.00206776 0.00318102 0.00381394 0.00416181 0.00453952 0.00464686]
[0.00310378 0.00325811 0.00327745 0.00382633 0.00394709 0.0041326 ]
[0.00182618 0.00239996 0.00269643 0.00270306 0.00299137 0.00333701]
[0.00310798 0.00344867 0.00357038 0.00412263 0.00420699 0.00464147]
[0.00072526 0.00249947 0.00265078 0.00293848 0.0032264  0.00411848]
[0.00129781 0.00272657 0.00289488 0.00300462 0.00311796 0.00319171]
[0.00353215 0.00365348 0.00409573 0.00441759 0.00447085 0.00478426]
[0.00177468 0.00253492 0.00325056 0.00404068 0.00415112 0.00426166]
[0.00277461 0.00290646 0.00374513 0.00376812 0.00383857 0.00410817]
[0.0023563  0.00247853 0.00375274 0.0040046  0.00465895 0.00469834]
[0.00478095 0.00486147 0.00612163 0.00613246 0.00659379 0.00661834]
[0.00186836 0.00262497 0.0032232  0.00420686 0.00511439 0.00529272]
[0.0013463  0.00175513 0.00198144 0.00445618 0.00448407 0.00513837]
[0.00257852 0.00283752 0.00361359 0.00412218 0.00448781 0.00454924]
[0.00158063 0.00252717 0.00414648 0.00452044 0.0045556  0.0046684 ]
[0.00275159 0.00337457 0.00496869 0.00553468 0.00622259 0.00669179]
[0.00216715 0.00252859 0.00376005 0.00395602 0.00513856 0.00541079]
[0.0037491  0.00499562 0.00507002 0.00507381 0.00602503 0.00612025]
[0.00347711 0.00361167 0.00422822 0.00446705 0.00447198 0.00472513]
[0.0027569  0.00283848 0.00330777 0.00385302 0.00385623 0.00395076]
[0.00154267 0.00243683 0.00257073 0.00293854 0.00321215 0.00362315]
[0.00109094 0.00126226 0.00267205 0.00281163 0.0033348  0.00356475]
[0.00256422 0.00288271 0.00340628 0.00344528 0.00363067 0.00457084]
None
[0.00216885 0.00294538 0.00318171 0.00335657 0.00350386 0.0037271 ]
[0.00220676 0.00235046 0.00253963 0.00262051 0.00291857 0.00327262]
[0.00234071 0.00253583 0.00261416 0.00296002 0.00324906 0.0032897 ]
[0.00150879 0.0015746  0.00251309 0.00289347 0.00298849 0.00308368]
[0.00119143 0.00277888 0.00304357 0.00331188 0.00413572 0.00423189]
[0.00148733 0.00244945 0.00268792 0.00294776 0.00355367 0.00370119]
[0.00092518 0.00188406 0.00208889 0.00219875 0.00224661 0.00313224]
[0.00086216 0.00127743 0.0016666  0.00234567 0.00242596 0.0024924 ]
[0.00165915 0.00237983 0.00249526 0.0031114  0.00378927 0.00395941]
[0.00357708 0.00366187 0.00385509 0.00397991 0.00444281 0.00463697]
[0.00200026 0.00292998 0.00367882 0.00386266 0.00407201 0.00414843]
[0.00176902 0.00230517 0.00254046 0.00362851 0.0037307  0.00399058]
[0.00304013 0.00337334 0.00372137 0.00381216 0.00383589 0.00454941]
[0.00253304 0.00299361 0.00312632 0.00402735 0.00464138 0.00499802]
[0.00231364 0.00301    0.00402938 0.00459613 0.00472499 0.00529734]
[0.00199852 0.00298989 0.00299557 0.00305364 0.00348265 0.00353539]
[0.00248684 0.00363036 0.00429117 0.00443839 0.00567156 0.00586194]
[0.00313948 0.00315894 0.00325975 0.00327854 0.00335951 0.00350111]
[0.00180907 0.0025552  0.00287113 0.00319135 0.00356365 0.00390227]
[0.00212966 0.00292609 0.00366298 0.00397898 0.00425377 0.00474415]
[0.00093748 0.00218977 0.00389649 0.0041984  0.00476535 0.00483192]
[0.00238084 0.00285976 0.00289148 0.0029662  0.00396926 0.00406872]
[0.00253599 0.00258699 0.00281051 0.0037047  0.00403408 0.00466493]
[0.00206326 0.00267715 0.00286602 0.0030903  0.00393978 0.00409457]
[0.00408052 0.00422404 0.0044026  0.00445477 0.00481471 0.0048504 ]
[0.0014981  0.00154698 0.00163084 0.00224536 0.00232449 0.00263168]
[0.00225889 0.00274374 0.00331169 0.00336431 0.00356111 0.00433424]
[0.00198862 0.00225331 0.00399323 0.00406933 0.00428013 0.00458562]
[0.00187759 0.00243352 0.00260699 0.00269028 0.00293357 0.00325653]
[0.00161729 0.0023413  0.00261803 0.00369629 0.00427029 0.00474677]
[0.00157565 0.00305764 0.00369133 0.00445296 0.0046056  0.00476963]
[0.00147033 0.00262522 0.00269402 0.00331586 0.0037312  0.00406606]
[0.00353706 0.00402569 0.00411077 0.00434504 0.00439381 0.00480853]
[0.00185833 0.00222262 0.00280296 0.00284563 0.00308949 0.00344858]
[0.00210241 0.00218774 0.00233088 0.0028339  0.00336485 0.00351391]
[0.00141298 0.00307236 0.00320464 0.00337535 0.00374586 0.00382206]
[0.00085641 0.00215029 0.00297784 0.00308974 0.00380951 0.00384887]
[0.00291697 0.00326082 0.00400659 0.00448617 0.00501041 0.00506144]
[0.0039566  0.00407418 0.00431203 0.00433806 0.0049855  0.00504573]
[0.00210513 0.00258092 0.00284927 0.00288679 0.00311675 0.00313985]
[0.0023663  0.00314795 0.0034856  0.00353924 0.00364437 0.00410749]
[0.0012991  0.00173537 0.00204659 0.00265426 0.00276792 0.00334095]
[0.00171304 0.00281147 0.00304957 0.00329516 0.00382306 0.00382773]
[0.00310357 0.00313644 0.00386221 0.00468161 0.00478013 0.00557693]
[0.00344897 0.00348633 0.00364109 0.00367959 0.00382202 0.00389652]
[0.00244852 0.00335842 0.00360909 0.00378462 0.0041024  0.00420857]
[0.00171977 0.0018559  0.00193096 0.00196231 0.00205695 0.00213312]
[0.0014838  0.00169853 0.0018036  0.00235198 0.0030205  0.00351528]
[0.00130903 0.00154965 0.00191613 0.00233979 0.00273561 0.00296988]
[0.00217851 0.00271113 0.00341269 0.00357413 0.00408872 0.00471742]
[0.0016034  0.00224537 0.00381148 0.00404712 0.00412095 0.00422931]
[0.00408636 0.00423409 0.00482777 0.00491991 0.00534178 0.00557547]
[0.00281122 0.00315618 0.00394169 0.00416142 0.00449294 0.00513239]
[0.00209933 0.00339607 0.0041828  0.00434451 0.00443136 0.00475735]
[0.00219933 0.00267857 0.00339768 0.00357695 0.00376545 0.00384536]
[0.00182139 0.00255675 0.00311033 0.00496984 0.00501519 0.00613878]
[0.00181877 0.00189146 0.00201064 0.00217704 0.00283717 0.0033014 ]
[0.00230268 0.00303792 0.00316641 0.00336969 0.00341975 0.0047538 ]
[0.00401101 0.00475273 0.00493379 0.00653718 0.00700163 0.00762552]
[0.00073771 0.00299118 0.00341037 0.00352294 0.00378411 0.00429791]
[0.0011803  0.00166481 0.00175116 0.0027615  0.00297574 0.0033406 ]
[0.00204517 0.00243627 0.00327233 0.00333503 0.00339836 0.0037741 ]
[0.00179071 0.00180633 0.00216566 0.00238307 0.00247381 0.00295302]
[0.0020424  0.00212947 0.0024041  0.00274058 0.00305537 0.00321393]
[0.00307083 0.00382269 0.00382938 0.00440244 0.00471278 0.00504763]
[0.00195368 0.00230486 0.00246323 0.0027491  0.00327237 0.00351114]
[0.00228481 0.00243919 0.00306211 0.00320447 0.00342185 0.0036159 ]
[0.00138805 0.00222413 0.00251017 0.00271177 0.00293915 0.00305365]
[0.00261379 0.00375338 0.00400123 0.00407197 0.0042518  0.00442883]
[0.00138853 0.00146512 0.00301321 0.0030511  0.00324553 0.00354086]
[0.00198989 0.00229371 0.00262582 0.00307728 0.00426013 0.00431624]
[0.00193813 0.00250138 0.00386545 0.00439368 0.00514256 0.00549789]
[0.00231426 0.00247328 0.00297165 0.00335698 0.00381346 0.00435828]
[0.00296185 0.00308194 0.00366672 0.0042493  0.00454338 0.0049211 ]
[0.00097465 0.00194386 0.00245896 0.00267805 0.00272953 0.00290067]
[0.00203034 0.00243686 0.00299631 0.00308423 0.00328826 0.00330432]
[0.00179759 0.0019721  0.00291757 0.00367604 0.00432815 0.00470855]
[0.00095112 0.00247115 0.00277591 0.00289895 0.00299608 0.00301391]
[0.00175559 0.00251925 0.00262054 0.00275462 0.00299882 0.0030678 ]
[0.00263162 0.00283131 0.00374265 0.00387724 0.00392037 0.00440023]
[0.00220396 0.00262364 0.00274174 0.00282434 0.00294912 0.00296701]
[0.00112489 0.002223   0.00269951 0.00275169 0.00282937 0.0028724 ]
[0.00216702 0.0025731  0.00283662 0.00305725 0.00318323 0.00335193]
[0.00117565 0.00146959 0.00261173 0.00271243 0.00302828 0.00313879]
[0.00131837 0.00158684 0.00261824 0.00281429 0.00335055 0.00347396]
[0.00159703 0.00275762 0.00285212 0.00293481 0.00295399 0.00326074]
[0.00211985 0.00345776 0.00362977 0.0037884  0.00418327 0.00467038]
[0.0026183  0.00351723 0.00465727 0.00537969 0.00585484 0.00597438]
[0.00155447 0.00208094 0.00212996 0.00221794 0.00243646 0.00272006]
[0.00182857 0.00245045 0.00301237 0.00308967 0.00364381 0.00382908]
[0.00338988 0.00358072 0.00462809 0.00486676 0.0051025  0.00514106]
[0.00093904 0.00188371 0.00213052 0.0026817  0.00306517 0.00315598]
[0.0014347  0.00146164 0.00160557 0.00187124 0.00188116 0.00195029]
[0.00287022 0.00306678 0.00340658 0.00394887 0.00400139 0.00416419]
[0.00107802 0.00132468 0.00249967 0.00335179 0.00386586 0.00472974]
[0.00172542 0.00184268 0.00207498 0.00221174 0.00228215 0.00233312]
[0.00172714 0.0018345  0.00196564 0.00211214 0.00232298 0.00247205]
[0.00100889 0.00143918 0.00183467 0.00214217 0.00226349 0.00311601]
[0.0018243  0.00194462 0.00209336 0.00231354 0.00236962 0.00265381]
[0.00200136 0.00213208 0.00224128 0.00271853 0.00315976 0.00323755]
[0.00144714 0.00177958 0.00188001 0.00211487 0.00258974 0.00271971]
[0.00176424 0.00364991 0.00397543 0.00405259 0.00420852 0.0042275 ]
[0.00115582 0.00164718 0.00169619 0.00189662 0.00202446 0.00228444]
[0.00139755 0.00171964 0.00211222 0.00276602 0.00304245 0.0030787 ]
[0.00154427 0.00175594 0.00222356 0.00280303 0.00294405 0.00310661]
[0.00135283 0.00139432 0.00208862 0.0022088  0.00228132 0.00241819]
[0.00195082 0.00203444 0.00276894 0.00330303 0.00336628 0.00385191]
[0.00263306 0.00275759 0.00318792 0.00387445 0.00438284 0.00484028]
[0.00046611 0.00264937 0.00285712 0.00292882 0.00402032 0.00429972]
[0.0007388  0.00170187 0.00243591 0.00263147 0.00274755 0.0028467 ]
[0.00180677 0.0022183  0.00302066 0.00313059 0.00443976 0.00447867]
[0.0014847  0.00208099 0.00239141 0.00321848 0.00388853 0.00427111]
[0.00193842 0.00284877 0.00307456 0.00365555 0.00380582 0.00389509]
[0.00089674 0.00132264 0.00133514 0.00160173 0.00174569 0.00207101]
[0.0015758  0.00268172 0.0029648  0.00329714 0.00346484 0.00428412]
[0.00271792 0.0028493  0.00340681 0.00370782 0.00394158 0.00397336]
[0.00150562 0.0018625  0.00222381 0.00223673 0.00237301 0.00251065]
[0.00131971 0.00181927 0.00232787 0.00277972 0.00325653 0.00328893]
[0.00229809 0.00236359 0.0026557  0.00308792 0.00353175 0.00364239]
[0.00157995 0.00261843 0.00278216 0.00307885 0.00419565 0.00419815]
[0.00123629 0.0017519  0.00277514 0.00301073 0.00363604 0.0037099 ]
[0.001226   0.00145268 0.00148461 0.00162552 0.00180692 0.00188805]
[0.00187046 0.00203503 0.00221819 0.00290283 0.00301834 0.00358408]
[0.00162961 0.00172148 0.00192303 0.00222196 0.00250224 0.00270026]
[0.00102023 0.00208179 0.00216285 0.00228368 0.00278352 0.00354983]
[0.00128661 0.00309347 0.0032831  0.0034538  0.00378302 0.00452327]
[0.00112761 0.00192704 0.00312377 0.00319231 0.00330882 0.00389398]
[0.00159886 0.00220747 0.00227341 0.00256314 0.00382338 0.00382917]
