[0.00453446 0.00456146 0.00536441 0.00682252 0.00766183 0.00861179]
[0.00471518 0.00617391 0.01142466 0.0120024  0.01304284 0.0135943 ]
[0.00527502 0.00863672 0.00938213 0.01005594 0.01016065 0.01294526]
[0.00767281 0.00767898 0.01085666 0.01131501 0.01137486 0.01139203]
[0.00637352 0.00958928 0.01254303 0.01294007 0.01299038 0.01342897]
[0.00650551 0.00663011 0.00686023 0.00934785 0.01153246 0.01168191]
[0.00786868 0.00868161 0.01032046 0.01161618 0.01185267 0.01465847]
[0.00728802 0.01594908 0.01646881 0.01678632 0.01795881 0.01891019]
[0.00568659 0.00744648 0.00862613 0.0097301  0.01195672 0.01313391]
[0.01036001 0.01095016 0.0109971  0.01182269 0.01403282 0.0143349 ]
[0.00754191 0.00760319 0.00960108 0.00990522 0.00994972 0.01039899]
[0.00436568 0.00488594 0.00888975 0.01098053 0.01124203 0.01149166]
[0.00760794 0.00793235 0.00930478 0.01308978 0.01328563 0.01519204]
[0.00510051 0.00518238 0.01055282 0.01395126 0.01486913 0.01669626]
[0.01164681 0.01220777 0.01317338 0.01342233 0.01414874 0.01493077]
[0.00672042 0.01041388 0.01049123 0.01091931 0.01167774 0.01175006]
[0.00567962 0.00850721 0.00957375 0.01182766 0.01288945 0.01340365]
[0.00586122 0.00820879 0.00870269 0.00962624 0.0102172  0.01076459]
[0.00640818 0.00757307 0.01060512 0.01083222 0.01124185 0.01178093]
[0.00333577 0.00688393 0.00854747 0.00984297 0.01060354 0.0110411 ]
[0.00897973 0.01400742 0.01497472 0.01617437 0.0174365  0.01760453]
[0.00549756 0.00890767 0.01005488 0.01135516 0.01236753 0.01505702]
[0.00277717 0.00654452 0.00766608 0.00845571 0.01056446 0.01244621]
[0.00458851 0.00717693 0.00773749 0.01187774 0.01277952 0.01439011]
[0.0087438  0.00933801 0.0098603  0.0113854  0.01185752 0.01198724]
[0.00616209 0.00714106 0.00820863 0.00969774 0.01009406 0.01010878]
[0.00811212 0.01021566 0.01156284 0.01271204 0.01280637 0.01514417]
[0.00364501 0.0062199  0.00632386 0.00647618 0.00706607 0.00916467]
[0.01476563 0.0149514  0.0154088  0.01552042 0.01562092 0.01602892]
[0.00384364 0.00552179 0.01113317 0.01165724 0.01307658 0.01443025]
[0.00631168 0.01025855 0.01208704 0.01306438 0.01395348 0.0153985 ]
[0.00737928 0.00816632 0.0088309  0.0107493  0.01104094 0.01201392]
[0.00623843 0.00819209 0.00896055 0.00947089 0.01023608 0.01065287]
[0.00373976 0.00696145 0.0069699  0.00731324 0.00893221 0.00906434]
[0.00767804 0.01101776 0.01148874 0.01243274 0.01335763 0.01357253]
[0.00796991 0.01019621 0.01037749 0.01074727 0.01262279 0.01316088]
[0.00286138 0.00420169 0.0065331  0.00732435 0.00777658 0.01029354]
[0.00466898 0.00765293 0.0083231  0.01031793 0.01072178 0.01309703]
[0.00422431 0.00437978 0.00696764 0.00708846 0.00817643 0.00882384]
[0.0059485  0.0074941  0.00763525 0.00796692 0.00966824 0.01147024]
[0.00431917 0.00886581 0.01163215 0.01411241 0.01448759 0.01504338]
[0.00246768 0.00373691 0.00865866 0.00994175 0.01017756 0.01056095]
[0.0078888  0.00819685 0.00991695 0.01055943 0.01465615 0.01653653]
[0.00556077 0.01030676 0.01062819 0.011184   0.01163238 0.01274653]
[0.00232889 0.00403234 0.00531437 0.0075552  0.00840545 0.01071079]
[0.00831574 0.00859026 0.00875747 0.00933265 0.01078554 0.01182025]
[0.00324867 0.00498818 0.00588678 0.00693455 0.00815757 0.00846577]
[0.00853892 0.00912235 0.00985036 0.00996156 0.01024067 0.0102893 ]
[0.00507727 0.00519145 0.00545199 0.00605282 0.00779107 0.00853477]
[0.00367178 0.00448143 0.01256964 0.0130904  0.01333312 0.01389203]
[0.00598585 0.01056211 0.0146452  0.01464906 0.01479053 0.01524434]
[0.00372938 0.00464404 0.00741585 0.00754723 0.00871563 0.01217365]
[0.00511229 0.00781618 0.00961648 0.01049084 0.0115315  0.01189678]
[0.0075587  0.00976139 0.0103279  0.01087086 0.01164742 0.0119856 ]
[0.00760765 0.00764487 0.00776141 0.01051349 0.01224911 0.01327381]
[0.00287288 0.00588006 0.00968238 0.01029719 0.01142864 0.01148291]
[0.00399011 0.00419076 0.00549378 0.00829139 0.00856262 0.00899082]
[0.00507135 0.00610583 0.00972574 0.00989366 0.01091879 0.01101617]
[0.00242392 0.00293054 0.00603915 0.00695291 0.00733536 0.0082041 ]
[0.00407872 0.00473708 0.00685736 0.00694754 0.00782024 0.00827475]
[0.00542489 0.00590515 0.0063088  0.00648688 0.00842864 0.00930674]
[0.00807958 0.00894366 0.00954831 0.00987221 0.01229607 0.01321875]
[0.00637535 0.00847778 0.00942196 0.00942338 0.00984675 0.01027102]
[0.00897905 0.01114793 0.01265347 0.0131913  0.01325234 0.01402125]
[0.0036327  0.00410411 0.00599806 0.00655541 0.00853587 0.01286558]
[0.00945555 0.01160426 0.01217866 0.01241355 0.01431344 0.01557701]
[0.00569232 0.00684586 0.00879791 0.00945775 0.01107699 0.01192688]
[0.00529268 0.00763555 0.00815717 0.01093231 0.01261688 0.0127396 ]
[0.00595468 0.00703144 0.00847091 0.01067541 0.01154965 0.01234707]
[0.00412776 0.0054636  0.00550368 0.00663255 0.00761351 0.00831638]
[0.00725924 0.00862169 0.00888264 0.00944796 0.01063908 0.01094631]
[0.00249631 0.00275749 0.00720472 0.00731481 0.00746563 0.00810383]
[0.00165694 0.00292287 0.00546051 0.00682035 0.008104   0.00815094]
[0.00550112 0.00657402 0.0079225  0.0098194  0.01089486 0.01222805]
[0.00139637 0.00171131 0.00354665 0.00468539 0.00746894 0.00781208]
[0.00253902 0.00417736 0.00433557 0.00528636 0.00762333 0.00859697]
[0.00277581 0.00521932 0.00671913 0.00905422 0.01156149 0.01169196]
[0.00600545 0.00819933 0.00996627 0.01084838 0.01135555 0.01179785]
[0.00522073 0.00656248 0.00764627 0.01196648 0.01254154 0.01313051]
[0.00559532 0.00614281 0.00624514 0.00637592 0.00661848 0.00674428]
[0.00219743 0.00234561 0.00298738 0.00310859 0.00363409 0.00376984]
[0.00114891 0.00335573 0.0042109  0.00468403 0.00533172 0.00596597]
[0.00330894 0.0078027  0.00799674 0.00864058 0.00896859 0.00900963]
[0.0033992  0.00452065 0.00452504 0.00519277 0.00533762 0.00740498]
[0.00132849 0.00251385 0.00275832 0.00570585 0.00770862 0.00788367]
[0.00378735 0.00538984 0.00765606 0.00779844 0.00811786 0.00833223]
[0.0042868  0.00601894 0.00646692 0.00657986 0.00722982 0.00734845]
[0.00418711 0.00547697 0.00638338 0.00769288 0.00802372 0.00861214]
[0.0017916  0.00206517 0.00336763 0.00409225 0.00413761 0.00453697]
[0.00634297 0.00657587 0.00793087 0.00871985 0.00881912 0.00927026]
[0.00364824 0.00659683 0.00687116 0.00767895 0.00824259 0.00878296]
[0.00260775 0.00587382 0.00718416 0.00749059 0.00766481 0.00838783]
[0.00238973 0.00454594 0.00679169 0.00711785 0.00752286 0.00755464]
[0.00632437 0.00634629 0.00650142 0.00664818 0.00797064 0.00798436]
[0.00177023 0.00300471 0.00577869 0.0064305  0.00709487 0.00769742]
[0.00469524 0.00547652 0.0066526  0.0083558  0.00861996 0.00868604]
[0.00324227 0.00353157 0.00619166 0.00635023 0.00714569 0.00785039]
[0.00479045 0.00702539 0.00717527 0.00737235 0.00789845 0.00875581]
[0.00408879 0.00461664 0.00594431 0.00609502 0.00798015 0.00806607]
[0.00498728 0.00682316 0.00793262 0.00808439 0.00942793 0.00970803]
[0.00433604 0.00524188 0.00697291 0.00808903 0.01194058 0.01265294]
[0.00458339 0.00474414 0.00574164 0.00585801 0.00764639 0.00896487]
[0.00258683 0.00276261 0.00287971 0.00397472 0.0042213  0.00426767]
[0.00401205 0.0070758  0.00709253 0.00757295 0.00760809 0.01060906]
[0.00546839 0.00596756 0.0059964  0.00636367 0.00679697 0.00752067]
[0.00587913 0.00763453 0.0083186  0.00859188 0.0087368  0.00931633]
[0.00178372 0.00374875 0.00487474 0.00644391 0.00674274 0.00728735]
[0.00329255 0.00365863 0.00506689 0.00530631 0.00586746 0.00597939]
[0.00132976 0.00493394 0.00504145 0.00529638 0.00684142 0.00777859]
[0.00472012 0.00618348 0.00646397 0.00690694 0.00834832 0.00844199]
[0.00233419 0.00343175 0.00612919 0.00685885 0.00809003 0.00856547]
[0.0038826  0.00568945 0.00570442 0.00590509 0.00654772 0.00834287]
[0.00739387 0.00818096 0.00825928 0.00994223 0.00997105 0.0100197 ]
[0.00400881 0.00640696 0.00753328 0.00843361 0.00849865 0.00906722]
[0.00477427 0.01078361 0.01129706 0.01150349 0.01369618 0.01384294]
[0.00382773 0.00540642 0.00588538 0.0060764  0.0062857  0.00790607]
[0.00118054 0.00469582 0.00498891 0.00507378 0.00760346 0.00813595]
[0.00732112 0.00903358 0.00949214 0.00960376 0.01027029 0.01040981]
[0.00396661 0.00635835 0.00839581 0.00934947 0.0094947  0.00971081]
[0.00313872 0.00411542 0.00444634 0.00577499 0.00702369 0.00891494]
[0.00248516 0.00452317 0.00707709 0.0078232  0.00840885 0.00931347]
[0.00819273 0.00858241 0.00897432 0.01153192 0.01166399 0.01448838]
[0.00442772 0.00651606 0.00725525 0.00772472 0.00816031 0.01024507]
[0.00471013 0.00488252 0.00552186 0.00643128 0.00683411 0.00722018]
[0.00616123 0.00772235 0.00830257 0.00965026 0.0110485  0.0117774 ]
[0.00100905 0.00720728 0.00840215 0.00976488 0.01010725 0.01120004]
[0.00364339 0.00491415 0.0105365  0.01085273 0.01089279 0.01113689]
[0.00499075 0.00511793 0.00565697 0.00683208 0.00690394 0.00776899]
[0.00409208 0.00465538 0.00579097 0.00648045 0.0072468  0.00766214]
[0.00107037 0.00346941 0.00679304 0.00743915 0.00804109 0.00948596]
[0.00235065 0.00270314 0.00389233 0.00611694 0.00719379 0.008016  ]
[0.00344065 0.00406405 0.00418477 0.00645449 0.00841731 0.0100829 ]
[0.00101792 0.00152977 0.00187593 0.00231294 0.0034492  0.00375421]
[0.0021965  0.00249516 0.00299608 0.00313783 0.0037402  0.00480743]
[7.64784204e-05 7.58984411e-04 2.67841483e-03 5.91938398e-03  5.97977717e-03 6.65310930e-03]
[0.00106783 0.00117565 0.00276961 0.00380251 0.00468966 0.00602087]
[0.00053226 0.00077533 0.00278899 0.00457765 0.00578335 0.00677239]
[0.00436425 0.00550199 0.005787   0.00657964 0.00689948 0.00692833]
[0.0004237  0.00246033 0.00302721 0.0030478  0.00323755 0.00373365]
[0.00107706 0.00391205 0.00520148 0.00552833 0.00595638 0.00612673]
[0.00118239 0.00214848 0.00275399 0.00379193 0.00403954 0.00717888]
[0.00107954 0.00174013 0.00221037 0.00474094 0.00490284 0.00608978]
[0.00336349 0.00456685 0.00520878 0.00699231 0.00755046 0.00786319]
[0.00521998 0.00544291 0.00658494 0.0066451  0.00690621 0.00736615]
[0.00296159 0.00413062 0.00531497 0.00643778 0.00664097 0.00692196]
[0.00396248 0.00697655 0.00752948 0.00823512 0.0089803  0.00948479]
[0.00405007 0.00418711 0.0074155  0.00770978 0.01096139 0.01126663]
[0.00585656 0.00752577 0.00763525 0.0078417  0.00803446 0.00821081]
[0.00420484 0.00718372 0.00963041 0.01162104 0.01204079 0.01270878]
[0.00562274 0.00616984 0.00648203 0.00786434 0.00812696 0.00881886]
[0.00706452 0.0081124  0.00903341 0.00904236 0.00905471 0.0097345 ]
[0.00607951 0.00634269 0.00702761 0.00718952 0.0077714  0.00861545]
[0.0012404  0.00442273 0.00545149 0.00630839 0.00710278 0.00739751]
[0.00330768 0.00406879 0.00424149 0.0051648  0.00527663 0.00756968]
[0.00250178 0.0025528  0.0050062  0.00586746 0.00603855 0.00824261]
[0.00425771 0.00576388 0.00580421 0.00676509 0.00750952 0.00760246]
[0.00460018 0.00632164 0.00669706 0.00679748 0.00731802 0.00754931]
[0.00293104 0.0047945  0.00520773 0.00540543 0.00696634 0.00720887]
[0.00401908 0.00419535 0.00440725 0.00488924 0.00551038 0.0057973 ]
[0.00191935 0.00280875 0.00393252 0.00512512 0.00521995 0.0067317 ]
[0.00305451 0.00475337 0.00579135 0.00600484 0.00648929 0.00657798]
[0.00317854 0.00356253 0.00375054 0.00436244 0.00502926 0.00643754]
[0.00533298 0.005876   0.00824765 0.00854707 0.00963432 0.01021464]
[0.0042758  0.00465284 0.00635428 0.00707626 0.01046872 0.01242692]
[0.00368495 0.00449199 0.00462157 0.00471509 0.00554577 0.00570729]
[0.00170628 0.00263041 0.00325479 0.00700464 0.00763577 0.00770421]
[0.00947486 0.00948838 0.00990195 0.0112726  0.01147478 0.01213248]
[0.00366397 0.00516166 0.00598952 0.00616293 0.00675112 0.0074217 ]
[0.00088607 0.00533415 0.00689062 0.00705733 0.00741309 0.00804185]
[0.00560404 0.00605154 0.00697164 0.00785297 0.00829798 0.00907412]
[0.00471305 0.00952901 0.00973161 0.00980455 0.01138193 0.012097  ]
[0.00267392 0.0028237  0.00584234 0.00671794 0.0067892  0.00793857]
[0.00163273 0.00299648 0.004043   0.00613964 0.00629937 0.00657984]
[0.00119469 0.00209409 0.00579233 0.0058586  0.006369   0.00777919]
[0.00440205 0.00634724 0.00692808 0.00788759 0.00811031 0.01043806]
[0.00713384 0.01133908 0.01155861 0.01157885 0.01170595 0.01199066]
[0.00931706 0.00943621 0.01063045 0.01089767 0.01137414 0.01243587]
[0.00273173 0.00567533 0.0059816  0.00867465 0.00897742 0.00927376]
[0.00773969 0.00827165 0.00886256 0.0089111  0.00958009 0.01007175]
[0.00192631 0.00387344 0.0047775  0.00510141 0.00572092 0.00612778]
[0.0042942  0.00695652 0.0083515  0.00845361 0.00959012 0.0105594 ]
[0.00282585 0.00449103 0.00462338 0.00465893 0.00480774 0.00586553]
[0.00557507 0.00825586 0.0082732  0.010102   0.01071403 0.01085158]
[0.0008248  0.00271841 0.00469765 0.00542735 0.00689507 0.00696257]
[0.00170433 0.00293918 0.00484835 0.00503432 0.00540709 0.00560843]
[0.00133213 0.00198367 0.00382751 0.00464471 0.00532415 0.00579032]
[0.00220827 0.00379799 0.00440278 0.00484782 0.00519415 0.00549548]
[0.00745357 0.00780745 0.00802023 0.00828013 0.00839593 0.00996984]
[0.0083043  0.00925911 0.00943941 0.01180851 0.01203925 0.0135163 ]
[0.00167261 0.00420822 0.00450039 0.00659104 0.0078337  0.00826807]
[0.00386719 0.00576137 0.00576739 0.0076322  0.00832985 0.00870565]
[0.0007114  0.00256458 0.0032979  0.00588873 0.00636718 0.00668455]
[0.00040804 0.0027051  0.00331114 0.00590518 0.00605665 0.00624563]
[0.00571322 0.00609145 0.00636174 0.00950688 0.00972079 0.01009714]
[0.00297152 0.00672298 0.00850186 0.01063001 0.01210879 0.01347061]
[0.00326767 0.00353878 0.00630304 0.00673984 0.00782675 0.00827738]
[0.00193672 0.00216932 0.00460384 0.0060647  0.00607391 0.00732471]
[0.00096846 0.00305124 0.00440805 0.00470856 0.00549442 0.00871881]
[0.00358536 0.00422061 0.0053962  0.00723158 0.00737525 0.0074147 ]
[0.00787447 0.00955452 0.00968634 0.01032854 0.0105421  0.01167738]
[0.00514102 0.00618589 0.00627985 0.00709299 0.00780839 0.00788751]
[0.00088737 0.00204569 0.00298455 0.00714597 0.00780979 0.00821458]
[0.00283176 0.0031982  0.00583695 0.00614487 0.006191   0.00690585]
[0.00795691 0.0081733  0.00935594 0.00958575 0.01102787 0.01108905]
[0.00446981 0.00484527 0.00742592 0.01050777 0.01218829 0.0131114 ]
[0.00446504 0.00712928 0.00782932 0.00876558 0.01004879 0.01143364]
[0.00219381 0.00679624 0.00926337 0.01030991 0.01118626 0.01199532]
[0.00530148 0.00546772 0.00559812 0.00658324 0.00683347 0.00690496]
[0.00341572 0.00538135 0.00715218 0.00736425 0.00777087 0.0084592 ]
[0.0026112  0.00597887 0.00652638 0.0087988  0.01003076 0.01056   ]
[0.0114083  0.01682626 0.01832443 0.01865766 0.02088969 0.02200802]
[0.00484346 0.00817798 0.00975601 0.01189472 0.01189613 0.01191351]
[0.00795064 0.00803663 0.00822872 0.01060734 0.01127967 0.01156032]
[0.00451831 0.00724263 0.00811769 0.00905423 0.01030347 0.01043935]
[0.00472642 0.00762903 0.00776285 0.00909865 0.00963416 0.01019106]
[0.01078622 0.01125196 0.0115587  0.01166118 0.01176564 0.01268062]
[0.0041711  0.01302108 0.0139092  0.01472637 0.01656825 0.01663261]
[0.01533464 0.01736444 0.01807725 0.01892595 0.01893363 0.01909751]
[0.00979321 0.0116573  0.01203691 0.01356171 0.01505531 0.01528789]
[0.00682144 0.00834195 0.0105567  0.01188549 0.01202555 0.01357826]
[0.00320849 0.00561761 0.00592555 0.00621572 0.00985896 0.01086075]
[0.00479941 0.00556589 0.00575265 0.00870225 0.01109155 0.01384207]
[0.00187867 0.00369781 0.0071109  0.00755391 0.01150362 0.01298111]
[0.01304637 0.0156828  0.01760263 0.01843671 0.01855363 0.01874957]
[0.00741811 0.01235843 0.01384718 0.01403564 0.01475106 0.01492422]
[0.00674024 0.00969996 0.01146891 0.01195645 0.01226708 0.01266505]
[0.00573286 0.00766838 0.00844324 0.00897354 0.01228305 0.01639081]
[0.01291875 0.01334647 0.01504378 0.0162597  0.0180648  0.01867954]
[0.00231512 0.00601256 0.0077439  0.00911846 0.01093084 0.01095116]
[0.00143591 0.00302053 0.00769456 0.00776391 0.00797103 0.00816684]
[0.00497393 0.00609679 0.0087818  0.00892858 0.009207   0.0092124 ]
[0.00515287 0.00954131 0.01227713 0.01803876 0.01819927 0.01963086]
[0.00468278 0.00566915 0.00606523 0.00785082 0.01023631 0.01128956]
[0.00210334 0.00507441 0.00649743 0.00729986 0.00906752 0.00909871]
[0.00236027 0.00393467 0.00473755 0.00855379 0.0089155  0.00917962]
[0.00053074 0.00478796 0.00483801 0.00559281 0.0057214  0.00681679]
[0.00460297 0.00635963 0.0067351  0.00737662 0.00821306 0.00857358]
None
[0.00381315 0.00663451 0.00671658 0.00835121 0.00985907 0.01267394]
[0.00633106 0.00693439 0.00841083 0.00891973 0.01018481 0.01118994]
[0.00774503 0.00800215 0.00802978 0.00816828 0.00820713 0.01031674]
[0.00533315 0.00554024 0.00611959 0.00793535 0.00807267 0.00874519]
[0.00485334 0.00527051 0.00540137 0.00559632 0.00655729 0.00707006]
[0.0062774  0.01133083 0.01216065 0.01298363 0.0148632  0.01586518]
[0.00835073 0.01026064 0.01200279 0.01366866 0.01419917 0.01451508]
[0.00358852 0.00417071 0.00831688 0.00942932 0.00998754 0.01069433]
[0.00668592 0.01000985 0.01270685 0.01419615 0.01475889 0.01526727]
[0.01008977 0.01127052 0.01229952 0.01345133 0.01354709 0.01764109]
[0.00822731 0.01074007 0.01122684 0.01213747 0.01288188 0.01309998]
[0.00323241 0.00647413 0.00850989 0.00898781 0.0112518  0.01312978]
[0.00416854 0.00676811 0.01054859 0.01077613 0.01383657 0.01386528]
[0.00874464 0.00879448 0.0089898  0.01010507 0.01295719 0.01584907]
[0.00799179 0.00990099 0.0099534  0.01266945 0.01417599 0.01425917]
[0.00876121 0.00966109 0.01167259 0.01331001 0.01600016 0.01690456]
[0.00885167 0.00890358 0.00909422 0.01375222 0.01457826 0.01504674]
[0.01022661 0.01291948 0.01498867 0.01509666 0.01547417 0.01629362]
[0.00670087 0.00775471 0.01023798 0.01088284 0.01146042 0.01156696]
[0.00484898 0.0055588  0.00726548 0.00758999 0.00914539 0.00936791]
[0.00354921 0.00767212 0.01098561 0.01408347 0.01423701 0.0149225 ]
[0.00805601 0.00810926 0.00897755 0.00986198 0.01190333 0.01351354]
[0.00661601 0.00889762 0.00891577 0.00894608 0.01133057 0.01180211]
[0.00838797 0.0102757  0.01048826 0.01075835 0.01086605 0.01106095]
[0.00141763 0.00490136 0.0096812  0.01051552 0.01062531 0.0121648 ]
[0.00737715 0.00747694 0.00805504 0.00833217 0.01037834 0.01043412]
[0.00229182 0.00669426 0.00736436 0.00871776 0.00907734 0.01059902]
[0.00513113 0.00688511 0.00761073 0.00919032 0.01221617 0.01365216]
[0.00648761 0.01118376 0.0122018  0.01223274 0.01280297 0.01292917]
[0.00727616 0.00911303 0.0118749  0.01320152 0.01390779 0.01398988]
[0.00582927 0.00733038 0.01204542 0.01351157 0.01377598 0.01607312]
[0.00855884 0.00908172 0.01039704 0.01130629 0.01267231 0.01268416]
[0.0007124  0.00418398 0.00426061 0.00733163 0.00774171 0.00856817]
[0.00288269 0.01246781 0.01267146 0.01337864 0.01416905 0.01477976]
[0.00213284 0.00650938 0.00705765 0.00836474 0.00954267 0.01094259]
[0.00966815 0.00994951 0.01078019 0.01134907 0.01284346 0.01563238]
[0.01079061 0.01341754 0.01435653 0.01588324 0.01609473 0.0166425 ]
[0.00264126 0.01014772 0.01248149 0.01255143 0.01261471 0.01498678]
[0.00563145 0.00592865 0.0066687  0.01090805 0.0132225  0.01331409]
[0.00496526 0.00552894 0.00642445 0.00711609 0.00781301 0.00836567]
[0.00933924 0.01037771 0.01365632 0.01382196 0.0155089  0.01702157]
[0.00485737 0.00750932 0.00771036 0.00980637 0.01112451 0.01238657]
[0.00430062 0.00441999 0.00860266 0.00926121 0.01036001 0.0108652 ]
[0.00309209 0.01223097 0.01285796 0.01347406 0.01382015 0.01642941]
[0.01170249 0.01255473 0.01265041 0.01287836 0.01330285 0.01433628]
[0.00448859 0.00626615 0.00635158 0.00799384 0.0094957  0.00994268]
[0.00530804 0.00618722 0.00769922 0.00849781 0.00968461 0.01069311]
[0.00533611 0.00690677 0.00800147 0.00842645 0.00913225 0.01021661]
[0.00754686 0.00943799 0.00997332 0.01015905 0.01141976 0.0116323 ]
[0.00725501 0.01056136 0.01432737 0.01450142 0.01785284 0.01936371]
[0.00859198 0.00887872 0.00996321 0.01109934 0.01291735 0.01404235]
[0.00548109 0.00615063 0.00805834 0.01410595 0.01503056 0.01577566]
[0.00656033 0.01235135 0.01307677 0.0136136  0.01438693 0.01451012]
[0.00661707 0.00713322 0.00801432 0.00806904 0.0101691  0.01029409]
[0.0046802  0.00949346 0.01053873 0.01125691 0.01196038 0.01327223]
[0.00574071 0.00771638 0.01159786 0.01467566 0.015282   0.01660924]
[0.00868566 0.01365543 0.01554213 0.01760801 0.02052245 0.02063089]
[0.01291266 0.0132029  0.01396471 0.0154023  0.01692236 0.01786734]
[0.00628066 0.00894971 0.00939351 0.01032069 0.01052724 0.01226931]
[0.01509227 0.01544446 0.01594339 0.01603559 0.0180612  0.02051068]
[0.00430485 0.00632651 0.00885233 0.00893341 0.00921324 0.00964371]
[0.00882019 0.01051013 0.01079199 0.01190951 0.01195861 0.01417739]
[0.00464434 0.0068773  0.01125909 0.01246068 0.01261184 0.01349814]
[0.00799092 0.009076   0.01298705 0.01353828 0.01379893 0.01440037]
[0.00544245 0.00721794 0.0086498  0.00995858 0.01014757 0.01060534]
[0.00652788 0.01010546 0.01157551 0.01265343 0.01321823 0.0135967 ]
[0.00166748 0.00709367 0.00983108 0.0109968  0.01125825 0.01241381]
[0.00125478 0.00425356 0.00531091 0.00544474 0.00667129 0.00745997]
[0.00956733 0.00974866 0.00981737 0.00987478 0.01037835 0.01223222]
[0.00698612 0.01436648 0.01474631 0.0170112  0.01730668 0.01803704]
[0.00378008 0.00811433 0.00967552 0.01030683 0.01071946 0.01090735]
[0.00914348 0.01254323 0.0128632  0.01352165 0.01455496 0.01509065]
[0.00951023 0.01039917 0.01253237 0.01488419 0.01538623 0.0156273 ]
[0.00538219 0.00559054 0.0075243  0.0075607  0.00889889 0.00936037]
[0.0038375  0.0045962  0.00769381 0.00943341 0.01055647 0.01131194]
[0.0051665  0.00899557 0.00901159 0.00911489 0.01090258 0.01106015]
[0.00279065 0.0058066  0.00847847 0.01017915 0.01149279 0.01181383]
[0.00585582 0.01003549 0.01090512 0.01360437 0.01367214 0.0137295 ]
[0.0077389  0.01177596 0.01199966 0.01219608 0.01351438 0.01429608]
[0.00522191 0.00867478 0.00919031 0.00985153 0.01118119 0.01236193]
[0.00330559 0.00783238 0.00784195 0.00813202 0.00871658 0.00934315]
[0.00411282 0.00579718 0.00625082 0.00876971 0.0092243  0.01044022]
[0.00629935 0.00693947 0.00750456 0.00979046 0.01020699 0.01065172]
[0.00537233 0.00635955 0.00712173 0.00986053 0.00993508 0.01003683]
[0.00696797 0.00799739 0.00823939 0.01135408 0.01220544 0.01501317]
[0.00593639 0.01148668 0.01188149 0.01213833 0.01306189 0.01446839]
[0.00830008 0.00900623 0.01090744 0.01101596 0.01196537 0.01511263]
[0.00847207 0.01015384 0.01033285 0.01056706 0.01121695 0.01193627]
[0.00520879 0.00542255 0.00618111 0.00811778 0.00985652 0.00988673]
[0.00461736 0.0073532  0.00891504 0.01125275 0.01368217 0.013984  ]
[0.00829924 0.00915121 0.01013954 0.0115639  0.01199864 0.01259123]
[0.00538124 0.00538679 0.00546372 0.00875783 0.00993774 0.01001941]
[0.00307834 0.00414169 0.00583837 0.00683251 0.00707061 0.00711639]
[0.00979934 0.01058544 0.01144911 0.01221501 0.01328458 0.01345198]
[0.00309427 0.00409862 0.00460377 0.00497844 0.0056795  0.00640224]
[0.00646943 0.00692098 0.00715534 0.00718078 0.00721439 0.00735737]
[0.00067276 0.00461088 0.00538339 0.00743161 0.00783132 0.00795741]
[0.00644223 0.0072683  0.00770765 0.00979412 0.00994354 0.0107253 ]
[0.00363751 0.00480576 0.00554314 0.00639797 0.00689027 0.00692233]
[0.00510913 0.00593374 0.00599415 0.00681812 0.00790113 0.0088444 ]
[0.00107212 0.00257972 0.00717857 0.00727923 0.008161   0.00832883]
[0.00421502 0.00737838 0.00764567 0.00801322 0.00810044 0.00833433]
[0.00134827 0.0034426  0.00478171 0.00521464 0.00691089 0.00864186]
[0.00348828 0.00781553 0.00802703 0.00848848 0.01013368 0.01054977]
[0.00291719 0.00591323 0.00635018 0.00709597 0.00739141 0.00783226]
[0.00396418 0.00611339 0.00636947 0.0071276  0.00741692 0.00884408]
[0.00660343 0.008024   0.00896262 0.01072228 0.01206543 0.01246073]
[0.00563303 0.00752064 0.00811551 0.00813884 0.00898767 0.00910152]
[0.00632859 0.00708659 0.00712118 0.00787056 0.00936741 0.00969703]
[0.00629529 0.00711578 0.00759075 0.00819956 0.00851797 0.00855255]
[0.00498136 0.00710205 0.00839271 0.00862321 0.00933137 0.0094888 ]
[0.00576104 0.00759707 0.0076344  0.0079638  0.0101907  0.01108721]
[0.00448338 0.00624101 0.0071384  0.00727936 0.00767563 0.00833392]
[0.00460846 0.00535262 0.00633822 0.0083534  0.00913251 0.00971712]
[0.00587444 0.00732955 0.00800359 0.01186119 0.01268984 0.01317484]
[0.00800435 0.01020593 0.01066897 0.01069474 0.01090132 0.01132093]
[0.00739503 0.00871162 0.00957194 0.01060485 0.01096783 0.011394  ]
[0.00407983 0.00474036 0.00487182 0.00650467 0.00903257 0.01028037]
[0.00728093 0.00932729 0.01034343 0.01166556 0.01249633 0.01297795]
[0.0070872  0.00710702 0.00829509 0.00860709 0.00941308 0.01078232]
[0.00678605 0.00730992 0.00948344 0.00991003 0.01100989 0.01108337]
[0.0017533  0.00186396 0.00201273 0.00222769 0.00242259 0.00252033]
[0.00423377 0.00617371 0.00660088 0.00705387 0.00766406 0.00789833]
[0.00187306 0.00655333 0.00783497 0.00793999 0.00868846 0.00891249]
[0.00704522 0.01029778 0.01097083 0.01272817 0.01328442 0.01406778]
[0.00368716 0.00971255 0.01028441 0.01089675 0.01152938 0.01184851]
[0.00420047 0.00958911 0.01001071 0.01037101 0.0118772  0.01247773]
[0.00819637 0.0083724  0.00986769 0.01000607 0.0116151  0.01170085]
