[0.00979649 0.01211733 0.01215993 0.01272241 0.01356242 0.0136129 ]
[0.01526195 0.01532382 0.01651625 0.01780074 0.01885216 0.02477482]
[0.0076488  0.01175557 0.02092367 0.02182103 0.02188107 0.02246337]
[0.00927269 0.01741851 0.01913933 0.02041938 0.02046748 0.02359664]
[0.00301957 0.0075053  0.00928738 0.01357939 0.01413779 0.01459014]
[0.00956966 0.01435521 0.01466198 0.01992302 0.02184937 0.02260658]
[0.02150817 0.02586949 0.03204968 0.03358663 0.03382882 0.0358403 ]
[0.02021806 0.02196274 0.02730496 0.03035137 0.03102176 0.03181945]
[0.01654742 0.01862573 0.01966064 0.02151767 0.0240597  0.02422317]
[0.01947364 0.02411615 0.02503528 0.02609494 0.02813557 0.02823341]
[0.01690731 0.02084347 0.03029144 0.03129004 0.03333521 0.03371715]
[0.00819317 0.01296427 0.01550431 0.01588481 0.01827722 0.0189698 ]
[0.01033163 0.02016493 0.02163954 0.02171195 0.02386508 0.02401929]
[0.00962967 0.01408503 0.01760575 0.02028709 0.02186336 0.02318254]
[0.01145871 0.01365167 0.01404124 0.01752164 0.0179556  0.0181853 ]
[0.00834493 0.01007595 0.01161369 0.01568006 0.01682263 0.01799163]
[0.0104101  0.0215929  0.02554425 0.02578063 0.02621432 0.02891374]
[0.01635399 0.01793359 0.01992377 0.02079671 0.02160329 0.02215938]
[0.01086479 0.0128771  0.01363489 0.01463147 0.0152567  0.01628215]
[0.01348686 0.0142997  0.01792585 0.01830486 0.0190387  0.01962697]
[0.0067838  0.01440139 0.01445427 0.01977324 0.02007106 0.02458506]
[0.0111966  0.0114125  0.01845982 0.02165407 0.02350299 0.02798554]
[0.00769724 0.02450365 0.02577627 0.02666303 0.02943843 0.0305537 ]
[0.00753949 0.01704043 0.02161029 0.02394805 0.02403928 0.02836176]
[0.00878629 0.01277597 0.01463127 0.01921704 0.01970567 0.02023215]
[0.0087777  0.0122511  0.01478443 0.01522227 0.01583428 0.01757524]
[0.0029284  0.01641885 0.0202412  0.02074088 0.0212529  0.02408981]
[0.01705305 0.02211701 0.02496188 0.02615783 0.02646396 0.02685762]
[0.00923007 0.0100989  0.01201522 0.01378178 0.01458208 0.01502831]
[0.01162008 0.01316189 0.01379493 0.01651681 0.0173023  0.01911396]
[0.01572264 0.01740589 0.02104168 0.02160342 0.02606833 0.02692832]
[0.00639859 0.00921266 0.01758933 0.02277067 0.02387887 0.024271  ]
[0.01314924 0.01412272 0.01723003 0.01801951 0.01970764 0.01986981]
[0.00461304 0.00916781 0.0112414  0.01279471 0.01580922 0.01726997]
[0.0120591  0.01361127 0.0144479  0.01614596 0.02320795 0.02593106]
[0.01232915 0.01865603 0.01897806 0.01931122 0.02025947 0.02031095]
[0.01755759 0.01952411 0.0210179  0.02473405 0.02622238 0.02771386]
[0.01092195 0.01176444 0.01300073 0.01540404 0.01651176 0.02125266]
[0.01142336 0.0180264  0.02007275 0.02017147 0.02554124 0.02595903]
[0.00621423 0.00849617 0.01083296 0.01101467 0.01462796 0.01535523]
[0.00415669 0.00817151 0.00848432 0.0171517  0.02377547 0.02532415]
[0.01264096 0.01715592 0.01855864 0.0187673  0.02325362 0.02578404]
[0.01388311 0.02023931 0.02242105 0.02256285 0.02437033 0.0247712 ]
[0.01471982 0.01511559 0.01528573 0.01811135 0.02471932 0.02756704]
[0.00976031 0.01464877 0.01583603 0.01597718 0.01618078 0.02073801]
[0.0085069  0.01108906 0.01263911 0.01359986 0.0142483  0.01704271]
[0.0085174  0.00913407 0.00929242 0.00952473 0.01000337 0.01353687]
[0.00274138 0.00962028 0.01447262 0.0172136  0.0174739  0.01827237]
[0.01171865 0.01296099 0.01642151 0.01788705 0.02082147 0.02106117]
[0.00725977 0.01060821 0.01989318 0.02230721 0.0227071  0.02367431]
[0.00706017 0.00718588 0.00948154 0.01151133 0.01220009 0.0125035 ]
[0.0023619  0.00502897 0.00573155 0.01075653 0.01243866 0.01932197]
[0.00680807 0.01874887 0.02037675 0.0212247  0.02441567 0.02587556]
[0.0070809  0.01219427 0.01916228 0.02029528 0.02095023 0.02145207]
[0.00929181 0.01148283 0.01789175 0.02121694 0.02357736 0.02446605]
[0.01003046 0.01120956 0.01602706 0.02190952 0.02267327 0.02322207]
[0.00858083 0.01476811 0.01512984 0.01570995 0.02432178 0.02517192]
[0.01154305 0.01569043 0.01840158 0.01846483 0.01989773 0.0240854 ]
[0.01098226 0.01405992 0.01518879 0.01558077 0.01576678 0.01942609]
[0.01218061 0.01481091 0.01624363 0.01638103 0.01642465 0.01724986]
[0.00853275 0.00861151 0.01138547 0.014664   0.01784618 0.01820857]
[0.02029686 0.02418724 0.02472749 0.02505447 0.02935078 0.0308069 ]
[0.01325168 0.01885092 0.02202955 0.02334264 0.02483493 0.02608521]
[0.0077187  0.01388787 0.01501472 0.01781941 0.01812    0.0203864 ]
[0.01137696 0.01921522 0.01943228 0.02242322 0.02898418 0.0292581 ]
[0.02391744 0.02545976 0.02867444 0.02909258 0.03090751 0.03135744]
[0.01091293 0.01175374 0.01457778 0.01546327 0.01764359 0.02091459]
[0.00892953 0.01227393 0.01231459 0.01333187 0.01582956 0.01800182]
[0.0081348  0.01474591 0.01921489 0.02065462 0.02567627 0.02619217]
[0.01331833 0.01360898 0.01544702 0.01607723 0.01674841 0.02234456]
[0.01410448 0.01781959 0.01787942 0.01985115 0.02195211 0.0252074 ]
[0.00273341 0.016797   0.01746485 0.01774916 0.01793745 0.01871921]
[0.00671296 0.01605695 0.01784183 0.02106448 0.02303367 0.02521078]
[0.00619382 0.00988694 0.01053917 0.01376206 0.01385851 0.01585521]
[0.0050442  0.01387256 0.01420919 0.01443535 0.01579901 0.01663356]
[0.00667864 0.00678859 0.0093027  0.01139641 0.01157116 0.01442674]
[0.00245708 0.01023521 0.01028359 0.01132139 0.01200585 0.01219073]
[0.00187757 0.00611158 0.00948652 0.00955503 0.01244245 0.01394655]
[0.00507568 0.0094236  0.01107219 0.01330566 0.01335824 0.01467491]
[0.00242432 0.00728429 0.0073773  0.00779319 0.00866091 0.0090729 ]
[0.00488233 0.00623606 0.00709928 0.00755591 0.00797359 0.00918786]
[0.00719509 0.00845988 0.01029568 0.01124211 0.01188034 0.01224553]
[0.00522233 0.00854254 0.00873293 0.00970513 0.01024459 0.0109485 ]
[0.0065232  0.00920514 0.01038986 0.01065593 0.01078839 0.01201604]
[0.01126437 0.01138011 0.0121524  0.01271182 0.01301547 0.01610767]
[0.01286744 0.01338328 0.01380097 0.01483857 0.01550363 0.01564983]
[0.00609413 0.00750077 0.00845184 0.00866535 0.01107509 0.01142488]
[0.00729056 0.00871574 0.01047153 0.01121574 0.0148335  0.01699424]
[0.00405204 0.00530433 0.0063991  0.00818355 0.00823168 0.00851628]
[0.00352366 0.00764324 0.00892836 0.00980872 0.01024834 0.01073347]
[0.00708418 0.00752857 0.00802006 0.00818611 0.0087539  0.00971908]
[0.00713462 0.00894375 0.01052612 0.01083311 0.01147651 0.01182635]
[0.00582013 0.0060337  0.00733128 0.00883827 0.00987615 0.01052438]
[0.00477539 0.00662452 0.00809275 0.00819375 0.00944299 0.00992169]
[0.00847842 0.0085748  0.00906459 0.00997959 0.01027397 0.01049   ]
[0.00448458 0.0048146  0.00521353 0.00617641 0.00729771 0.00781829]
[0.0056402  0.00789721 0.00837375 0.00939786 0.00992827 0.01044067]
[0.00708983 0.0084564  0.00866391 0.0094852  0.00994989 0.01023118]
[0.00639094 0.00685547 0.00708973 0.00793604 0.00893503 0.01105928]
[0.00923557 0.01247868 0.01255464 0.01348575 0.01509561 0.01561266]
[0.00358967 0.00550295 0.00696515 0.00698501 0.01156591 0.01401654]
[0.00635186 0.00911894 0.00919732 0.01049269 0.01093723 0.01225621]
[0.00695506 0.00749745 0.00805465 0.00811689 0.00892797 0.01012136]
[0.00364397 0.00756022 0.00781253 0.00919546 0.00963187 0.01029023]
[0.00604164 0.00726039 0.0082116  0.00858664 0.0105196  0.01169215]
[0.00600118 0.00611066 0.00647414 0.00754249 0.00823194 0.01107786]
[0.00468882 0.0051265  0.0082201  0.00822313 0.0083859  0.00859572]
[0.010157   0.01076105 0.01077172 0.01182971 0.01185008 0.01391836]
[0.00277623 0.00356785 0.00565813 0.00611328 0.00654598 0.00855952]
[0.00527432 0.00616735 0.00628513 0.00657279 0.00668735 0.00799429]
[0.00466329 0.00907315 0.00988732 0.01127321 0.01178322 0.01339437]
[0.00816928 0.00990969 0.01141893 0.01217316 0.01329789 0.01456427]
[0.00589348 0.00655334 0.00954705 0.01123722 0.01128452 0.01233498]
[0.00651097 0.00671549 0.00789287 0.00794287 0.00862268 0.00868285]
[0.00762193 0.00897793 0.00905445 0.00974572 0.01027066 0.0105358 ]
[0.00360291 0.00665275 0.0070693  0.00819578 0.01095436 0.01455413]
[0.0045461  0.00517105 0.0053826  0.00645068 0.00748916 0.00757368]
[0.00596426 0.00739066 0.00835115 0.01016032 0.01090427 0.01178065]
[0.00651755 0.0098254  0.01082433 0.01120169 0.01126399 0.01217028]
[0.00299209 0.00571608 0.00741631 0.00781271 0.00791702 0.00827749]
[0.00438909 0.00478099 0.00571781 0.00625941 0.00634002 0.00697227]
[0.00475854 0.01113039 0.01199108 0.01235761 0.01352971 0.01539075]
[0.00517735 0.00781045 0.00889806 0.00939527 0.01306145 0.0131837 ]
[0.0028312  0.00378728 0.00548179 0.00635662 0.0096992  0.01034393]
[0.00563957 0.0074117  0.00910557 0.00949339 0.0098945  0.01071828]
[0.00575787 0.00789728 0.00931064 0.00962817 0.01162218 0.01309019]
[0.00430547 0.00482938 0.00588475 0.01082854 0.01238137 0.01244478]
[0.00811665 0.00848749 0.00930946 0.0095182  0.01194776 0.01393372]
[0.00401657 0.00452971 0.00472268 0.0058877  0.0071331  0.00718439]
[0.00299045 0.00321301 0.00571269 0.0075304  0.0081364  0.00820451]
[0.00351674 0.00472467 0.00514585 0.00517112 0.00577307 0.00707655]
[0.00458997 0.00608625 0.00614107 0.00703525 0.00781847 0.00866908]
[0.00469904 0.00540944 0.00605841 0.00702297 0.00870906 0.00935962]
[0.00639148 0.0067687  0.00735685 0.00816176 0.00842445 0.00859205]
[0.00353384 0.00693226 0.00725937 0.007424   0.00760787 0.00826761]
[0.00519313 0.00633792 0.00709764 0.00829639 0.00915844 0.00919643]
[0.00527636 0.00558783 0.00600507 0.0060454  0.00815003 0.00860686]
[0.0035465  0.00680029 0.00736188 0.00772832 0.00852952 0.0088842 ]
[0.00230713 0.00480408 0.0049726  0.0055329  0.00855487 0.00911181]
[0.00248782 0.00370338 0.00440363 0.00513271 0.00617723 0.00739959]
[0.00085177 0.00443058 0.00656605 0.00760083 0.00925965 0.01020565]
[0.00408751 0.00467417 0.00576135 0.00612566 0.00767252 0.00778967]
[0.00327225 0.00547623 0.00570811 0.00688232 0.00709821 0.00973211]
[0.00256742 0.00318891 0.00345504 0.0045858  0.0060043  0.00633417]
[0.00241422 0.00391911 0.00452147 0.00507814 0.00563764 0.00608678]
[0.0053152  0.00649287 0.00689578 0.00705486 0.0076178  0.00857572]
[0.00366904 0.00577288 0.00591801 0.00629058 0.00686007 0.00722019]
[0.00392564 0.00510789 0.0052144  0.00522577 0.0053642  0.00637007]
[0.00181643 0.00303773 0.00342057 0.00474694 0.00602849 0.00671205]
[0.00562714 0.00760139 0.00843824 0.00942552 0.01136107 0.0114012 ]
[0.00777788 0.00870884 0.00882671 0.00974147 0.01077844 0.01086606]
[0.00383364 0.00404649 0.00524515 0.0058977  0.00592971 0.00850934]
[0.00519597 0.00648801 0.00839161 0.01009615 0.01071946 0.01126207]
[0.00528128 0.00640577 0.00794867 0.00821949 0.0105962  0.01159375]
[0.00571314 0.0062545  0.00776013 0.00807513 0.00943427 0.01169405]
[0.00394672 0.00700188 0.00975755 0.0107343  0.01204027 0.01225747]
[0.00398377 0.00406633 0.00582549 0.00672533 0.01015705 0.01095317]
[0.00198977 0.00310185 0.00571829 0.00731404 0.00746171 0.00754537]
[0.00384961 0.00572025 0.00632137 0.00673952 0.00706799 0.00708999]
[0.00222978 0.00595179 0.0074477  0.00786957 0.0082871  0.00879713]
[0.00854204 0.01073852 0.01164546 0.01430408 0.01461399 0.01540926]
[0.00135228 0.00593066 0.00755469 0.00802452 0.00884629 0.01120206]
[0.00542613 0.00785481 0.00821384 0.0082306  0.00927469 0.01029102]
[0.00612175 0.00935297 0.01052986 0.01098096 0.01114542 0.01162552]
[0.00483204 0.00869684 0.00881174 0.00955079 0.00990763 0.01008501]
[0.00387638 0.00484016 0.00579744 0.00588699 0.00641515 0.00860201]
[0.0063812  0.00749786 0.00912417 0.00924733 0.00927426 0.00930183]
[0.00364799 0.00561353 0.00622823 0.00824578 0.00935017 0.0095983 ]
[0.00273711 0.00326052 0.00565475 0.00582511 0.00609362 0.01019076]
[0.0052615  0.00555975 0.00855033 0.00923911 0.00950754 0.01030879]
[0.00161012 0.00328014 0.00499978 0.00672179 0.00796189 0.00930162]
[0.00264639 0.00528968 0.01009265 0.01074841 0.01105062 0.01107677]
[0.00275404 0.00502389 0.00593783 0.00636085 0.00658803 0.00673447]
[0.00562227 0.00584382 0.00591171 0.0081577  0.01172862 0.01175708]
[0.00552823 0.00633117 0.00701567 0.00831944 0.008383   0.01078783]
[0.00621391 0.00767925 0.00796804 0.00843218 0.00924309 0.00991137]
[0.00904701 0.0112398  0.01134546 0.01157792 0.01177136 0.01199079]
[0.00160824 0.00462143 0.00785825 0.00848026 0.00947949 0.01035679]
[0.00341268 0.0058695  0.00898876 0.01000254 0.01036709 0.01045099]
[0.00440243 0.00530085 0.00717138 0.00719544 0.00734697 0.00888167]
[0.0059115  0.00760657 0.00787345 0.00855793 0.0087077  0.00887113]
[0.00480989 0.00592604 0.0069982  0.00936762 0.00967616 0.00978045]
[0.00250202 0.00466864 0.00659878 0.00740616 0.00816987 0.00932828]
[0.0046589  0.00639948 0.00731612 0.00754797 0.00790309 0.00794758]
[0.00535978 0.00546464 0.00642111 0.00722754 0.00817013 0.00920842]
[0.00106045 0.00273346 0.00524275 0.00819051 0.00915182 0.00996063]
[0.00750872 0.00783089 0.01007416 0.01032212 0.01052752 0.01151061]
[0.00533169 0.00787326 0.0082148  0.00852349 0.01017178 0.0105601 ]
[0.00536372 0.00931582 0.00957832 0.00970857 0.01051974 0.01102263]
[0.00227034 0.00323846 0.00530745 0.0053272  0.00560297 0.00575052]
[0.00398952 0.0057323  0.00684615 0.01057228 0.01061874 0.01111084]
[0.00327313 0.00499143 0.00690919 0.00709817 0.00798375 0.00818334]
[0.0044861  0.0069167  0.0075714  0.00761526 0.00806275 0.00871231]
[0.00445822 0.00598785 0.00632243 0.00679389 0.00727074 0.00860739]
[0.00486574 0.00526192 0.00976049 0.01080462 0.01212471 0.01407686]
[0.00537252 0.00617298 0.00719776 0.00907867 0.00956554 0.01078882]
[0.00465026 0.00723481 0.01015497 0.01035488 0.010486   0.01121493]
[0.00544985 0.00597036 0.00700142 0.0084942  0.01149965 0.0132039 ]
[0.00280779 0.00675957 0.00742674 0.00833174 0.00889173 0.00926032]
[0.00205896 0.00384593 0.00419484 0.00543947 0.00676855 0.00690198]
[0.00220314 0.00234514 0.00505736 0.00595174 0.00874421 0.00923504]
[0.00365725 0.00446993 0.00540282 0.00554511 0.00743373 0.0077318 ]
[0.00539073 0.00748727 0.00929259 0.01060459 0.01279044 0.01459056]
[0.00452773 0.00645309 0.0075019  0.00822815 0.00823899 0.00838355]
[0.00586046 0.00875948 0.0089373  0.00916396 0.00976794 0.01090219]
[0.00282888 0.00504649 0.00598738 0.00786098 0.01115197 0.01267843]
[0.00472659 0.00556191 0.00595251 0.00598147 0.00634682 0.00792877]
[0.00201306 0.00641122 0.00903188 0.00914266 0.01001859 0.01086422]
[0.00484682 0.00592816 0.00635228 0.00663854 0.00696523 0.00809605]
[0.004858   0.01017969 0.01120805 0.0115378  0.01219897 0.01252682]
[0.01211696 0.01904518 0.02041818 0.02112592 0.02420607 0.02502509]
[0.01237271 0.01357738 0.01542414 0.01578463 0.0166658  0.01827679]
[0.00849593 0.01356771 0.01656979 0.01944697 0.02135734 0.02529417]
[0.00785102 0.009389   0.01381881 0.01422068 0.01802607 0.01866472]
[0.01227727 0.01321119 0.01363582 0.01859291 0.0189587  0.01942207]
[0.01147878 0.01294511 0.01675154 0.01745188 0.01995192 0.02140334]
[0.01406733 0.01643631 0.0181496  0.01939661 0.02000272 0.02056737]
[0.00776759 0.01287362 0.01403483 0.01640767 0.01704363 0.01757813]
[0.01163672 0.01361925 0.01406386 0.01552763 0.01620708 0.01889161]
[0.00510172 0.00858714 0.00937763 0.00973604 0.01134286 0.01810011]
[0.00605937 0.01014866 0.01601396 0.016206   0.01657304 0.02068044]
[0.00986119 0.01175853 0.01462894 0.01690777 0.01710936 0.01768879]
[0.00522874 0.01037508 0.01273849 0.01690494 0.01739591 0.01786377]
[0.01419276 0.01444133 0.01594383 0.01810101 0.01894447 0.02069308]
[0.00789024 0.01273096 0.01299449 0.0147209  0.0169049  0.0179558 ]
[0.00938719 0.0126717  0.01703511 0.01707914 0.01759514 0.02026401]
[0.01111024 0.01611176 0.01679011 0.02010948 0.02196242 0.0236685 ]
[0.0108959  0.01425414 0.01749125 0.01772201 0.0203752  0.02060685]
[0.00482789 0.00790894 0.01082254 0.01246572 0.01385484 0.0149518 ]
[0.0155198  0.01616967 0.01719004 0.02027308 0.02347924 0.0242044 ]
[0.0136236  0.01465397 0.01610898 0.0176137  0.02014876 0.02029292]
[0.0086862  0.011459   0.01193649 0.01444068 0.01565073 0.01589494]
[0.00605626 0.00709559 0.00714351 0.00818235 0.00910201 0.0102652 ]
[0.00754869 0.00775691 0.00911389 0.01121797 0.01127719 0.01162731]
[0.0008501  0.00380551 0.00813293 0.00912401 0.01012151 0.01021941]
[0.00316652 0.00526366 0.00766725 0.00780789 0.01160784 0.01235284]
[0.00220365 0.00681253 0.00753239 0.0085026  0.00946184 0.00966273]
None
[0.00559057 0.01007132 0.01023982 0.01053966 0.01478705 0.01536405]
[0.00444367 0.00707153 0.00821444 0.00888403 0.00916788 0.00953338]
[0.00403936 0.00518746 0.00915519 0.00918478 0.00985405 0.00990418]
[0.00542393 0.00700834 0.00826235 0.00964324 0.00976986 0.01195096]
[0.00945198 0.01011361 0.01294409 0.01365524 0.01375613 0.01449911]
[0.00815385 0.01048006 0.01550522 0.01681814 0.01784351 0.02009993]
[0.01160857 0.01429709 0.01514365 0.01946614 0.02030692 0.02113976]
[0.00714278 0.01022932 0.01130145 0.01236312 0.01315974 0.013705  ]
[0.01350745 0.01370031 0.01436468 0.01505208 0.01776848 0.01863209]
[0.01223062 0.01275435 0.01313425 0.01431993 0.01456791 0.01475167]
[0.01075836 0.01452342 0.01786057 0.01889694 0.0195809  0.02079274]
[0.01227286 0.01378236 0.01493531 0.01646244 0.01682173 0.01893363]
[0.00692307 0.01308752 0.01321098 0.01358553 0.01447579 0.01459229]
[0.01650182 0.01716076 0.01911646 0.02106365 0.02171422 0.02207476]
[0.00771934 0.00912181 0.01056336 0.01057831 0.0115868  0.01195747]
[0.00961262 0.01078598 0.01258285 0.01505709 0.01729117 0.01770147]
[0.01083262 0.01158511 0.01249124 0.01416329 0.01581836 0.0169225 ]
[0.01132547 0.01298785 0.01343311 0.01377462 0.01407325 0.01544548]
[0.00846125 0.00903875 0.00954009 0.00997474 0.01328786 0.01429349]
[0.00632377 0.00870434 0.01058334 0.01086245 0.01306509 0.01478833]
[0.00449861 0.00851713 0.0102957  0.01081433 0.01327478 0.01365328]
[0.00919384 0.01002842 0.01229903 0.01603577 0.01623962 0.01926025]
[0.00663609 0.01150579 0.01229191 0.01267441 0.0166558  0.01751876]
[0.00347726 0.00463066 0.00543887 0.00868459 0.00941875 0.00981291]
[0.01027934 0.01046222 0.01168813 0.01507439 0.01664154 0.01754128]
[0.01102238 0.01173122 0.01344469 0.01463813 0.01468375 0.01508553]
[0.00675393 0.00713563 0.00823033 0.00955209 0.01257926 0.01421964]
[0.0067337  0.00851663 0.00919645 0.01211705 0.01236664 0.01325847]
[0.00432367 0.00690818 0.01303279 0.01499584 0.01649879 0.01664818]
[0.0030828  0.01125209 0.01302735 0.01517958 0.01534088 0.01888589]
[0.0068457  0.00981961 0.01141773 0.0159857  0.01672945 0.01734444]
[0.01112818 0.01210762 0.01294062 0.01312126 0.0174078  0.0183655 ]
[0.00652709 0.00926941 0.01041467 0.0107155  0.01084848 0.01117582]
[0.00923208 0.0097756  0.01103696 0.01181148 0.01314107 0.0162002 ]
[0.00742594 0.00862258 0.01100095 0.01109884 0.01247994 0.01309549]
[0.00944631 0.0098592  0.01019175 0.01195568 0.01235066 0.01335098]
[0.00372107 0.00391779 0.00406963 0.00409489 0.00952359 0.00963376]
[0.006228   0.01150994 0.01203096 0.01327816 0.01377034 0.01439131]
[0.00647205 0.00764815 0.00992134 0.01225221 0.01903516 0.02024311]
[0.00429578 0.00537765 0.0054092  0.01314631 0.01345295 0.01449834]
[0.00787533 0.01125424 0.01453974 0.01661156 0.01704978 0.01724602]
[0.00594142 0.00618575 0.00718147 0.01008812 0.01285517 0.01370615]
[0.01146597 0.01171715 0.01797884 0.02304313 0.02355632 0.02362476]
[0.00690323 0.00745736 0.0098908  0.01188621 0.01203202 0.01612254]
[0.00550188 0.00644619 0.00673616 0.01382411 0.01525968 0.01684459]
[0.0112971  0.01472418 0.0150436  0.01535709 0.01541248 0.01552603]
[0.01444729 0.0163693  0.01657309 0.01712436 0.01833011 0.0190854 ]
[0.00437723 0.00840062 0.00942776 0.01001385 0.01090055 0.01236302]
[0.01179554 0.01188201 0.01263716 0.01339826 0.01355103 0.0139439 ]
[0.0072815  0.01338782 0.01461085 0.01667837 0.01891994 0.02058326]
[0.00930356 0.01134607 0.01374337 0.0141202  0.01413714 0.01662626]
[0.00923195 0.0101765  0.01094443 0.01263811 0.01307184 0.01422778]
[0.01211973 0.01395964 0.01408433 0.01577998 0.0165518  0.01851452]
[0.01059201 0.01116649 0.01390498 0.01398636 0.01440839 0.01534136]
[0.01193683 0.0119794  0.0143904  0.01465554 0.0155356  0.015957  ]
[0.00464366 0.01248926 0.01532911 0.01559594 0.01664376 0.01730904]
[0.01392091 0.01667225 0.01792435 0.02036403 0.02198493 0.02316504]
[0.00608427 0.00952351 0.0131356  0.01860168 0.02049446 0.02085998]
[0.01459688 0.01904434 0.01952428 0.02059001 0.02100558 0.02242566]
[0.01515882 0.02244437 0.02342901 0.02926086 0.03592786 0.03598801]
[0.00790259 0.0083165  0.01072017 0.01409025 0.01570084 0.01641343]
[0.00622231 0.01169513 0.0140411  0.01567894 0.01665289 0.01771819]
[0.00315653 0.00458625 0.00756292 0.01265897 0.01429419 0.01674852]
[0.00343726 0.00676731 0.00926154 0.01135379 0.01159404 0.01345503]
[0.00414511 0.00742862 0.00930777 0.01183755 0.01289864 0.01378185]
[0.00964897 0.009987   0.01016005 0.01173894 0.0121213  0.015303  ]
[0.00968797 0.01127236 0.01346569 0.01405017 0.01640774 0.01684026]
[0.00358826 0.0053763  0.00581857 0.00588514 0.00822686 0.00973051]
[0.00887422 0.01420142 0.01535718 0.0202732  0.02129751 0.02133927]
[0.00394539 0.00588278 0.00903432 0.00963529 0.01137191 0.01413896]
[0.00915827 0.00925608 0.01365562 0.01643965 0.01759206 0.01807974]
[0.01084391 0.01119733 0.01555754 0.01786949 0.01933882 0.02031119]
[0.01041561 0.01618722 0.01741275 0.01792382 0.01947382 0.02020922]
[0.00687295 0.01095272 0.0150149  0.01564882 0.01772867 0.01966908]
[0.00526092 0.00604535 0.00681347 0.00777398 0.01145371 0.01200043]
[0.00551613 0.00778008 0.0088506  0.0103448  0.01125608 0.01242735]
[0.00635226 0.00904206 0.01255909 0.01280759 0.01293467 0.01635979]
[0.00437673 0.01120833 0.01204503 0.01263553 0.01370097 0.01503393]
[0.00398975 0.01058397 0.01064706 0.01411869 0.01444635 0.01451777]
[0.00782427 0.00874777 0.00913433 0.01027633 0.0120616  0.01237135]
[0.00823301 0.01282692 0.01322225 0.01487105 0.01926486 0.02021152]
[0.00278394 0.00496381 0.00873188 0.0093473  0.00948333 0.00969645]
[0.00195962 0.00596492 0.00912311 0.01182779 0.01357273 0.01419042]
[0.00772306 0.00804786 0.01388781 0.0144143  0.01627027 0.01849574]
[0.00560885 0.00724402 0.00820524 0.00850176 0.01042714 0.01171889]
[0.00344255 0.00379599 0.01088917 0.01106372 0.01219417 0.01301071]
[0.0087518  0.00978588 0.01342175 0.01388924 0.01442093 0.01456342]
[0.0064474  0.00695253 0.01088959 0.01367556 0.01372364 0.01394015]
[0.00696414 0.00803192 0.00916324 0.01104713 0.01185117 0.01210091]
[0.00388465 0.00598899 0.00864647 0.00901078 0.0116637  0.01277362]
[0.00153884 0.01282559 0.01460246 0.01484415 0.01580653 0.01696635]
[0.00354818 0.00621466 0.00888319 0.00924622 0.00992111 0.01177869]
[0.00176502 0.00466945 0.00692856 0.00760882 0.00773427 0.00777425]
[0.00375394 0.00648319 0.00745902 0.00971322 0.01172696 0.01176395]
[0.00172049 0.01089978 0.01094565 0.0115288  0.01584677 0.01664429]
[0.00157301 0.00545458 0.00717688 0.00790217 0.00906158 0.01056166]
[0.00410172 0.00474183 0.00677196 0.00746522 0.00890342 0.00941068]
[0.00548634 0.00583421 0.00974145 0.01070358 0.01301071 0.01469178]
[0.00434891 0.00597949 0.00637502 0.00925862 0.00980846 0.01092545]
[0.0058367  0.00704579 0.01174159 0.01286848 0.0130692  0.01340333]
[0.00678257 0.01090988 0.01290511 0.01326293 0.01406179 0.01519902]
[0.00698284 0.00706003 0.00713171 0.00758959 0.00768991 0.00790861]
[0.00610471 0.00829899 0.00854603 0.00936916 0.01513979 0.0161325 ]
[0.00734771 0.00823726 0.01049104 0.01104682 0.01306704 0.01354211]
[0.00343492 0.00380427 0.0057777  0.00742725 0.00910195 0.00996593]
[0.00542945 0.01339318 0.01371548 0.01380994 0.01447824 0.0151609 ]
[0.0034984  0.00552399 0.00626956 0.01342184 0.01361024 0.01509698]
[0.00233607 0.0042065  0.00814273 0.00873893 0.01034957 0.01087394]
[0.00429887 0.00455081 0.00740231 0.00869834 0.01002363 0.01043425]
[0.00259843 0.00297599 0.00323323 0.00469005 0.00566076 0.00674457]
[0.00253602 0.00325581 0.00448599 0.00536166 0.00717172 0.0086955 ]
[0.0056032  0.00569788 0.00989786 0.0099568  0.010215   0.01172201]
[0.00412157 0.01092092 0.01151787 0.01297323 0.01556108 0.01681112]
[0.00199661 0.0035124  0.00361842 0.00635565 0.00640011 0.00768113]
[0.00325274 0.00365751 0.01118016 0.01159795 0.01315158 0.01446943]
[0.00295913 0.01037996 0.01203473 0.01312459 0.01426792 0.01609983]
[0.0046853  0.00481759 0.0063992  0.00681155 0.00829579 0.00862786]
[0.00198729 0.00501361 0.00697621 0.00841152 0.00915415 0.01081765]
[0.00657828 0.00704706 0.00831737 0.00838645 0.01079505 0.01143066]
[0.00343574 0.00491103 0.0054572  0.00638914 0.00652053 0.00743006]
[0.00273549 0.00652288 0.00937052 0.01137202 0.01425432 0.01519695]
[0.0066341  0.0072746  0.00811793 0.00825885 0.00856745 0.00930732]
[0.00160686 0.00624916 0.01079273 0.01372362 0.01462373 0.01647893]
[0.00575688 0.00586711 0.00649439 0.00690965 0.00733529 0.00932907]
[0.01030605 0.01062541 0.0108017  0.01327397 0.01398792 0.01404499]
[0.00707473 0.00710688 0.00936841 0.00955419 0.01216128 0.01346749]
[0.01186661 0.01286462 0.01365639 0.01398523 0.01411836 0.01487397]
[0.00343967 0.01433591 0.01733906 0.01856284 0.01926517 0.01927795]
