[0.00284856 0.00368968 0.00402653 0.00566113 0.00624813 0.00655735]
[0.00236332 0.00286925 0.0036037  0.00586361 0.00629986 0.00639449]
[0.00272018 0.00388138 0.00441876 0.00818886 0.00847515 0.01084654]
[0.00311215 0.00554093 0.00564223 0.0060228  0.00602649 0.00636911]
[0.00200884 0.00245049 0.00338338 0.00467515 0.00498559 0.00516369]
[0.00507524 0.00642079 0.00683755 0.00898808 0.00981123 0.00994781]
[0.00431606 0.00827837 0.0092873  0.0093225  0.00972477 0.00982879]
[0.0075154  0.00781839 0.00815079 0.00918824 0.00946486 0.00956802]
[0.00377127 0.00552275 0.00555104 0.00570543 0.00750128 0.00895592]
[0.00516433 0.00840236 0.00895968 0.00936489 0.00936908 0.0095098 ]
[0.0032585  0.00544144 0.00554507 0.00582291 0.00622429 0.00657463]
[0.00385846 0.00615124 0.00719759 0.00759127 0.00773592 0.00782355]
[0.00052784 0.00254431 0.00295918 0.00457297 0.00484348 0.00489819]
[0.00379155 0.00404511 0.00519644 0.00561458 0.00605966 0.0066989 ]
[0.00385571 0.00409147 0.00487114 0.00554805 0.0067296  0.00737194]
[0.00503735 0.00515489 0.0062479  0.00630897 0.00812322 0.01045799]
[0.00698047 0.00816548 0.00835105 0.00857261 0.00882822 0.00963871]
[0.00154539 0.00318462 0.00551388 0.00578011 0.00589365 0.00673522]
[0.00353729 0.00398704 0.00489458 0.00504093 0.00777774 0.0081695 ]
[0.00555073 0.00559256 0.00587359 0.00603425 0.00727583 0.00894155]
[0.00328873 0.00491638 0.00654734 0.0080909  0.00874667 0.0093318 ]
[0.0047778  0.00627932 0.0071618  0.00788534 0.00817418 0.00848366]
[0.00090939 0.00425886 0.00491344 0.00496123 0.0061446  0.00806669]
[0.00246413 0.00466413 0.00471012 0.00547397 0.00585911 0.00629996]
[0.00420075 0.00482282 0.00487637 0.00527278 0.00532219 0.00613092]
[0.00167987 0.00182478 0.00278147 0.00383866 0.0049602  0.00515326]
[0.00388263 0.00526666 0.00587665 0.00630121 0.00720482 0.00731266]
[0.00548221 0.00552606 0.00633856 0.00749117 0.00769076 0.00879771]
[0.00405459 0.00468494 0.00585283 0.00626487 0.00718814 0.00722566]
[0.0026063  0.00382078 0.00413873 0.00506013 0.00525443 0.00746504]
[0.0021194  0.00581455 0.00662338 0.0079051  0.00803568 0.00862936]
[0.00243075 0.0031769  0.00404478 0.00481015 0.00487862 0.00516655]
[0.00413542 0.00454509 0.0051707  0.00537233 0.00546873 0.00575189]
[0.00124917 0.00343527 0.00447982 0.00476925 0.00496772 0.00508157]
[0.00136199 0.00373489 0.00522652 0.00666811 0.00746972 0.00783408]
[0.00168618 0.00309309 0.00572865 0.00580344 0.00608169 0.00643601]
[0.00346816 0.00386023 0.00398047 0.00415885 0.00460067 0.00561827]
[0.00455755 0.00458837 0.0053783  0.00570634 0.00605216 0.00649799]
[0.00287286 0.00408912 0.0041825  0.00483919 0.00603269 0.0065558 ]
[0.00373369 0.00450183 0.00483773 0.00617309 0.00696747 0.00708126]
[0.00512178 0.00665266 0.00721158 0.00774083 0.008028   0.00805425]
[0.00256506 0.00516642 0.00633261 0.00640949 0.00726576 0.00754174]
[0.00341301 0.00591946 0.00702606 0.00793781 0.00834232 0.0088002 ]
[0.00278099 0.00334778 0.00544931 0.00614465 0.00664875 0.00725857]
[0.00426485 0.00471868 0.00566355 0.00776334 0.00832471 0.00840281]
[0.00502782 0.00518532 0.00525796 0.00615421 0.00771498 0.00814519]
[0.00304507 0.00327646 0.0035949  0.00455447 0.00484876 0.00540141]
[0.00155272 0.00226189 0.00230135 0.00333269 0.00429001 0.00541228]
[0.00275071 0.00346645 0.00461238 0.00626326 0.00637063 0.00685934]
[0.00319882 0.00361578 0.00494944 0.00522024 0.00602697 0.00649891]
[0.00196956 0.00294782 0.00304305 0.00327222 0.00424099 0.00506484]
[0.00036954 0.00109655 0.00293685 0.00497702 0.00588566 0.00596858]
[0.0008679  0.00243388 0.002687   0.00285075 0.0047919  0.00480064]
[0.00148425 0.00361297 0.00397028 0.00431019 0.00472134 0.00511423]
[0.00210523 0.00339181 0.00630449 0.00636782 0.00704658 0.00708045]
[0.00170765 0.00253615 0.00334812 0.00420414 0.00582489 0.00611356]
[0.00326874 0.00329348 0.00355901 0.00471682 0.00489487 0.00575965]
[0.00167816 0.00222785 0.0023167  0.00248595 0.0051649  0.00535477]
[0.00123697 0.00517987 0.00621073 0.00624192 0.00627094 0.00745513]
[0.00588058 0.00641228 0.00673725 0.00733557 0.00749074 0.00753254]
[0.00305777 0.00358698 0.00413457 0.00450033 0.00486463 0.0051746 ]
[0.0018895  0.00238572 0.0043173  0.00446753 0.004689   0.00504905]
[0.00241345 0.00253705 0.00318321 0.00336106 0.00358675 0.00396646]
[0.00196659 0.0042463  0.00443053 0.00524904 0.00566463 0.00577523]
[0.0011057  0.00278937 0.00356993 0.0048536  0.00535347 0.00558303]
[0.00441327 0.00649237 0.00666927 0.00712154 0.00751372 0.00813903]
[0.00071892 0.001436   0.00271449 0.003326   0.00343506 0.0038531 ]
[0.00026195 0.00391582 0.00441364 0.00502581 0.00518366 0.00528035]
[0.00213609 0.0028308  0.00293383 0.00305959 0.00310501 0.00427738]
[0.00259997 0.00277919 0.00296343 0.00321645 0.00349777 0.00354893]
[0.00115615 0.0014315  0.00283336 0.00400148 0.00402468 0.00466875]
[0.00182843 0.00183626 0.00284666 0.00329815 0.00491421 0.00555831]
[0.00250999 0.00261598 0.00377852 0.00487249 0.00514967 0.00567231]
[0.00175444 0.00232377 0.00251597 0.00303671 0.00481758 0.00484639]
[0.00190249 0.0023543  0.00247515 0.00260328 0.00273605 0.00303499]
[0.00190684 0.00483236 0.00534627 0.00538674 0.0055723  0.00688225]
[0.00193289 0.0035277  0.00359976 0.00478177 0.00485342 0.00581778]
[0.00168208 0.00257048 0.0034557  0.00570742 0.00577247 0.0061818 ]
[0.00591098 0.00612247 0.00655319 0.00667818 0.00708515 0.00713797]
[0.00255939 0.00312734 0.0037101  0.00397542 0.00405451 0.00425022]
[0.00107029 0.00120663 0.00122532 0.00126644 0.00242105 0.00283222]
[0.00152568 0.00239318 0.00260436 0.00348596 0.00361544 0.0037219 ]
[0.00191954 0.00197292 0.0022306  0.0025881  0.00283628 0.0030653 ]
[0.00250533 0.0027064  0.00366515 0.00411807 0.00456117 0.00459094]
[0.00145176 0.00152323 0.00166317 0.00185829 0.00303454 0.00467995]
[0.00244012 0.00363919 0.00416991 0.00468253 0.00501905 0.00544042]
[0.00191959 0.00248683 0.00501281 0.00513475 0.00556819 0.00637106]
[0.00162956 0.00206373 0.00241821 0.00303719 0.00478323 0.00489995]
[0.00153898 0.0030719  0.00365511 0.00381203 0.00399412 0.00401221]
[0.00244595 0.00417676 0.00518112 0.00570647 0.00585571 0.00628724]
[0.00059214 0.00147021 0.00229153 0.00401985 0.0046003  0.00473629]
[0.00274894 0.00341869 0.00377521 0.00382755 0.00477322 0.00482757]
[0.0034557  0.00379469 0.00426573 0.00437923 0.00455902 0.0054871 ]
[0.0014043  0.00141648 0.00238896 0.00324842 0.0033021  0.00413686]
[0.00370749 0.00381595 0.00387147 0.0039386  0.00412451 0.00421249]
[0.00085297 0.00186816 0.00229862 0.00244276 0.00275638 0.00276918]
[0.00253287 0.00433957 0.00498672 0.00513807 0.00605224 0.00625419]
[0.00234237 0.00276622 0.00427512 0.00486915 0.0053637  0.00659678]
[0.00015829 0.00038173 0.00322943 0.00393423 0.00551977 0.00580377]
[0.00267737 0.00406413 0.00585774 0.00590197 0.00603038 0.00718764]
[0.0033229  0.00560979 0.00597281 0.00682577 0.00711972 0.00714417]
[0.00213012 0.00356962 0.0053872  0.00667052 0.00669443 0.00669669]
[0.00189309 0.00215899 0.00269473 0.0031753  0.00391008 0.00425458]
[0.00113671 0.00193162 0.00331415 0.00340008 0.00368317 0.0043106 ]
[0.00384434 0.00391015 0.0042767  0.00487696 0.00554685 0.00608945]
[0.00170169 0.0022924  0.00508054 0.00523234 0.00598166 0.00614361]
[0.00153629 0.00215138 0.00334081 0.00348854 0.00548151 0.00658114]
[0.00281949 0.0032938  0.00340966 0.00366328 0.00491383 0.00510526]
[0.00360732 0.00441212 0.00538724 0.00577211 0.00647396 0.00684623]
[0.00315926 0.00336519 0.00402886 0.00412935 0.00512441 0.00540937]
[0.00460658 0.0048963  0.0067701  0.00697662 0.00719031 0.00755874]
[0.00565536 0.00710191 0.00715223 0.00721522 0.00743666 0.00754727]
[0.00251507 0.00394781 0.00482545 0.0060018  0.00623597 0.00671864]
[0.00251502 0.00422271 0.00448465 0.00495353 0.00503777 0.00531064]
[0.0043605  0.005036   0.00526197 0.00747274 0.00769752 0.00809691]
[0.00238671 0.00339495 0.00378906 0.00413945 0.00463898 0.0050882 ]
[0.00316502 0.00359    0.00415805 0.00454793 0.00480813 0.00516326]
[0.00490252 0.00528382 0.00628883 0.00655504 0.0071027  0.00724021]
[0.00328245 0.00359347 0.00555015 0.0058474  0.00629405 0.00692092]
[0.00423774 0.00433968 0.00609316 0.00640414 0.00682752 0.00723107]
[0.00138042 0.00216517 0.0042869  0.00500771 0.00567553 0.00660176]
[0.00292784 0.00486374 0.00767187 0.00904009 0.00907784 0.00958947]
[0.00380421 0.00510818 0.00533726 0.00586953 0.00715774 0.00767622]
[0.00260949 0.00366392 0.00399179 0.00458096 0.00519089 0.00534584]
[0.0055799  0.00588262 0.00620555 0.00702189 0.00734455 0.00788673]
[0.00166772 0.00325181 0.00334531 0.0036659  0.00402466 0.00406653]
[0.00333408 0.00346459 0.00485339 0.00581776 0.00608126 0.00609113]
[0.00212117 0.00296923 0.00460993 0.00481512 0.00492189 0.00552746]
[0.00219654 0.00250349 0.00275724 0.00290701 0.00338593 0.00348975]
[0.0023365  0.00266495 0.00322487 0.0034003  0.00345448 0.00351747]
[0.00087326 0.00203533 0.00238107 0.00242547 0.00251503 0.00283848]
[0.00223069 0.00227414 0.00347848 0.00366622 0.00384582 0.00404392]
[0.00288833 0.00292921 0.00329087 0.00336323 0.00351393 0.00422351]
[0.0026005  0.00302227 0.00400006 0.00413353 0.00449352 0.00450912]
[0.00071326 0.00101571 0.00141866 0.00165143 0.00203948 0.00207559]
[0.00103965 0.00139532 0.00143419 0.00155007 0.00157574 0.00239258]
[0.00092634 0.00174389 0.00209828 0.00212134 0.00214722 0.00238366]
[0.00067809 0.00090886 0.00127146 0.00144949 0.00150169 0.00159998]
[0.00179143 0.00293622 0.00294921 0.00300816 0.00302448 0.00310628]
[0.00116826 0.00167826 0.00181053 0.00199603 0.00234563 0.00257042]
[0.00122222 0.00192636 0.00306039 0.00335676 0.00362445 0.00401531]
[0.0013428  0.00160558 0.00194405 0.00231385 0.00243455 0.00311344]
[0.0012715  0.00181657 0.00185019 0.00201676 0.00222642 0.0028577 ]
[0.0016235  0.00243815 0.00318627 0.00318837 0.00328874 0.00378175]
[0.00129108 0.00202279 0.00215247 0.00236976 0.00253427 0.00256256]
[0.00190801 0.00252723 0.00272082 0.00288497 0.00321755 0.0032438 ]
[0.00085278 0.00141925 0.00198897 0.00206464 0.00264516 0.00299885]
[0.00184159 0.00296941 0.00362286 0.00379745 0.00396875 0.00397794]
[0.00151938 0.00216807 0.00246    0.00406352 0.00488587 0.00493974]
[0.00349237 0.00356191 0.0039667  0.00397955 0.00452524 0.00457256]
[0.00135338 0.00233471 0.00266144 0.00283409 0.00289994 0.00292585]
[0.00096664 0.00170794 0.00206782 0.00209324 0.0023639  0.00250864]
[0.00127912 0.0014932  0.00185215 0.00252705 0.00295608 0.0033635 ]
[0.002965   0.00375054 0.00403753 0.00429363 0.0048069  0.00485068]
[0.00148157 0.00224786 0.00329435 0.00397829 0.00441836 0.00455778]
[0.00382809 0.00384153 0.00446308 0.00490048 0.00492956 0.00509293]
[0.00191236 0.00231637 0.00233726 0.00306343 0.0031446  0.00323074]
[0.00274389 0.00290012 0.00403114 0.0041007  0.00453557 0.00455354]
[0.00190477 0.00240578 0.0025166  0.00271341 0.00284228 0.002997  ]
[0.00116214 0.00150741 0.00169593 0.0024633  0.00253115 0.0032519 ]
[0.00228084 0.00268954 0.00319003 0.00334799 0.00360524 0.00424237]
[0.00224111 0.00226015 0.002564   0.00351289 0.00468877 0.00477533]
[0.00190727 0.00276144 0.00347428 0.00351913 0.00375626 0.00419598]
[0.0024637  0.00306509 0.00319756 0.0033421  0.00349868 0.00366805]
[0.00152137 0.00261985 0.0028466  0.00309335 0.00323708 0.00348919]
[0.00162479 0.00283551 0.00389269 0.00404625 0.00412115 0.00414721]
[0.00357323 0.00375    0.00381008 0.00413582 0.0043485  0.00445554]
[0.00120372 0.00311986 0.0031832  0.0033142  0.00347562 0.00359982]
[0.00270773 0.003212   0.00380099 0.00418708 0.00427022 0.00461391]
[0.00212258 0.00233701 0.00331567 0.00498581 0.00503518 0.0050593 ]
[0.00134282 0.00278837 0.00439962 0.00452819 0.00481268 0.00515164]
[0.00029554 0.00149531 0.00150555 0.00288782 0.00312522 0.0032088 ]
[0.00121356 0.00163706 0.0023405  0.00270186 0.00284493 0.0030991 ]
[0.00080382 0.00133564 0.00169129 0.00270544 0.00298888 0.00382934]
[0.0021028  0.00222864 0.00235437 0.0027238  0.00292645 0.00305133]
[0.00171952 0.00219499 0.0023598  0.0026217  0.00276087 0.00300848]
[0.00140234 0.00227818 0.00254947 0.00339343 0.00360149 0.00384249]
[0.00381264 0.00455235 0.0045583  0.0049359  0.00535124 0.00564591]
[0.0031743  0.00388318 0.00446239 0.00460342 0.00477052 0.00566865]
[0.00173006 0.00206391 0.00249731 0.00284269 0.00318865 0.00391657]
[0.00085318 0.00278646 0.00387335 0.00468854 0.00507039 0.00508997]
[0.00258974 0.00279019 0.0032742  0.00331456 0.00332851 0.00348503]
[0.00117221 0.00228699 0.00306456 0.00363628 0.00369685 0.00375503]
[0.0022819  0.00253348 0.00313986 0.00328597 0.00359817 0.0036782 ]
[0.00101916 0.00234151 0.00261844 0.00364666 0.00415525 0.00428098]
[0.00244389 0.00285659 0.00390922 0.00406394 0.00419191 0.00473039]
[0.00176205 0.00177562 0.00220783 0.00257249 0.00263008 0.00292851]
[0.00174832 0.00229932 0.00254528 0.00262384 0.00295131 0.00299487]
[0.00079399 0.00195674 0.00215171 0.00274562 0.00275871 0.00309695]
[0.00107548 0.00125017 0.00134898 0.00232159 0.0032273  0.00448524]
[0.00066592 0.00068621 0.00082178 0.00129507 0.00138675 0.00198507]
[0.00227207 0.00240697 0.00242415 0.00363121 0.00507271 0.00526605]
[0.00152682 0.00178486 0.00185765 0.0019322  0.00194523 0.00215613]
[0.00103853 0.00116374 0.0020366  0.00214044 0.00237011 0.00276847]
[0.0018373  0.00198208 0.0024726  0.00261777 0.00291586 0.00341062]
[0.00203626 0.00251295 0.00351747 0.00374661 0.00384929 0.00391203]
[0.00090711 0.00283048 0.00316788 0.003649   0.00383274 0.00431413]
[0.00281456 0.00289728 0.00405671 0.004389   0.00498582 0.00511803]
[0.00111364 0.00150279 0.0025581  0.00327717 0.00364528 0.0040791 ]
[0.00294597 0.003152   0.00339802 0.00392866 0.00432065 0.00444183]
[0.00256921 0.00294818 0.00329784 0.00383765 0.00392475 0.00399332]
[0.00276628 0.0048935  0.00498417 0.00503211 0.00503392 0.00517467]
[0.00117659 0.0019553  0.0021424  0.00217614 0.00297133 0.00345674]
[0.00156362 0.00209454 0.00249782 0.0029417  0.00296645 0.0032019 ]
[0.00371646 0.00384021 0.00398448 0.00416941 0.00460209 0.00484455]
[0.0028955  0.00447369 0.00447828 0.00482024 0.00493737 0.00498293]
[0.00266591 0.00290292 0.00296369 0.00358081 0.00378059 0.00380959]
[0.00117592 0.00138076 0.00221054 0.00366234 0.00397918 0.00400287]
[0.0021779  0.00421287 0.00549974 0.00571654 0.00585026 0.00592309]
[0.00283754 0.00418399 0.00442539 0.00458178 0.00512967 0.00528238]
[0.0021783  0.0022637  0.00243577 0.00245411 0.00607402 0.00639485]
[0.00292843 0.00348682 0.00360938 0.00397815 0.00456142 0.00554159]
[0.001511   0.00405023 0.00459745 0.00504788 0.00526488 0.00619254]
[0.00180221 0.00274615 0.00312954 0.00366739 0.00493254 0.00670324]
[0.00200031 0.00228544 0.00282836 0.0053667  0.00566494 0.0057368 ]
[0.00049354 0.00184023 0.00243492 0.00269551 0.00334555 0.00336123]
[0.00246193 0.00303881 0.003632   0.00394852 0.0040406  0.00406586]
[0.00300125 0.00433234 0.00486159 0.00509219 0.00573011 0.00576517]
[0.00325837 0.00369292 0.00391984 0.00420263 0.00485152 0.00486401]
[0.00524562 0.00527506 0.00553021 0.00662318 0.0073612  0.00807034]
[0.00206491 0.00339123 0.00568558 0.00616834 0.00676858 0.00777313]
[0.00370421 0.00408798 0.00460343 0.004785   0.00540396 0.00550604]
[0.00193563 0.00221138 0.0039708  0.0041214  0.00498989 0.00521231]
[0.00435778 0.0049254  0.0059391  0.00646872 0.00707043 0.00715996]
[0.00194498 0.00313717 0.00577576 0.00614791 0.00663683 0.00673694]
[0.00264949 0.00383472 0.00387247 0.0044036  0.00495645 0.00562321]
[0.00113752 0.00507493 0.00544657 0.00621988 0.00648298 0.00650681]
[0.00148835 0.00223159 0.00283511 0.00306426 0.00395425 0.00430986]
[0.00093031 0.00195726 0.0022799  0.00309439 0.0032452  0.00409819]
[0.00079687 0.00086783 0.00301736 0.00316985 0.00336056 0.00395419]
[0.00164698 0.00325322 0.00364013 0.00372701 0.0048378  0.00546927]
[0.00300034 0.00494725 0.00655145 0.00766388 0.00776549 0.0079133 ]
[0.00323787 0.00344956 0.00404084 0.00420066 0.00466031 0.00473838]
[0.00091834 0.00152333 0.00186048 0.00227964 0.00355966 0.00404864]
[0.00200585 0.00380638 0.00394143 0.00469635 0.00473018 0.00557606]
[0.00235871 0.00379674 0.00392027 0.00530492 0.00536116 0.00644678]
[0.00164228 0.00279871 0.00370824 0.0037822  0.00433854 0.00511559]
None
[0.00318311 0.00324713 0.00421863 0.00432644 0.00461439 0.00471521]
[0.00161632 0.00203954 0.00444675 0.00468961 0.00486733 0.00512792]
[0.00017067 0.00081182 0.00183583 0.00259404 0.00280477 0.00325981]
[0.000177   0.00084243 0.0021266  0.00218753 0.00345823 0.0041613 ]
[0.00017576 0.00069197 0.0016243  0.00274819 0.00457796 0.00496393]
[0.00017868 0.00076458 0.00161592 0.00283624 0.00426354 0.00460729]
[0.00020112 0.00128249 0.00271923 0.00372616 0.00435165 0.00653054]
[0.00029849 0.00111716 0.0027809  0.00401083 0.00435961 0.00562494]
[0.00026022 0.00112732 0.00256401 0.00466003 0.00482489 0.00726274]
[0.00015733 0.00069593 0.00155749 0.00267743 0.00418364 0.00481556]
[0.00491924 0.00619102 0.00792379 0.0081938  0.00848525 0.00867428]
[0.00049863 0.00164079 0.00307478 0.00357163 0.00688915 0.00722078]
[0.00112746 0.00469201 0.00479649 0.00484779 0.00497782 0.00563294]
[0.00031298 0.00228598 0.0047306  0.00566119 0.00623151 0.00812956]
[0.00019908 0.00089206 0.00189634 0.00316503 0.00523156 0.00532465]
[0.00017414 0.00075255 0.00169532 0.00190201 0.00294397 0.00478095]
[0.00017452 0.00073221 0.00169881 0.00235026 0.00318544 0.00406117]
[0.00016782 0.00069213 0.001632   0.00275849 0.00342604 0.00435304]
[0.00028127 0.00117406 0.00170136 0.00241115 0.0046721  0.00469119]
[0.00077496 0.00111914 0.00281213 0.00453598 0.0057048  0.00646639]
[0.00015463 0.00023583 0.00151038 0.00244196 0.00439334 0.00534188]
[0.00031207 0.00121625 0.0013124  0.00321122 0.00588527 0.00610745]
[0.00485415 0.00526592 0.00556485 0.00652728 0.00684429 0.00749476]
[0.00501725 0.00516563 0.00592156 0.00621937 0.00630188 0.00673373]
[0.00538426 0.00585204 0.00595295 0.00657551 0.0066875  0.00696531]
[0.00406968 0.00556661 0.00584238 0.0058851  0.00630063 0.00653719]
[0.00030592 0.0015705  0.00343807 0.00379336 0.00551529 0.0059217 ]
[0.00014772 0.00062617 0.0014522  0.00265026 0.00347758 0.00375831]
[0.00039073 0.0014374  0.00188539 0.00340913 0.00482541 0.00607123]
[0.00176997 0.00233874 0.00430793 0.00549111 0.00569642 0.00586265]
[0.00645708 0.00687489 0.0071787  0.00723677 0.00741299 0.0081002 ]
[0.00615053 0.00626711 0.00627884 0.00732531 0.00764164 0.00903784]
[0.00325722 0.00361771 0.00410896 0.00541735 0.00547712 0.00552928]
[0.00308449 0.00479502 0.0053406  0.00740738 0.00770399 0.00797709]
[0.00307922 0.00368954 0.00499107 0.00508818 0.00565866 0.00601056]
[0.00307498 0.00408583 0.00493795 0.00553232 0.00650035 0.00686136]
[0.00333231 0.00420784 0.00431136 0.00513605 0.00570884 0.00600577]
[0.00391803 0.00420794 0.00654652 0.00724693 0.0077752  0.00799288]
[0.00316473 0.00391632 0.00458857 0.0056799  0.00586253 0.0058833 ]
[0.00274884 0.00453472 0.00561701 0.00570084 0.00586841 0.00599601]
[0.00524983 0.00598115 0.00614031 0.00803201 0.00958686 0.01009556]
[0.00127225 0.00369913 0.0061447  0.00641136 0.00689112 0.00716257]
[0.00526939 0.0063181  0.0064632  0.00648415 0.00812876 0.00828402]
[0.00682305 0.00700489 0.00968402 0.00974078 0.01016471 0.01077125]
[0.0025615  0.00275788 0.00417026 0.00478841 0.00575639 0.00615356]
[0.00382899 0.00543161 0.00613301 0.00636023 0.00670967 0.00672121]
[0.00360342 0.00435116 0.00533281 0.00580888 0.00608275 0.00629833]
[0.00361743 0.00466625 0.00505568 0.00611389 0.00625287 0.00626725]
[0.00356858 0.0051322  0.00649199 0.00681418 0.00688799 0.0075072 ]
[0.00711481 0.0081316  0.00899882 0.01024562 0.01032025 0.01107746]
[0.00642183 0.00701756 0.00704582 0.00726698 0.00962572 0.01040192]
[0.00331125 0.00434433 0.00942567 0.01035662 0.01042956 0.01063156]
[0.0036743  0.00749929 0.0076283  0.00923178 0.00956055 0.01104881]
[0.00421057 0.00536936 0.00811707 0.00816529 0.00816688 0.00915464]
[0.00633913 0.00650516 0.00786658 0.00798594 0.00858083 0.01012768]
[0.00256058 0.00272104 0.00449211 0.00543048 0.00858409 0.00883867]
[0.00295593 0.00357182 0.00386173 0.00446151 0.00750152 0.00945872]
[0.00803104 0.0082405  0.00890708 0.01005405 0.01045844 0.01094004]
[0.00263803 0.00327487 0.00502154 0.00583172 0.00612734 0.00774212]
[0.00434821 0.00511366 0.00675765 0.00706498 0.01031295 0.01045968]
[0.00364306 0.00375118 0.00431284 0.00468252 0.00506775 0.0055956 ]
[0.00089569 0.00483869 0.00813455 0.00836306 0.00963055 0.00987902]
[0.00143692 0.00291231 0.00362085 0.00428751 0.00496165 0.00641435]
[0.0024247  0.00362502 0.00756779 0.00932399 0.0100986  0.01031179]
[0.00229577 0.00463993 0.0060569  0.00689308 0.00704012 0.00770876]
[0.00645963 0.00686751 0.00690517 0.0071378  0.00790974 0.00803646]
[0.00270326 0.00395355 0.0041824  0.00453316 0.00548355 0.00610972]
[0.00268948 0.00337104 0.00477925 0.00497566 0.00546314 0.00580899]
[0.00401245 0.00429486 0.00625484 0.00684838 0.00902672 0.00903389]
[0.00383493 0.00559709 0.00583998 0.00602209 0.00622157 0.00662839]
[0.00352946 0.00373385 0.00398286 0.00449629 0.00524612 0.00646733]
[0.00533588 0.00637276 0.00786738 0.0079779  0.00808866 0.00818196]
[0.00140114 0.00563006 0.00618975 0.00648538 0.00683101 0.00798535]
[0.00146764 0.00154193 0.00227021 0.00554237 0.0058684  0.00616533]
[0.00154193 0.00180207 0.00296553 0.00491477 0.00616533 0.00652441]
[0.00207265 0.00461061 0.00498938 0.00810171 0.00828631 0.00871798]
[0.00467561 0.00479673 0.00720375 0.00780899 0.00802006 0.00840977]
[0.00191433 0.0027583  0.00629644 0.00632958 0.00634193 0.00657521]
[0.00270646 0.00304142 0.00310345 0.00450064 0.00462083 0.00492768]
[0.00392912 0.00413526 0.00539822 0.00566565 0.00666205 0.00740069]
[0.0014892  0.0048719  0.00529933 0.00704916 0.00743688 0.00799455]
[0.00226532 0.00242628 0.00338368 0.00561204 0.00639933 0.00905615]
[0.00209216 0.00283461 0.00324274 0.00412475 0.00617058 0.00879548]
[0.00341735 0.00533543 0.00662882 0.00671604 0.00713319 0.00716264]
[0.00326179 0.00607351 0.00762053 0.00782954 0.00788734 0.00805902]
[0.00547373 0.00662895 0.00666729 0.00676994 0.0067976  0.00689297]
[0.00486099 0.00656873 0.00733422 0.00798471 0.00817744 0.00861259]
[0.0042025  0.00467372 0.00585114 0.0061843  0.00718009 0.00798006]
[0.00410401 0.0043863  0.00457152 0.00473016 0.00474858 0.00494211]
[0.00514644 0.00551562 0.00564659 0.00566247 0.00572372 0.00607058]
[0.00361684 0.0055308  0.00615903 0.00663973 0.00718273 0.00830859]
[0.00182861 0.00252512 0.00378527 0.00386039 0.00428737 0.0045712 ]
[0.00146916 0.00167236 0.00178684 0.00186072 0.00236895 0.00252226]
[0.00185069 0.0045206  0.00528406 0.00539285 0.0065864  0.00682886]
[0.00359878 0.00366694 0.00398419 0.00477282 0.00491371 0.00607733]
[0.00106833 0.00271876 0.00388448 0.00491566 0.00509791 0.00538649]
[0.00330429 0.00388455 0.00402099 0.00463604 0.00519291 0.00575553]
[0.00307718 0.00472551 0.0048907  0.0054789  0.00550085 0.00624878]
[0.00482154 0.00494418 0.0053363  0.00564548 0.00583338 0.00595602]
[0.00243229 0.00262934 0.00279963 0.00321299 0.00563209 0.00658419]
[0.00073347 0.0034224  0.00401558 0.00525874 0.00579456 0.00704492]
[0.00332465 0.00415728 0.00433438 0.00439412 0.00478762 0.00550395]
[0.00114915 0.00115963 0.00273702 0.00347354 0.00408417 0.00413945]
[0.00229387 0.00293872 0.00309009 0.00486051 0.00579668 0.0060016 ]
[0.00505779 0.00510568 0.00514791 0.00553253 0.00574192 0.00592272]
[0.00501815 0.00504957 0.00542519 0.00608043 0.00740489 0.0078447 ]
[0.00048586 0.00263856 0.00291285 0.00544956 0.00552626 0.00615565]
[0.0032458  0.00408462 0.00754399 0.00762009 0.00842324 0.00995775]
[0.00198308 0.00604295 0.00615852 0.00626837 0.00720522 0.00766374]
[0.00253602 0.00257005 0.00314695 0.0044642  0.0066256  0.00673248]
[0.00491118 0.00513671 0.00576099 0.00648186 0.00684249 0.00693361]
[0.00252937 0.00480296 0.00548284 0.00663547 0.00841873 0.00862258]
[0.00319548 0.00322839 0.00341309 0.00453347 0.00481022 0.00497514]
[0.00453122 0.00499543 0.00559241 0.00644564 0.00719504 0.00825243]
[0.00126909 0.00283461 0.00303697 0.00779482 0.00932251 0.01003759]
[0.00303697 0.00362502 0.00515629 0.00683469 0.00804028 0.00814705]
[0.00248674 0.00280933 0.00314637 0.00369935 0.00440516 0.00452208]
[0.00127895 0.00491929 0.00501242 0.00562471 0.00665844 0.00726083]
[0.00104157 0.00395003 0.00612455 0.00805141 0.00828017 0.00932985]
[0.00190356 0.00265182 0.00281746 0.00445029 0.00607291 0.00672992]
[0.00239344 0.00449136 0.00559241 0.00620771 0.00679879 0.00739543]
[0.00256699 0.00264623 0.00365309 0.00371732 0.00415897 0.00417391]
[0.00513662 0.00538511 0.00567792 0.0057412  0.00587503 0.00708924]
[0.0009476  0.00171437 0.00434486 0.00465323 0.00529553 0.00530713]
[0.00176755 0.00378879 0.00415211 0.00561596 0.00604127 0.00617005]
[0.00086345 0.00243449 0.00332031 0.00491629 0.00704391 0.00783496]
[0.00033371 0.00295169 0.00559241 0.00653737 0.00808561 0.00836738]
[0.00211523 0.00397957 0.00539225 0.00559241 0.00561269 0.00626976]
