[0.00527683 0.00619801 0.00691842 0.00889109 0.0114395  0.0119966 ]
[0.0177274  0.01818283 0.01887085 0.02409831 0.02442772 0.02616595]
[0.01614311 0.02164389 0.0227549  0.02429086 0.03018255 0.03224877]
[0.01048451 0.01467778 0.0153797  0.01803639 0.01904066 0.01909498]
[0.00301141 0.00637951 0.00756091 0.0083183  0.00867387 0.01036788]
[0.00537067 0.01852736 0.02423179 0.02520295 0.02624101 0.02784207]
[0.00992785 0.01790098 0.0202399  0.02564379 0.02878091 0.03242724]
[0.0088391  0.02113392 0.02511964 0.02566388 0.02726372 0.0273295 ]
[0.0064041  0.00931242 0.01131488 0.01407814 0.02094287 0.02273296]
[0.00460043 0.00590821 0.00870162 0.01475143 0.01766599 0.01974721]
[0.00570267 0.01006403 0.01261637 0.01263731 0.02132799 0.02168752]
[0.00964774 0.01289186 0.02134912 0.02229553 0.0262716  0.02794751]
[0.00515555 0.01055247 0.0139235  0.01530049 0.02116732 0.02303593]
[0.00837774 0.0171061  0.0220598  0.02211348 0.02667402 0.02680553]
[0.01435784 0.01437594 0.01577809 0.01586253 0.01942601 0.0196073 ]
[0.00661532 0.01300441 0.01689318 0.01975648 0.01990533 0.02546254]
[0.00742453 0.00750631 0.01159434 0.01176469 0.01731809 0.02118939]
[0.00604342 0.00985138 0.01166382 0.01197016 0.01201873 0.01252607]
[0.00341671 0.00600715 0.00694867 0.00914357 0.01009756 0.0112353 ]
[0.00374906 0.00383975 0.00945466 0.00952844 0.01173798 0.01388926]
[0.00710908 0.01156925 0.0119855  0.01452805 0.01795076 0.02002303]
[0.00218815 0.00571579 0.00588435 0.00726853 0.00774953 0.01054089]
[0.00698734 0.00856616 0.01790825 0.0192813  0.02583276 0.02808383]
[0.01210915 0.01385803 0.01568405 0.018538   0.02025909 0.02109491]
[0.00536917 0.01058757 0.01066309 0.01184133 0.01218662 0.0137403 ]
[0.01305612 0.01432367 0.01447517 0.02037511 0.02337781 0.0250474 ]
[0.01507648 0.01541485 0.02159778 0.02304765 0.02361572 0.02440673]
[0.00399705 0.00853768 0.01516754 0.01884571 0.02301512 0.02698136]
[0.00914547 0.01796407 0.02201549 0.02331084 0.0248078  0.02669062]
[0.00384078 0.008852   0.01625855 0.01707693 0.01772432 0.01806181]
[0.0126091  0.02519471 0.02626036 0.02850352 0.0299899  0.03064098]
[0.01033828 0.01359821 0.01916637 0.01977679 0.02012158 0.02333695]
[0.00769397 0.01196851 0.01300499 0.01826286 0.02042587 0.02360268]
[0.00319517 0.01521214 0.01832152 0.02108614 0.02628603 0.02950296]
[0.01383235 0.01494199 0.02454346 0.02509933 0.02713322 0.02802895]
[0.00874567 0.01054917 0.02216491 0.02226    0.02599566 0.02615713]
[0.00565486 0.01067395 0.01806463 0.02506193 0.02880491 0.03147838]
[0.00901709 0.01069876 0.01716235 0.01805348 0.02048118 0.02832433]
[0.00794575 0.01114172 0.01134773 0.0114216  0.01371865 0.01524799]
[0.00981767 0.01183604 0.01293937 0.01346161 0.0182775  0.01969123]
[0.00286424 0.01435913 0.01593061 0.01779346 0.02224321 0.02362128]
[0.01422018 0.01520148 0.01976418 0.02462363 0.02558691 0.0313855 ]
[0.01031567 0.01341304 0.01691162 0.02002812 0.02966813 0.0297157 ]
[0.01422187 0.02212453 0.0234375  0.02397076 0.02499405 0.02852124]
[0.01580688 0.02362571 0.02563052 0.02990048 0.03592346 0.03618295]
[0.01220175 0.02327148 0.02462843 0.02489837 0.02620353 0.02625483]
[0.00739894 0.01026135 0.01057616 0.01661879 0.01820978 0.0188084 ]
[0.02312883 0.02403373 0.02526115 0.0255929  0.02623467 0.0290999 ]
[0.01171934 0.01590473 0.01627736 0.02028512 0.02352677 0.02747571]
[0.01177069 0.01436981 0.02324931 0.02520967 0.02646393 0.03024951]
[0.01358514 0.01392644 0.01998188 0.02140812 0.0216007  0.02185818]
[0.01300405 0.02710422 0.02837525 0.0335069  0.03693187 0.03714174]
[0.00631566 0.00923506 0.0107041  0.01115774 0.01210534 0.01450644]
[0.00646644 0.00729993 0.00836216 0.01281263 0.01304631 0.01454241]
[0.00427924 0.0207282  0.02170388 0.02264989 0.02681879 0.0313789 ]
[0.00916224 0.0122588  0.01509475 0.01550074 0.01846159 0.01904393]
[0.00826737 0.00932923 0.01298586 0.01524505 0.01839121 0.01915522]
[0.01238082 0.01454465 0.02187483 0.02210019 0.02231135 0.02238628]
[0.00697822 0.01380509 0.01531723 0.0155495  0.01641786 0.01831116]
[0.01050834 0.01305343 0.0138221  0.0140551  0.01447557 0.01798521]
[0.00423166 0.00509404 0.00692371 0.00726805 0.0092714  0.01037528]
[0.0091017  0.01270706 0.01274638 0.01502834 0.0181036  0.01938339]
[0.00693847 0.0227988  0.02307252 0.02545963 0.02548829 0.02662054]
[0.00952657 0.01075292 0.01208904 0.01210383 0.01436355 0.01980709]
[0.00970305 0.01128169 0.01580908 0.01825195 0.02112669 0.02414185]
[0.0058344  0.00865968 0.01098296 0.01477354 0.02017838 0.02349522]
[0.00453075 0.00797957 0.01365745 0.01384536 0.01405331 0.01453562]
[0.00397709 0.00809111 0.00972484 0.0115226  0.01301141 0.01329187]
[0.01784212 0.01920268 0.01940276 0.02028671 0.02093886 0.02100483]
[0.00871292 0.01253217 0.01338821 0.01374687 0.0169171  0.0175076 ]
[0.00626052 0.00887377 0.01464951 0.0151366  0.01603772 0.01611986]
[0.00549672 0.01471002 0.01548933 0.01571183 0.0179333  0.0193609 ]
[0.00636922 0.00805866 0.00850651 0.00890603 0.01130698 0.01148456]
[0.00319107 0.00767554 0.00987377 0.010112   0.01141038 0.01162728]
[0.00214176 0.00470939 0.00521277 0.00611442 0.00615268 0.00718091]
[0.0036196  0.00617242 0.00691037 0.00761961 0.00767531 0.01126134]
[0.00602863 0.01204195 0.01231624 0.01279979 0.01644724 0.01675809]
[0.00293266 0.00615361 0.00746647 0.00860565 0.0087812  0.01021989]
[0.00579572 0.00661906 0.00712073 0.00714803 0.00732163 0.00788662]
[0.00172805 0.00180266 0.00489197 0.00520876 0.00684362 0.00755635]
[0.00112673 0.00336573 0.00343502 0.00445128 0.00592812 0.00608812]
[0.00374325 0.00455024 0.00712693 0.00795764 0.00905671 0.01009081]
[0.00928158 0.01114122 0.01183846 0.01197185 0.01225318 0.01243012]
[0.00197561 0.00330353 0.00375588 0.0047399  0.0058342  0.00684378]
[0.00317114 0.00328952 0.00369878 0.00465502 0.00626309 0.00661952]
[0.00570215 0.00581872 0.0070228  0.00814135 0.00880231 0.01113575]
[0.00591611 0.00603584 0.0087411  0.01139917 0.01248371 0.01258844]
[0.00508454 0.00608465 0.00692409 0.00748973 0.00778477 0.00809406]
[0.00271364 0.00383503 0.00401053 0.00446533 0.00490916 0.00501903]
[0.00325987 0.00343329 0.0061456  0.00627253 0.00661858 0.00959206]
[0.00520988 0.00754485 0.00848343 0.00892088 0.00950791 0.00957094]
[0.00221459 0.00357242 0.00659879 0.0078434  0.00814852 0.00878998]
[0.00593711 0.00767461 0.00771314 0.00792674 0.01065437 0.01096399]
[0.00261895 0.0044329  0.00709779 0.00843299 0.00966922 0.01097764]
[0.00408929 0.0042335  0.00435152 0.00480887 0.00924911 0.00997748]
[0.0021929  0.00228288 0.0037143  0.00436248 0.0047748  0.00508209]
[0.00131231 0.00435091 0.00472992 0.00693507 0.00769275 0.0082934 ]
[0.0020379  0.00307669 0.00338648 0.00384274 0.00410181 0.004371  ]
[0.00047901 0.00183353 0.00267063 0.00324146 0.00334078 0.00491243]
[0.00281545 0.00307716 0.00563615 0.00582894 0.00656122 0.00739209]
[0.00181373 0.00429685 0.00497206 0.00542923 0.00702958 0.00710955]
[0.00224069 0.00421496 0.00466454 0.00549711 0.00576425 0.00655467]
[0.00190258 0.00304898 0.00356002 0.00391985 0.00425507 0.00449818]
[0.00165007 0.00301895 0.0038867  0.00401604 0.00428558 0.00493367]
[0.00411311 0.00478042 0.00817715 0.00902015 0.00977723 0.01025404]
[0.00221781 0.00402849 0.00464559 0.0048744  0.00520644 0.00851547]
[0.00310328 0.00501363 0.00767784 0.00879407 0.01027755 0.01034205]
[0.00501517 0.00674687 0.00682786 0.00719904 0.00766951 0.00805987]
[0.00200658 0.00443769 0.0048832  0.00764642 0.00779907 0.00834281]
[0.00386192 0.00471555 0.00762579 0.00821151 0.00853472 0.00862863]
[0.00626889 0.00876189 0.00908062 0.01017061 0.01057699 0.01114053]
[0.00296095 0.00335852 0.00655462 0.00687875 0.00705587 0.00795464]
[0.00315244 0.00502049 0.00820966 0.00893164 0.009382   0.00996719]
[0.00464733 0.00793851 0.00838849 0.00943066 0.00989727 0.01064357]
[0.00422665 0.00703822 0.00841188 0.00844615 0.01130679 0.01151233]
[0.0041324  0.00853253 0.01193459 0.01296584 0.01452522 0.01557854]
[0.00452514 0.00547503 0.00703032 0.00889363 0.00974748 0.01011516]
[0.00621228 0.01130452 0.01228377 0.01329541 0.01462262 0.01558974]
[0.0045158  0.00708344 0.01066551 0.01200841 0.01290231 0.01332354]
[0.00591643 0.00596019 0.00651969 0.00741152 0.00765165 0.00830342]
[0.00641086 0.00706544 0.0102734  0.01070443 0.01202839 0.01267533]
[0.00479902 0.005723   0.00616617 0.00928312 0.00978245 0.01198155]
[0.00213571 0.00267392 0.00391853 0.0065948  0.00693448 0.00810379]
[0.00418677 0.00583099 0.00667888 0.00682979 0.00769358 0.01015666]
[0.00505511 0.00515131 0.00718102 0.00760864 0.00815626 0.0113127 ]
[0.00257901 0.00478788 0.00575798 0.00879822 0.00910745 0.01104949]
[0.00568805 0.00666192 0.00747297 0.0076239  0.00834019 0.00863271]
[0.00664223 0.00757562 0.00793513 0.00873952 0.0089199  0.01031798]
[0.00127299 0.00198996 0.00601531 0.00607929 0.00703763 0.00896404]
[0.00199808 0.00370836 0.00722914 0.00785341 0.0088674  0.00909626]
[0.00573729 0.00600884 0.00658267 0.0074498  0.00772065 0.00823232]
[0.00100074 0.00634205 0.00683566 0.00756925 0.00770715 0.00857206]
[0.0050149  0.00571629 0.00575143 0.00651985 0.00724946 0.00737332]
[0.00211485 0.00236242 0.00413709 0.00626142 0.00871886 0.00880268]
[0.00263031 0.00632285 0.00645335 0.00747536 0.00818582 0.0083397 ]
[0.00625874 0.00756369 0.00820046 0.00822701 0.00891334 0.01132435]
[0.00727216 0.00804536 0.00831345 0.00900983 0.00952479 0.0098055 ]
[0.0031799  0.00329709 0.00488154 0.00533098 0.00541255 0.00567397]
[0.00510575 0.00685012 0.00845187 0.01146989 0.01173585 0.01273888]
[0.00447075 0.00779078 0.00922601 0.01042067 0.01098891 0.0130171 ]
[0.00360924 0.00685427 0.00717476 0.0083547  0.00856608 0.00992694]
[0.00316388 0.00358388 0.00448506 0.00518822 0.005306   0.00584801]
[0.00341206 0.00386251 0.00419772 0.00458138 0.0060018  0.00624375]
[0.00534313 0.00598678 0.00669828 0.00738205 0.00801281 0.00878951]
[0.00507239 0.00684877 0.0074411  0.00768361 0.00806353 0.0081123 ]
[0.00312123 0.00596653 0.00672656 0.00782195 0.0081926  0.00936441]
[0.00163033 0.00177129 0.00434681 0.00565907 0.00695346 0.00801581]
[0.00292056 0.00330141 0.0054061  0.00689074 0.00693961 0.00796094]
[0.00371255 0.0063128  0.00703394 0.0071181  0.00804363 0.00859678]
[0.00400243 0.00415859 0.00493865 0.00706729 0.00734273 0.00759961]
[0.00552026 0.00750653 0.00898222 0.01017242 0.01039213 0.01145241]
[0.0023168  0.00329433 0.00400654 0.00416571 0.00485827 0.00634433]
[0.00142561 0.0027324  0.00419706 0.00645073 0.00653907 0.00960921]
[0.0026139  0.00545425 0.00665249 0.0073539  0.00869687 0.00873878]
[0.00328229 0.00708116 0.00711459 0.00731916 0.00965909 0.00979488]
[0.00524877 0.00621188 0.00647996 0.00675396 0.00680573 0.00870095]
[0.00380007 0.00421705 0.00725984 0.00871178 0.00924939 0.00933579]
[0.00350191 0.00793628 0.00805921 0.00854953 0.00998661 0.01048134]
[0.00430236 0.00544995 0.0058901  0.00727977 0.00915321 0.00950715]
[0.00194653 0.00676595 0.00709733 0.00744726 0.00803225 0.00814806]
[0.00348362 0.00609207 0.00731736 0.00853235 0.01035123 0.01048115]
[0.00272107 0.00296078 0.00482223 0.00590224 0.00673686 0.00700142]
[0.00757073 0.0076737  0.00860915 0.00903675 0.00908681 0.00970917]
[0.00341033 0.00401975 0.00432191 0.00653228 0.00714243 0.00736906]
[0.00262302 0.00281707 0.00352336 0.00359668 0.00538797 0.00733142]
[0.00161577 0.00229805 0.00249176 0.00340701 0.00363117 0.00427155]
[0.00425322 0.00597718 0.00689673 0.00724952 0.00810531 0.0083071 ]
[0.00364569 0.00405214 0.00504583 0.00639085 0.00656983 0.00880711]
[0.00369927 0.00415422 0.00434097 0.00578724 0.00649904 0.00662262]
[0.00280257 0.00749048 0.00761386 0.00826667 0.00998951 0.01017472]
[0.00498892 0.00689106 0.00797477 0.00811643 0.0094954  0.01176888]
[0.00494906 0.00634805 0.00688241 0.00727649 0.00924319 0.00943096]
[0.00430258 0.00441185 0.00503071 0.00580821 0.00605348 0.00617627]
[0.00505298 0.00521504 0.00642413 0.00668096 0.0066964  0.00712502]
[0.00555678 0.00689934 0.00748175 0.00775491 0.00867057 0.01150433]
[0.00399874 0.00533676 0.00562084 0.00680822 0.00748257 0.00947368]
[0.00358773 0.00431982 0.00439216 0.00606946 0.00658575 0.00849258]
[0.00101558 0.00650403 0.00772256 0.00862626 0.0086832  0.00887622]
[0.0031682  0.00575341 0.0062244  0.0069224  0.00722852 0.00732123]
[0.001667   0.0016947  0.00246415 0.00381399 0.00383918 0.00457112]
[0.00204216 0.00340948 0.00389017 0.00426906 0.00531488 0.00715818]
[0.00200479 0.0047418  0.008225   0.00872746 0.00878164 0.00932972]
[0.00532484 0.0109976  0.01228644 0.01298841 0.01600245 0.01624425]
[0.0046068  0.00588475 0.00603809 0.00663933 0.00835796 0.00866703]
[0.00333467 0.0044388  0.00504345 0.00507675 0.00545196 0.00729509]
[0.00373808 0.00648892 0.00711943 0.00798363 0.00912346 0.00959462]
[0.00240142 0.00441073 0.00480326 0.00515872 0.00581958 0.00616608]
[0.0045243  0.00487365 0.00508805 0.00531414 0.00584232 0.00678494]
[0.00099859 0.00418677 0.00557937 0.0068739  0.00698328 0.00708464]
[0.00308897 0.00326541 0.00547701 0.00555138 0.00885118 0.00929381]
[0.00313297 0.00993707 0.01113393 0.01301507 0.01416769 0.01470488]
[0.00278987 0.00939901 0.00961684 0.0121858  0.01340032 0.01398287]
[0.00368583 0.00748438 0.00754303 0.00781406 0.00849836 0.00877636]
[0.00366309 0.00428202 0.00567841 0.00622323 0.00725479 0.00742463]
[0.00895273 0.00984744 0.01010475 0.01070283 0.01080003 0.01102425]
[0.00674971 0.00742485 0.00865122 0.00963811 0.00980669 0.01094237]
[0.00609063 0.0086906  0.00922177 0.00943617 0.01213114 0.01217625]
[0.00338588 0.00453727 0.00782059 0.00930577 0.00969832 0.01000723]
[0.00623463 0.00884217 0.00904332 0.00922727 0.0107477  0.01113804]
[0.00446554 0.00451192 0.00635685 0.00649106 0.00682842 0.00755285]
[0.00375179 0.0038227  0.00391555 0.00491828 0.00518427 0.00598991]
[0.00342492 0.0036792  0.0037894  0.00639914 0.00770737 0.00776642]
[0.00235668 0.00622926 0.00666436 0.00698753 0.00722488 0.00853858]
[0.00471026 0.00477242 0.0059641  0.0067578  0.00811308 0.00847318]
[0.00444529 0.00520821 0.00750951 0.00788854 0.00888703 0.00929827]
[0.00622461 0.00641701 0.01004387 0.01109948 0.01187788 0.0133581 ]
[0.00330561 0.00507655 0.00796778 0.01072833 0.01091435 0.01161326]
[0.002186   0.00627726 0.00822197 0.00853222 0.00901393 0.00957302]
[0.00741548 0.00764777 0.01065859 0.01152076 0.01156777 0.01308036]
[0.00254821 0.00906538 0.01079562 0.01085122 0.0128615  0.01301206]
[0.0089049  0.01942308 0.02422011 0.02731238 0.02735533 0.02905748]
[0.01320152 0.02232919 0.0251325  0.02702944 0.02781972 0.02789575]
[0.01186106 0.01283269 0.02052806 0.02270987 0.02309485 0.0263375 ]
[0.00713386 0.00757877 0.01815516 0.02281898 0.02384354 0.02502772]
[0.0116326  0.01372041 0.01442955 0.01716544 0.02429839 0.0245511 ]
[0.01472776 0.01512957 0.01760581 0.01813708 0.0203902  0.02198131]
[0.00676685 0.00930433 0.00983792 0.01063573 0.01119717 0.0135578 ]
[0.01300592 0.0144923  0.01455744 0.02447769 0.0262328  0.02657175]
[0.00581256 0.01161238 0.01297025 0.01970511 0.02146075 0.02181755]
[0.00600591 0.01052514 0.01256289 0.01499566 0.01650636 0.01657456]
[0.00765038 0.01037068 0.01330199 0.01642374 0.01687426 0.01747553]
[0.01699674 0.01704717 0.01785421 0.01837072 0.01915501 0.0207423 ]
[0.0072017  0.00841863 0.01746866 0.02367013 0.02659383 0.02739543]
[0.00687475 0.01002538 0.01051205 0.01167464 0.01250712 0.01254019]
[0.01089492 0.01410527 0.01447764 0.01502236 0.01562156 0.01666274]
[0.00753032 0.00785438 0.01552577 0.01759338 0.02180502 0.022755  ]
[0.00136357 0.00220907 0.00507883 0.00719496 0.01377104 0.01428731]
[0.01548916 0.01574717 0.01592485 0.01791887 0.0192212  0.02087063]
[0.00150821 0.00250062 0.01141375 0.01217706 0.01456285 0.01680519]
[0.00132748 0.00724767 0.00746843 0.01001849 0.01036641 0.01198181]
[0.00872274 0.013283   0.01433187 0.0167215  0.01674987 0.01873094]
[0.00558458 0.01003581 0.01530114 0.01778017 0.01805984 0.01883997]
[0.004633   0.00785631 0.00891674 0.00899175 0.00978335 0.01120661]
[0.00460949 0.00488409 0.00556007 0.00719734 0.00753465 0.00832999]
[0.00070372 0.00252893 0.00365518 0.00641748 0.00650749 0.00667865]
[0.00221707 0.00525728 0.00538886 0.00643604 0.00652137 0.0072044 ]
[0.00180047 0.00745489 0.00944839 0.00976157 0.01118024 0.01257961]
None
[0.00414117 0.00431039 0.0072795  0.00890571 0.01002586 0.0104996 ]
[0.00289133 0.00388667 0.00591878 0.0064964  0.00676494 0.00799709]
[0.00056514 0.0016095  0.00410769 0.00427391 0.00657613 0.00803344]
[0.00211793 0.00313803 0.00491405 0.00505617 0.00526982 0.00692551]
[0.00342323 0.00480058 0.00561552 0.0056654  0.00664401 0.00680272]
[0.00399491 0.00636122 0.0080516  0.00810553 0.01314753 0.01499024]
[0.00453661 0.00470822 0.00662596 0.00711131 0.00917175 0.00925998]
[0.00231661 0.00501171 0.00649453 0.00665482 0.00779311 0.00805721]
[0.00680595 0.00892212 0.01533916 0.01609887 0.01969425 0.01992361]
[0.00756538 0.00803463 0.00881243 0.00973963 0.01001733 0.01066142]
[0.00485839 0.00545057 0.00592935 0.00599099 0.00662863 0.00795856]
[0.00130294 0.00572436 0.00657572 0.00670997 0.00866942 0.00973537]
[0.00755441 0.00759062 0.00874125 0.00979603 0.01434529 0.01512881]
[0.00170925 0.00326558 0.00651245 0.00898305 0.00905674 0.00921663]
[0.00431105 0.0052176  0.00717205 0.00767499 0.00800097 0.00818998]
[0.00148911 0.00552922 0.00755268 0.00757359 0.00777089 0.00838795]
[0.01061587 0.01731968 0.01785803 0.01794218 0.01859642 0.01943588]
[0.00429773 0.01074702 0.01252034 0.0162113  0.01650181 0.01678316]
[0.00443888 0.00904666 0.00914787 0.01068821 0.01306121 0.01629907]
[0.00522665 0.00594699 0.00707166 0.00716387 0.00899145 0.00991812]
[0.00796037 0.00808159 0.00850164 0.01047289 0.01192085 0.0125111 ]
[0.00027629 0.00124017 0.00536568 0.00567067 0.00626131 0.00890864]
[0.00494984 0.0077524  0.00781345 0.00924934 0.01006808 0.01023916]
[0.00376739 0.00992412 0.01289897 0.01358005 0.01421573 0.0170879 ]
[0.00403836 0.0057026  0.00648433 0.00931644 0.01056278 0.01088115]
[0.00275516 0.00771754 0.01071113 0.0118097  0.01282754 0.01450422]
[0.0033381  0.00599807 0.00788253 0.00799846 0.00960606 0.01059011]
[0.00505697 0.00573964 0.00631478 0.00705701 0.00728062 0.00821834]
[0.00536328 0.00652548 0.00962196 0.01045001 0.01158715 0.0118928 ]
[0.00305721 0.00831231 0.00868773 0.0087615  0.00910569 0.01023013]
[0.00254037 0.00430067 0.00493604 0.00623029 0.00735365 0.00795235]
[0.00372283 0.00481754 0.00725353 0.00749976 0.00988757 0.01094973]
[0.00245305 0.00390066 0.00671662 0.00692272 0.00822362 0.00924688]
[0.00226653 0.00371508 0.00648832 0.00681989 0.00695853 0.00856048]
[0.00271015 0.00386207 0.00398105 0.00533335 0.00658586 0.00674271]
[0.00213981 0.00377243 0.0064142  0.00688161 0.0073374  0.00751157]
[0.00626127 0.0082223  0.00869011 0.00886944 0.00994632 0.0103725 ]
[0.00385948 0.0048192  0.00804952 0.01080959 0.01117065 0.0114002 ]
[0.00584051 0.00970954 0.01088867 0.01118376 0.01265136 0.01575135]
[0.0075141  0.00785805 0.0105562  0.01151803 0.01176068 0.01214792]
[0.00292373 0.00542343 0.00892873 0.00986266 0.01001667 0.01364672]
[0.00357188 0.00670842 0.0069057  0.00732984 0.0083523  0.01332545]
[0.00451995 0.00609361 0.00694526 0.00867267 0.00879998 0.0102185 ]
[0.00928081 0.01070789 0.01138142 0.01957779 0.02090261 0.02200908]
[0.00961127 0.01199364 0.0138375  0.01658556 0.01843686 0.01861654]
[0.0089062  0.01316182 0.01453424 0.01634985 0.02182774 0.02322388]
[0.00521867 0.00853181 0.00881255 0.0102873  0.0113684  0.01368101]
[0.00831465 0.00868557 0.01147149 0.01225093 0.01311548 0.0162226 ]
[0.00355314 0.00457873 0.01082163 0.01225057 0.01387078 0.01391812]
[0.01435896 0.01469094 0.01545997 0.01591257 0.01634695 0.01778788]
[0.00597174 0.0071104  0.00911241 0.01077674 0.01113099 0.01124368]
[0.00438153 0.00760432 0.00958472 0.01020827 0.01178146 0.01374492]
[0.00364266 0.00502225 0.00779127 0.0086716  0.01005005 0.01091671]
[0.00653369 0.00726465 0.00947965 0.0095191  0.01063868 0.01078453]
[0.00378848 0.0042757  0.00638259 0.00848749 0.01037217 0.01055381]
[0.00412334 0.00559552 0.0100329  0.01429742 0.01465201 0.01494349]
[0.00762572 0.00792417 0.00869981 0.00941211 0.01074716 0.01091654]
[0.00951996 0.01269704 0.01381492 0.01405406 0.01412444 0.01512673]
[0.00668909 0.00670916 0.00916663 0.00937465 0.00994009 0.01053659]
[0.00593806 0.00808972 0.0102267  0.01318517 0.01379412 0.01548809]
[0.00185475 0.00211852 0.0026457  0.00482235 0.00573845 0.00614104]
[0.00454335 0.00507837 0.00674656 0.01149313 0.01168492 0.01214682]
[0.00629668 0.00631889 0.00652109 0.00859421 0.00958182 0.01038873]
[0.00212951 0.00451617 0.00623081 0.00772898 0.00847201 0.00986332]
[0.00381297 0.00987026 0.01060465 0.01329212 0.01416974 0.01554709]
[0.00609563 0.01219283 0.01279335 0.01323252 0.01399193 0.01419846]
[0.00339536 0.00352586 0.00723014 0.00763596 0.00893414 0.01036161]
[0.00305046 0.0032488  0.00468063 0.00479811 0.00798492 0.00823074]
[0.00428945 0.00863986 0.00905753 0.00995733 0.01245082 0.01320695]
[0.00561719 0.00652877 0.00984391 0.01324304 0.01392622 0.01709905]
[0.0037989  0.00904685 0.01638828 0.01737642 0.0199435  0.02020737]
[0.01349369 0.01569805 0.01811392 0.01944567 0.02408346 0.02687097]
[0.00552019 0.00604258 0.00621298 0.00659518 0.00783963 0.0090872 ]
[0.00598794 0.00717067 0.00726015 0.01111063 0.01243827 0.01557559]
[0.00356416 0.00583948 0.00625238 0.00712494 0.00789251 0.00798816]
[0.00134491 0.01106564 0.01149114 0.0121731  0.01430846 0.01569907]
[0.00433928 0.00499747 0.00762422 0.00780661 0.00940351 0.01171945]
[0.00197115 0.00303129 0.00407526 0.0043572  0.00443566 0.0048525 ]
[0.01040929 0.01229912 0.01268299 0.01368666 0.01489494 0.01551   ]
[0.00605215 0.0063872  0.00761128 0.00927851 0.0099912  0.01167807]
[0.00338638 0.0034928  0.00497024 0.01016    0.01141269 0.01173892]
[0.00393114 0.00609261 0.00616506 0.00670241 0.00758685 0.00773733]
[0.01170115 0.01294993 0.01717798 0.01728759 0.01823884 0.01857671]
[0.00471901 0.0051025  0.00657186 0.00721751 0.00945725 0.00955312]
[0.00140432 0.00481093 0.0064469  0.00820206 0.00892991 0.00971231]
[0.00194786 0.00283685 0.00696644 0.01129826 0.01313293 0.01558325]
[0.00674504 0.00699727 0.00721627 0.00737965 0.00745143 0.01010632]
[0.00621376 0.00664107 0.00787442 0.00926099 0.00948957 0.00957886]
[0.00416021 0.00579062 0.00590908 0.00704874 0.01001014 0.01089605]
[0.00346521 0.00545015 0.00721306 0.0107165  0.0108029  0.01248991]
[0.00738942 0.01520761 0.01944286 0.02111108 0.02156798 0.02235229]
[0.00223054 0.00407981 0.00514372 0.00569264 0.00749708 0.00958939]
[0.00262199 0.00474819 0.00606529 0.0077194  0.00807504 0.00873345]
[0.00658798 0.00679799 0.007379   0.00875014 0.00881526 0.0095742 ]
[0.00129055 0.00171617 0.00652248 0.00855312 0.00883576 0.00943125]
[0.00258258 0.00270905 0.00357293 0.00369887 0.00387294 0.00507018]
[0.00187929 0.00404654 0.00507631 0.00680362 0.00702015 0.01088943]
[0.00177914 0.0036867  0.00739784 0.00842131 0.00949051 0.01047447]
[0.0028482  0.00477931 0.00559945 0.0057534  0.00734818 0.00759794]
[0.006109   0.00805717 0.00887882 0.00949417 0.01045442 0.01097321]
[0.00280477 0.00378318 0.00501192 0.00676088 0.00951689 0.00993099]
[0.00872244 0.01021548 0.01198955 0.01229462 0.01235718 0.01238039]
[0.00144475 0.00675814 0.00744902 0.00868066 0.01002414 0.01123275]
[0.00332949 0.00456325 0.00592653 0.00623876 0.0068615  0.00769438]
[0.00265678 0.00282997 0.00718649 0.00756338 0.0108018  0.01098042]
[0.0034296  0.00422366 0.00471151 0.00567108 0.00669835 0.00914099]
[0.00688732 0.0069245  0.00719235 0.0105366  0.01387324 0.01443415]
[0.0012422  0.00563031 0.00941402 0.01193342 0.01433707 0.01453084]
[0.01132098 0.01806469 0.01819866 0.01861731 0.01898659 0.0196771 ]
[0.00112075 0.00782548 0.00800623 0.00987317 0.01073233 0.01131023]
[0.00634588 0.00672265 0.00851938 0.01101581 0.01123845 0.01231886]
[0.00561411 0.00713432 0.00857384 0.00863233 0.00882205 0.0094532 ]
[0.00532367 0.00666259 0.00705803 0.00913744 0.01063799 0.01100868]
[0.00147727 0.00194913 0.00712209 0.00837413 0.01075462 0.01091083]
[0.00490762 0.00770923 0.00774494 0.00845291 0.00850425 0.00976273]
[0.00489334 0.00587988 0.00610918 0.00855825 0.00880093 0.00935487]
[0.00366268 0.0075795  0.00893641 0.00969025 0.009869   0.0102661 ]
[0.00363264 0.00411053 0.00633115 0.01066496 0.0108522  0.01098627]
[0.00491278 0.00829055 0.00835878 0.00917783 0.00978951 0.01227051]
[0.0058279  0.00691409 0.0098184  0.01160904 0.01258638 0.01753927]
[0.00413926 0.00624014 0.00777598 0.00841235 0.01143245 0.0117807 ]
[0.00394064 0.00447247 0.00452489 0.00512107 0.00529647 0.00554814]
[0.00131286 0.00331335 0.00379068 0.00450812 0.00627509 0.00746892]
[0.00539456 0.00617781 0.0065688  0.00680648 0.00729871 0.00779142]
[0.00426756 0.00468252 0.00631829 0.01026804 0.01140633 0.01160567]
[0.00201327 0.00237818 0.0043541  0.00568542 0.00586333 0.00609623]
[0.00263857 0.00416795 0.0067108  0.00831043 0.00936237 0.01036283]
[0.0040926  0.0054643  0.00769108 0.00934477 0.01053817 0.01076337]
