[0.00085129 0.00273669 0.00456412 0.00516479 0.00540081 0.00583607]
[0.00341164 0.00501563 0.00538551 0.00682158 0.00702214 0.00837217]
[0.00490867 0.00515596 0.01073805 0.01159416 0.01275552 0.01632552]
[0.00115057 0.00408242 0.00435779 0.00738825 0.00783972 0.00900904]
[0.00301744 0.00361141 0.00426168 0.00543477 0.00651722 0.0073841 ]
[0.00402038 0.00450694 0.00467548 0.00482736 0.0048827  0.00711607]
[0.00352559 0.0057479  0.00615428 0.00796848 0.00918534 0.01070477]
[0.00704775 0.00960802 0.01082243 0.01099283 0.01144995 0.0121442 ]
[0.00525236 0.00675964 0.00767297 0.00850688 0.00869145 0.00873891]
[0.00540183 0.00739949 0.00819927 0.00913099 0.00998381 0.01017402]
[0.00124939 0.00632412 0.01059839 0.01124044 0.01141591 0.01176524]
[0.00229079 0.00305144 0.00410245 0.00440011 0.0049719  0.00723386]
[0.00726506 0.00803968 0.00828837 0.00963227 0.0100326  0.01079786]
[0.00348136 0.00479521 0.00521974 0.00588561 0.00761201 0.00963566]
[0.00357951 0.00413021 0.00512511 0.00747388 0.00819945 0.00902213]
[0.00459593 0.00586566 0.00705505 0.00734637 0.00888296 0.00976654]
[0.00951291 0.0118701  0.01198084 0.014024   0.01507085 0.0152592 ]
[0.00574075 0.0060204  0.00614407 0.00633436 0.00810342 0.0084137 ]
[0.00099164 0.00476279 0.00499464 0.00592481 0.00774378 0.00823383]
[0.00372624 0.00543466 0.00625536 0.00724868 0.00966743 0.01026591]
[0.00686229 0.008971   0.00952627 0.01001232 0.01228348 0.01240396]
[0.00782264 0.00792959 0.00874923 0.00979097 0.01014934 0.01183101]
[0.00491917 0.00536205 0.00540064 0.00588446 0.00730446 0.00941538]
[0.00574359 0.00591703 0.00643367 0.00744175 0.01238773 0.01301273]
[0.00389977 0.00940339 0.01004278 0.01140558 0.01267849 0.01403026]
[0.00130832 0.00160214 0.00437164 0.00539663 0.00567002 0.00649687]
[0.00212568 0.00225488 0.00247273 0.00393551 0.00570661 0.00681843]
[0.00602531 0.0066029  0.00758447 0.00765222 0.00827035 0.00889843]
[0.00292688 0.00427191 0.00652082 0.00809288 0.00917591 0.01033188]
[0.00566776 0.00615272 0.00645506 0.00663086 0.00786841 0.00814436]
[0.00753073 0.01264782 0.01283029 0.01355146 0.01375451 0.01404511]
[0.0033962  0.00377118 0.00483017 0.00570111 0.00792566 0.00946651]
[0.00224278 0.00241911 0.00294941 0.00388725 0.00401993 0.0053531 ]
[0.00284923 0.00470444 0.00605572 0.00651551 0.00701667 0.00761457]
[0.00219617 0.00407707 0.00473861 0.00626173 0.00754389 0.00841896]
[0.00442977 0.00453335 0.00597327 0.00707162 0.01028504 0.01077622]
[0.00365597 0.00525713 0.00730226 0.00768508 0.00771121 0.00850573]
[0.00231703 0.00753021 0.00807152 0.00915394 0.01087051 0.01108255]
[0.00542834 0.00734486 0.00880732 0.01110469 0.01151182 0.01216581]
[0.00264256 0.00325334 0.00358037 0.00596201 0.00609487 0.00778226]
[0.00245444 0.0040073  0.00426003 0.00549176 0.00568392 0.00713895]
[0.00500978 0.00622264 0.00685266 0.00742877 0.00901088 0.00963193]
[0.00430113 0.00536067 0.00612387 0.00706659 0.00770595 0.00876559]
[0.00340524 0.00371191 0.00380745 0.00599935 0.0096546  0.01119997]
[0.00527288 0.00714177 0.00738075 0.00964816 0.00990081 0.01095716]
[0.00688135 0.00843782 0.00963188 0.01049615 0.01354561 0.01362025]
[0.00128095 0.00353918 0.00408889 0.00528992 0.00552111 0.00832317]
[0.0005092  0.00188024 0.00380349 0.00425193 0.00445802 0.00522665]
[0.00360274 0.00587579 0.00649719 0.00667473 0.00686634 0.00714707]
[0.00461802 0.00504437 0.00831598 0.00945122 0.00989254 0.01193088]
[0.00229836 0.00648603 0.00696571 0.00769389 0.00841647 0.00863906]
[0.00645301 0.0088694  0.00916577 0.01033117 0.01162684 0.01303172]
[0.00362902 0.0073153  0.00883627 0.00921525 0.00966928 0.01137206]
[0.00176588 0.00356702 0.00554106 0.00808527 0.00817076 0.00880636]
[0.00356029 0.00472834 0.00497956 0.0052818  0.00779404 0.00807339]
[0.00166821 0.00193379 0.00227776 0.00304077 0.00348441 0.0057588 ]
[0.00599689 0.00669143 0.00712248 0.0097302  0.01119175 0.01212613]
[0.00432913 0.0077649  0.00805086 0.00829398 0.00862924 0.00957418]
[0.00420134 0.00947782 0.00978519 0.01066147 0.01102739 0.01147452]
[0.00690311 0.00941606 0.00980931 0.0102288  0.01114572 0.01153383]
[0.00522398 0.00528571 0.00602621 0.00702128 0.00723392 0.0074356 ]
[0.00249415 0.00291369 0.00389    0.00406814 0.00575318 0.00598547]
[0.00308184 0.00375992 0.00447119 0.00544699 0.00733232 0.00860889]
[0.00181122 0.00340747 0.00409936 0.00928463 0.00947201 0.00991436]
[0.0036784  0.0062833  0.00707247 0.00768178 0.00789708 0.00945479]
[0.00410599 0.00755471 0.00765732 0.00898366 0.01127255 0.01243076]
[0.00111392 0.00635067 0.00689064 0.00975262 0.01152069 0.0123433 ]
[0.00148143 0.00207174 0.00373025 0.00527665 0.00569311 0.00648079]
[0.00350919 0.00402496 0.0060947  0.00638955 0.0067502  0.00685797]
[0.00222695 0.00287179 0.0043149  0.00810165 0.00852091 0.00910635]
[0.00289681 0.00411344 0.00557404 0.00613489 0.00624387 0.00652022]
[0.00344021 0.00371533 0.00696184 0.00738598 0.0097991  0.01039575]
[0.00760765 0.00795123 0.00941985 0.01023265 0.01359102 0.01435287]
[0.00173252 0.00539583 0.0061316  0.00632865 0.00694762 0.00749646]
[0.00278592 0.00338159 0.00360723 0.00583177 0.00604115 0.00643591]
[0.00101788 0.0041222  0.00556598 0.00567172 0.00601098 0.0062396 ]
[0.00137624 0.0022617  0.00235609 0.00433162 0.00512195 0.00521402]
[0.0015594  0.00320509 0.00382615 0.00624323 0.00715094 0.00723733]
[0.00031575 0.00107605 0.00419643 0.00524103 0.00537595 0.00635923]
[0.00144465 0.00164972 0.00201219 0.00217998 0.0023521  0.00247924]
[0.0009111  0.00149986 0.00186414 0.00223173 0.00269743 0.00300237]
[0.00269507 0.00283384 0.00311118 0.00363155 0.00374778 0.00454883]
[0.00044791 0.00230342 0.00327415 0.00439105 0.00490414 0.00529845]
[0.00187946 0.00190627 0.00282523 0.00298382 0.00425939 0.00451196]
[0.00460887 0.00507148 0.00527793 0.00568492 0.00604705 0.00624317]
[0.00137975 0.00254705 0.00325904 0.00401756 0.0044984  0.00570936]
[0.00150448 0.00187883 0.0050959  0.00605584 0.00683164 0.00684037]
[0.00083437 0.00175326 0.00197813 0.00200099 0.00204757 0.00210269]
[0.00083131 0.00092893 0.00105703 0.00118335 0.00256607 0.00284067]
[0.00065566 0.00199231 0.00285531 0.00301244 0.00349593 0.00377335]
[0.00139758 0.00280199 0.0033364  0.00363156 0.00409019 0.00468577]
[0.00237101 0.00274576 0.00321008 0.00338348 0.00345106 0.00413396]
[0.0007601  0.0016692  0.00187836 0.00220613 0.00313871 0.00327185]
[0.00078922 0.00196826 0.00275951 0.0031588  0.0039136  0.00415979]
[0.00051507 0.00216612 0.00244132 0.00300942 0.00395408 0.0047064 ]
[0.00017646 0.00100604 0.00126329 0.00184138 0.0029864  0.00333929]
[0.00158671 0.00223461 0.00307592 0.00331392 0.00381622 0.00438651]
[0.00043242 0.00110025 0.00278863 0.00309637 0.00322922 0.00372986]
[0.00122481 0.00246709 0.00266447 0.00407756 0.00450884 0.00464046]
[0.0018645  0.00190132 0.00325462 0.00340714 0.00417039 0.00530054]
[0.00314339 0.00525897 0.00558633 0.00599257 0.00751253 0.00762057]
[0.00124252 0.00186783 0.00216495 0.00291542 0.00362717 0.0040425 ]
[0.00158977 0.00187303 0.00208227 0.0022983  0.00296985 0.00317273]
[0.00111629 0.00206104 0.00348784 0.00410535 0.00473086 0.00515628]
[0.0010514  0.00120088 0.0025801  0.00291814 0.00302252 0.00339321]
[0.00085955 0.00207061 0.00221759 0.00297668 0.00335799 0.00391957]
[0.00343023 0.00372477 0.0037664  0.00468494 0.00497262 0.00511481]
[0.0013078  0.00335654 0.0034577  0.00424047 0.00526658 0.00536471]
[0.00086353 0.00188686 0.00300712 0.00343978 0.0057467  0.00601269]
[0.000838   0.00145404 0.00167044 0.00176982 0.00196752 0.002751  ]
[0.00019275 0.00258691 0.00267708 0.00276956 0.0048425  0.00499271]
[0.00095271 0.00294886 0.00312891 0.00389526 0.00460948 0.00468516]
[0.00269165 0.00337041 0.00431589 0.00436134 0.00451308 0.0051491 ]
[0.00049071 0.00274374 0.00326686 0.00346555 0.0051619  0.00519735]
[0.00144727 0.0021428  0.00331701 0.0041775  0.00532247 0.00559076]
[0.00095284 0.00169365 0.00339049 0.00406587 0.00639505 0.00646365]
[0.00337602 0.0034472  0.00378984 0.00418637 0.00468524 0.00546275]
[0.0013298  0.0038649  0.00430859 0.00437635 0.00458698 0.00498291]
[0.00166195 0.00340527 0.00458636 0.0053474  0.00606615 0.00656555]
[0.0038162  0.00447591 0.0048066  0.00488608 0.00533112 0.00731718]
[0.00268923 0.0033377  0.005681   0.00591098 0.00608254 0.00639663]
[0.00119042 0.00557523 0.00642001 0.00689355 0.00759713 0.0090212 ]
[0.00464675 0.00691319 0.00716943 0.00720627 0.0073046  0.00908575]
[0.00185825 0.00396475 0.0040505  0.00448491 0.00614122 0.00692082]
[0.00207076 0.00448054 0.00480545 0.00560745 0.00643991 0.00653748]
[0.00191888 0.00213371 0.00471314 0.00511634 0.00544495 0.00571365]
[0.0014399  0.00301577 0.00390445 0.0044641  0.00598484 0.00688165]
[0.00192615 0.0037096  0.00390633 0.00416476 0.00681158 0.00797454]
[0.00239875 0.00504503 0.00676496 0.00818822 0.00904807 0.01052801]
[0.00147103 0.00451712 0.00476305 0.00788768 0.00858131 0.00877843]
[0.00056068 0.00360862 0.00439453 0.00476939 0.00523914 0.00594292]
[0.00149687 0.00203938 0.00255635 0.00328824 0.00475016 0.00552992]
[0.0027091  0.00492217 0.0049955  0.00509473 0.00580771 0.00603413]
[0.00157289 0.00352165 0.00429954 0.00498032 0.00625964 0.00711391]
[0.00243704 0.00246624 0.00298159 0.0030566  0.00424953 0.00447595]
[0.00079038 0.00194179 0.00203103 0.00368798 0.00556679 0.00576089]
[0.00189648 0.00306644 0.00340117 0.00421043 0.00464292 0.0051897 ]
[0.00314573 0.00396105 0.0044321  0.00455817 0.0053428  0.00576111]
[0.0012879  0.00164824 0.00309625 0.00575303 0.0062955  0.0074854 ]
[0.00359571 0.00501278 0.00767938 0.00789385 0.00972287 0.01165954]
[0.00392991 0.00416583 0.00499454 0.00552947 0.00812383 0.00827014]
[0.0028781  0.00289622 0.00296026 0.00412034 0.0049832  0.00621374]
[0.00176815 0.00382896 0.00387433 0.00413247 0.00635883 0.00859912]
[0.00269241 0.00283999 0.00306077 0.00324165 0.00483615 0.0059081 ]
[0.00158708 0.0024166  0.00294698 0.00435789 0.00697844 0.00725063]
[0.00188387 0.00311708 0.00339455 0.00370954 0.00623352 0.00652545]
[0.00136267 0.00308519 0.00318789 0.00330982 0.00507939 0.0051799 ]
[0.00265431 0.00431346 0.00670677 0.00682602 0.00885792 0.00952873]
[0.00489098 0.00569585 0.00583252 0.0062759  0.00831986 0.00834723]
[0.00237127 0.00414394 0.00452696 0.00646479 0.01092    0.0115418 ]
[0.00349447 0.0043027  0.00448385 0.00490199 0.00494883 0.00514021]
[0.00146882 0.00181895 0.00257518 0.00377306 0.00412644 0.00436627]
[0.00185778 0.0035907  0.00361449 0.00448257 0.00540206 0.00571163]
[0.00356517 0.0048675  0.0062066  0.0074785  0.00955002 0.0100662 ]
[0.00445251 0.00461639 0.00514956 0.00589156 0.00681573 0.00724562]
[0.00588251 0.007075   0.00717568 0.00761151 0.00838296 0.00881889]
[0.00313694 0.00406695 0.00567057 0.00792447 0.00809329 0.00891306]
[0.00341819 0.00557647 0.00584075 0.00635699 0.00673732 0.00705701]
[0.00479945 0.00599842 0.0069646  0.00719858 0.00777005 0.00814915]
[0.00164008 0.0018024  0.00209251 0.00552896 0.00567494 0.00807576]
[0.00196035 0.00421073 0.00484122 0.00607376 0.00758099 0.00921371]
[0.00235004 0.00241521 0.00541721 0.00719527 0.00736479 0.00798739]
[0.00300455 0.00517367 0.00631947 0.00667157 0.00681078 0.00804119]
[0.00322481 0.00414408 0.00521452 0.00673991 0.0074076  0.00870169]
[0.00250208 0.00310547 0.00313118 0.00332662 0.00356212 0.00497494]
[0.00340244 0.00360981 0.00391669 0.0042876  0.0043477  0.00512275]
[0.00247459 0.00500027 0.00530844 0.00655175 0.00693952 0.00886146]
[0.00416512 0.00461339 0.00516093 0.0062256  0.00634325 0.00708566]
[0.00307642 0.00377675 0.00424621 0.00531315 0.00541707 0.0059217 ]
[0.00397722 0.00593417 0.0063903  0.00678743 0.00797033 0.00912907]
[0.00195432 0.00429361 0.00583398 0.0072256  0.00857194 0.00908095]
[0.0041277  0.00446731 0.00661071 0.00742856 0.00929105 0.01018787]
[0.00141889 0.00346704 0.00584357 0.00616837 0.00761291 0.00828958]
[0.00190529 0.00322104 0.00442856 0.00502153 0.00679796 0.00695516]
[0.00156782 0.00162164 0.00312994 0.00452339 0.0045409  0.00541448]
[0.00447868 0.00517876 0.00831514 0.00983725 0.01023168 0.01026852]
[0.003997   0.00483007 0.00698825 0.00887108 0.00931756 0.00961592]
[0.00290216 0.00514203 0.00564236 0.00587997 0.00721103 0.00859403]
[0.00522248 0.00560606 0.00608395 0.00839792 0.00852701 0.0089108 ]
[0.00404962 0.00433278 0.00529793 0.00534772 0.00543835 0.00683814]
[0.0014688  0.00569379 0.00634719 0.00683397 0.00709734 0.00729533]
[0.00118413 0.00213241 0.00245468 0.00285808 0.004371   0.00517844]
[0.00571283 0.00791746 0.00947437 0.00957666 0.0101156  0.01067752]
[0.0048559  0.00502417 0.00585414 0.00603664 0.00653578 0.00701391]
[0.00116058 0.00309297 0.00360354 0.00386145 0.00391483 0.00569848]
[0.00392425 0.0052621  0.00743845 0.00746305 0.00761536 0.00790974]
[0.0047119  0.00590648 0.00686746 0.00818196 0.01052472 0.01192124]
[0.00397985 0.00551021 0.00809701 0.0083662  0.0087635  0.0096101 ]
[0.00089994 0.0070909  0.01036355 0.01058477 0.01160507 0.01254173]
[0.00261791 0.00830988 0.00904687 0.01054065 0.01083854 0.0124221 ]
[0.00528475 0.0080541  0.00880294 0.01234726 0.01382977 0.01471225]
[0.00551396 0.0062362  0.00745304 0.00910321 0.01068147 0.01102247]
[0.00537443 0.00578799 0.0068405  0.00735191 0.00752521 0.00823786]
[0.00198959 0.00280897 0.0028818  0.00509619 0.00705024 0.0077634 ]
[0.00206534 0.00344607 0.00540373 0.00545061 0.00663318 0.00842272]
[0.00436695 0.00703663 0.00800036 0.0085431  0.00883397 0.00915358]
[0.00591324 0.00679513 0.00741998 0.01026222 0.01194503 0.01483442]
[0.00358144 0.00475808 0.00533346 0.0067357  0.00999699 0.01042022]
[0.00509822 0.00721266 0.00788776 0.00869127 0.00998825 0.01069467]
[0.00285513 0.00351742 0.00398973 0.00471838 0.00598636 0.00623347]
[0.0036588  0.00415019 0.00563246 0.00684323 0.00727809 0.00774048]
[0.0015695  0.00433209 0.00503867 0.00520872 0.00587923 0.00651652]
[0.00465713 0.0049287  0.00743509 0.00761399 0.00764238 0.00850393]
[0.00197202 0.00422509 0.00581795 0.00808592 0.01073833 0.01079822]
[0.00311977 0.00350362 0.00446016 0.00608451 0.00773296 0.0078964 ]
[0.00329776 0.00399408 0.0052117  0.00652278 0.00658502 0.00724384]
[0.00069877 0.00306605 0.00451746 0.00535026 0.00810958 0.0082715 ]
[0.00251078 0.00349112 0.00421057 0.00519419 0.00586367 0.00603895]
[0.00339372 0.00357902 0.00481451 0.00568084 0.00588994 0.00707455]
[0.00601657 0.00642129 0.0074683  0.00772971 0.00875214 0.00943741]
[0.00332954 0.01013151 0.01032096 0.01130544 0.01182423 0.01235762]
[0.0092513  0.01180364 0.01197098 0.01231209 0.0138397  0.01426045]
[0.00561579 0.01051926 0.01227844 0.01494401 0.01695449 0.01788638]
[0.00097188 0.00603341 0.00798932 0.00868753 0.01337401 0.01429028]
[0.00356442 0.00598973 0.00750881 0.00770683 0.01311395 0.01434172]
[0.00240086 0.00395685 0.00413185 0.00551981 0.00637962 0.01058557]
[0.00704857 0.01015035 0.01043222 0.01088959 0.01232103 0.01263253]
[0.00584327 0.00722149 0.00921351 0.00953133 0.00965132 0.01164189]
[0.00342319 0.00363132 0.00370163 0.00502313 0.00512803 0.00782519]
[0.00159344 0.00276498 0.00598006 0.00686154 0.00732252 0.00824318]
[0.00572916 0.00753914 0.00934652 0.01155467 0.01264176 0.0131932 ]
[0.0020072  0.00452256 0.00777015 0.0086363  0.00892467 0.01253302]
[0.00152204 0.00252735 0.00271713 0.00545188 0.00948016 0.01040459]
[0.00599546 0.00815183 0.00822453 0.00927098 0.00962116 0.01086495]
[0.00413219 0.00539412 0.01033866 0.01110032 0.0113942  0.0126531 ]
[0.00281043 0.00429672 0.00496452 0.00806129 0.0085356  0.01088027]
[0.00531617 0.00681766 0.00912692 0.00961698 0.0120962  0.01280624]
[0.00514547 0.00776804 0.00810591 0.0095396  0.01167851 0.01326307]
[0.00654676 0.00743203 0.00937496 0.01035667 0.01224347 0.01458544]
[0.00316842 0.00521943 0.00618417 0.0071659  0.01090848 0.01171026]
[0.00166495 0.00612372 0.00637944 0.00653604 0.01043749 0.01195994]
[0.00283879 0.00323877 0.00418403 0.00593903 0.00669939 0.00733348]
[0.00366355 0.00564672 0.0060863  0.00712357 0.00748397 0.00776552]
[0.00265735 0.01025814 0.01056252 0.01155746 0.01277724 0.01311957]
[0.00200796 0.00326359 0.00334616 0.00827102 0.00979691 0.00989984]
[0.00526328 0.00618564 0.00718973 0.00729394 0.00785132 0.00852486]
[0.00471402 0.00515312 0.00528702 0.00765762 0.00899114 0.00926834]
None
[0.00472822 0.00528912 0.00540045 0.00575022 0.00625659 0.00697053]
[0.00333944 0.00419875 0.00488228 0.0071299  0.00765284 0.00808976]
[0.00419401 0.00652648 0.00843262 0.0099852  0.01085828 0.01222153]
[0.00557995 0.00790198 0.00914481 0.0104571  0.01136585 0.01161348]
[0.00170611 0.00273775 0.00585656 0.0060588  0.00753098 0.00763145]
[0.00157617 0.0063623  0.00673316 0.00703079 0.00725053 0.00814311]
[0.00097117 0.00169057 0.00231525 0.0031019  0.00378336 0.00459244]
[0.00347702 0.00496656 0.00514119 0.00526647 0.00557164 0.00827877]
[0.00143808 0.00186362 0.0029523  0.00466175 0.00484181 0.00628316]
[0.00231569 0.0032093  0.00520082 0.00698696 0.00730011 0.00779666]
[0.00327001 0.00361084 0.00657492 0.00675483 0.00814192 0.0090219 ]
[0.00164155 0.00513141 0.00559987 0.00632115 0.00692004 0.00838029]
[0.00328595 0.00362676 0.00487506 0.00552279 0.0062808  0.00703161]
[0.00177542 0.00432976 0.00530398 0.00570077 0.00643863 0.00700226]
[0.00059047 0.00202507 0.00399709 0.00403236 0.00493459 0.00555163]
[0.00290403 0.00460422 0.0069201  0.00763774 0.00946937 0.00956662]
[0.00303241 0.00395507 0.00439567 0.00645559 0.0095852  0.00962193]
[0.00284888 0.00626958 0.00638714 0.0092399  0.01072252 0.01152411]
[0.00376534 0.00422928 0.00804623 0.00823053 0.00843476 0.01033054]
[0.00301586 0.00515119 0.0060791  0.00644717 0.00728027 0.00861077]
[0.00297404 0.00342362 0.00399234 0.00539354 0.00576414 0.00627907]
[0.00095095 0.00300256 0.00410947 0.004519   0.00526439 0.00655963]
[0.00375604 0.00495542 0.00538034 0.00763544 0.00926915 0.00951808]
[0.00380859 0.00717323 0.0078715  0.00809251 0.01013598 0.01071781]
[0.00197981 0.00313461 0.00582144 0.00636547 0.00862644 0.00886434]
[0.00125458 0.00221234 0.00444531 0.00492893 0.00688839 0.00749465]
[0.00400874 0.00569624 0.00588043 0.0073463  0.00890532 0.00940203]
[0.00124298 0.0032281  0.00407137 0.00449693 0.00476338 0.005199  ]
[0.00474832 0.00658874 0.00724169 0.0073408  0.00869575 0.01015349]
[0.00666188 0.00698872 0.00846922 0.01073586 0.01202134 0.01247785]
[0.00850772 0.00894243 0.01005878 0.01105177 0.01214263 0.01249786]
[0.00514279 0.00678723 0.00804195 0.00830115 0.00990143 0.01314857]
[0.00088153 0.00133945 0.00332081 0.00386937 0.00447608 0.00517808]
[0.00141214 0.00278678 0.00475578 0.00479433 0.00564555 0.00603589]
[0.00564053 0.00582185 0.00800726 0.00985861 0.0108198  0.01095499]
[0.00433174 0.00902016 0.01059611 0.01080355 0.01250336 0.01430978]
[0.00343499 0.00389474 0.00455351 0.00629864 0.00805218 0.00873394]
[0.00302035 0.00488507 0.00493821 0.0053213  0.00652075 0.00665675]
[0.00315943 0.00646456 0.00974136 0.00994886 0.01054847 0.01064653]
[0.00199178 0.00391475 0.00558025 0.00573877 0.00654355 0.006773  ]
[0.00407665 0.0044331  0.00499739 0.00765395 0.00827954 0.008461  ]
[0.00206262 0.00324367 0.00394051 0.00466553 0.00541541 0.0065658 ]
[0.00123078 0.00286485 0.00591218 0.00691861 0.00858138 0.01036992]
[0.00731756 0.00742024 0.0076476  0.01228592 0.01318784 0.01550332]
[0.00211205 0.00333691 0.00698094 0.00833089 0.00904291 0.00958377]
[0.0028106  0.00377352 0.00409946 0.00501069 0.00541908 0.00614494]
[0.00064743 0.00281732 0.00337448 0.00345534 0.00416778 0.00532397]
[0.00314172 0.00327195 0.00563672 0.00657782 0.00771522 0.00837301]
[0.00259967 0.00294472 0.00412673 0.00425715 0.00434665 0.00547505]
[0.00151575 0.00324448 0.00408701 0.00453031 0.00554584 0.00583815]
[0.00056591 0.00325842 0.00431532 0.00595947 0.00666184 0.00792733]
[0.00202394 0.00269233 0.00579834 0.0075342  0.00882809 0.00939563]
[0.00273259 0.00287452 0.00388553 0.0041781  0.00477777 0.00524086]
[0.00109917 0.00175243 0.00301639 0.00367203 0.00531617 0.00565563]
[0.00139757 0.0017964  0.00192184 0.00550404 0.00618062 0.00721748]
[0.00228975 0.00447897 0.0052336  0.00584188 0.00597828 0.00668598]
[0.00141168 0.00258009 0.00772809 0.0080708  0.00832424 0.00835495]
[0.0009335  0.00453585 0.00495757 0.00585713 0.00656654 0.00709852]
[0.00333548 0.00608568 0.00776003 0.0091193  0.01000562 0.01046799]
[0.0015862  0.00421379 0.00439251 0.00479959 0.00515218 0.00532908]
[0.00161644 0.00337466 0.00391359 0.00419836 0.0042573  0.00453494]
[0.00486045 0.00670763 0.00687538 0.00850725 0.00883963 0.00919697]
[0.00280497 0.00533487 0.0059003  0.00653788 0.00706219 0.0075049 ]
[0.00274362 0.00283187 0.00371896 0.00389226 0.00507091 0.00584806]
[0.00195543 0.00588672 0.00615221 0.0068136  0.00686468 0.00790616]
[0.00535206 0.00689974 0.00731184 0.00738845 0.00847672 0.01157216]
[0.0033834  0.00419506 0.00644794 0.01007598 0.01131412 0.01174726]
[0.00275991 0.00353466 0.00430438 0.00449278 0.00501729 0.0053353 ]
[0.00228034 0.0033283  0.00467023 0.00517998 0.00576378 0.00593571]
[0.00235661 0.00288398 0.00310702 0.0032845  0.00373765 0.00516991]
[0.00084759 0.00305301 0.00463425 0.00578351 0.00656159 0.00680596]
[0.00310644 0.00333825 0.0036581  0.00526852 0.00592466 0.0066589 ]
[0.00142265 0.00263139 0.00552296 0.00839356 0.00844886 0.00861827]
[0.00444395 0.00489163 0.005148   0.00598847 0.00653294 0.00759882]
[0.00179991 0.00238176 0.00255977 0.0032452  0.00369692 0.00483563]
[0.00091613 0.00366921 0.00424354 0.00479169 0.00528088 0.0054881 ]
[0.00223441 0.00326354 0.00371069 0.00393095 0.00648625 0.00657098]
[0.00083859 0.00369945 0.00398736 0.00411831 0.00510515 0.00515325]
[0.00337932 0.00431744 0.0047605  0.00491428 0.00667813 0.00686417]
[0.00357761 0.00398499 0.00484651 0.00539671 0.00577926 0.0068297 ]
[0.00079934 0.00191181 0.00492423 0.00533294 0.00568112 0.00618142]
[0.00134731 0.00274408 0.00337275 0.00453415 0.00463485 0.00495282]
[0.00055514 0.00151367 0.00249294 0.00342137 0.00390061 0.00460361]
[0.00103194 0.00194831 0.00218386 0.00276376 0.00317842 0.00465058]
[0.00223005 0.00277822 0.00318817 0.0050436  0.00568661 0.00668909]
[0.00158769 0.00314996 0.00346016 0.00352481 0.00477983 0.00512393]
[0.00150226 0.00338759 0.00390468 0.00440054 0.00537236 0.00728101]
[0.00166825 0.00183259 0.0048399  0.00633393 0.00752352 0.00784829]
[0.00149473 0.00224348 0.00301258 0.00314882 0.00363975 0.00457141]
[0.00041657 0.00244711 0.00257611 0.00332837 0.00423254 0.00425967]
[0.00210652 0.00404545 0.00548574 0.00599804 0.00650433 0.00681311]
[0.00279367 0.00393736 0.00415998 0.00476559 0.00492235 0.00515411]
[0.00212339 0.00226093 0.00283284 0.00324595 0.00329074 0.00346483]
[0.00052612 0.00084553 0.00246336 0.00454127 0.00636407 0.00814856]
[0.00406631 0.00417358 0.00467018 0.0050817  0.00624741 0.00627472]
[0.00231522 0.00237475 0.00421292 0.00476759 0.00482737 0.0049784 ]
[0.00233063 0.00273443 0.00359854 0.00481397 0.00510966 0.00556501]
[0.00122284 0.00165265 0.00235519 0.00275476 0.00392658 0.00415433]
[0.00033041 0.00148934 0.00266574 0.0034586  0.00375488 0.00576795]
[0.00059367 0.00295367 0.00314237 0.00342252 0.00351648 0.00443793]
[0.00200565 0.00276839 0.00278194 0.00283177 0.00355989 0.00375904]
[0.00072645 0.00288233 0.00442593 0.0045651  0.00513717 0.00545991]
[0.001038   0.001362   0.00485965 0.00511003 0.00568275 0.00713909]
[0.00128571 0.00270925 0.002819   0.00353373 0.00403921 0.0052889 ]
[0.00074377 0.00204119 0.00235856 0.00278197 0.00299684 0.00322727]
[0.00037907 0.00099004 0.00169612 0.00269609 0.00290203 0.00363447]
[0.00217592 0.00328658 0.00340545 0.00405015 0.00436656 0.00482257]
[0.00348201 0.00489648 0.00581216 0.00606786 0.00666766 0.00743533]
[0.00227614 0.00397652 0.00674019 0.00687823 0.00855799 0.0098421 ]
[0.00250923 0.00268401 0.00323147 0.00403728 0.0044659  0.00518002]
[0.00106    0.00256731 0.00304903 0.00345835 0.0041154  0.00523423]
[0.00409334 0.00439266 0.00477791 0.00497685 0.00516101 0.00619145]
[0.00229212 0.00291536 0.00434539 0.0045434  0.00572617 0.00707021]
[0.00227264 0.00257894 0.00466386 0.00487863 0.004992   0.00611345]
[0.00209428 0.00246812 0.00364032 0.00395625 0.00513495 0.00646098]
[0.00224309 0.00442513 0.0053608  0.00664526 0.00895355 0.00937923]
[0.00194694 0.00245914 0.00426991 0.0051731  0.00541785 0.00654913]
[0.00137256 0.0026627  0.00353835 0.00476505 0.00645384 0.00687152]
[0.00159882 0.00427916 0.00436324 0.00500591 0.00601546 0.00668141]
[0.00443236 0.00544335 0.00632515 0.00861634 0.00872401 0.00921754]
[0.00410504 0.00493632 0.00620084 0.00896102 0.00966351 0.01014196]
[0.00105866 0.00122255 0.002707   0.00359806 0.00402485 0.00521307]
[0.00378626 0.0039481  0.00605377 0.00708659 0.00769529 0.00780724]
[0.00114981 0.00118945 0.00368105 0.00681795 0.00759106 0.00854869]
[0.00247645 0.00322597 0.0036899  0.00496058 0.00598852 0.00675641]
[0.00180996 0.00315543 0.00413992 0.00519021 0.00578782 0.00590067]
[0.00274233 0.00411691 0.00549298 0.00643753 0.00710819 0.00755466]
[0.00277978 0.00344157 0.00347682 0.00356764 0.00602008 0.00620791]
