[0.0051335  0.00601417 0.00690614 0.00759513 0.00785289 0.00862138]
[0.0074176  0.00819006 0.00851141 0.01066072 0.01107957 0.01200919]
[0.00574212 0.00595006 0.00740948 0.00752843 0.00822519 0.00845654]
[0.0035704  0.005272   0.00558469 0.00647064 0.00665661 0.00676352]
[0.00232801 0.0042136  0.00507461 0.00556528 0.00567589 0.00759578]
[0.00567078 0.00635998 0.00822882 0.00858104 0.01121459 0.01214139]
[0.00474324 0.00544064 0.00688831 0.00691817 0.00819579 0.00935891]
[0.00636299 0.00854439 0.0115134  0.01182122 0.01228782 0.01285854]
[0.00149253 0.00401456 0.00416513 0.00429202 0.00537124 0.0074501 ]
[0.00233582 0.00287526 0.00354544 0.00471687 0.00640877 0.00792915]
[0.0035205  0.00466492 0.0049219  0.00514181 0.00796114 0.00907698]
[0.00369389 0.00483415 0.00581113 0.00629942 0.00689396 0.00709819]
[0.0031502  0.00341946 0.00486822 0.00524681 0.00563588 0.00692169]
[0.00630243 0.00701842 0.00745603 0.00804393 0.0082225  0.00861045]
[0.00198928 0.00300745 0.00305726 0.0041826  0.00732762 0.0077409 ]
[0.00394573 0.0067874  0.00723529 0.00932609 0.01000038 0.01025331]
[0.00773315 0.00909934 0.00926757 0.00932663 0.00965926 0.00977457]
[0.00181445 0.00208759 0.00283056 0.00355393 0.00448962 0.00597285]
[0.00188456 0.00233082 0.00246126 0.00454562 0.0047062  0.00504022]
[0.00279352 0.00399381 0.00622568 0.00673992 0.00687508 0.00816116]
[0.0037778  0.00703623 0.00927209 0.00983767 0.01062036 0.01065362]
[0.00548772 0.00568206 0.00642587 0.00951938 0.00955841 0.00970289]
[0.00328244 0.00411604 0.00444204 0.00569927 0.00595949 0.00626774]
[0.00245532 0.00379235 0.00504371 0.00668274 0.00778352 0.00796248]
[0.00450197 0.00593669 0.01080189 0.01202641 0.01250247 0.01263002]
[0.00205687 0.00258218 0.00749597 0.00906706 0.00918543 0.0092317 ]
[0.00176821 0.00189207 0.00366823 0.00743863 0.01000004 0.01029485]
[0.00309724 0.00775196 0.00888889 0.01448998 0.01502968 0.01539517]
[0.00672898 0.00674476 0.00688601 0.00762163 0.00898461 0.00967729]
[0.0041789  0.00487977 0.00803992 0.00863416 0.00886575 0.01082772]
[0.00318965 0.0033236  0.00375733 0.00453702 0.00793964 0.00799174]
[0.00140436 0.00282203 0.00335157 0.00764077 0.0081775  0.00952833]
[0.00347729 0.00386322 0.00408593 0.00588834 0.00837309 0.00840158]
[0.00393453 0.00494736 0.00570287 0.00610744 0.00687319 0.00741431]
[0.00315282 0.00446309 0.00479607 0.0063352  0.00649528 0.00725512]
[0.00506268 0.00585895 0.00757947 0.00832007 0.00870671 0.00902796]
[0.00230343 0.00577209 0.00670989 0.00939051 0.01042946 0.0108468 ]
[0.0057023  0.00689719 0.00896012 0.00927989 0.00968731 0.01175313]
[0.00337132 0.00400884 0.00414003 0.00425777 0.00607256 0.00642029]
[0.00457758 0.00497128 0.00554587 0.00746563 0.00773821 0.00842063]
[0.00313072 0.00548545 0.00773485 0.01024126 0.01115236 0.0113487 ]
[0.00461907 0.00565792 0.0058341  0.006304   0.00671765 0.00771393]
[0.00460974 0.00606058 0.00606991 0.00640644 0.00705797 0.0080191 ]
[0.0036301  0.0040653  0.00564577 0.00596676 0.00644239 0.00684837]
[0.00276916 0.00403402 0.00483836 0.00484004 0.00746494 0.00779715]
[0.00156173 0.00378497 0.00420806 0.00476235 0.0076653  0.00815653]
[0.0035066  0.00455839 0.00516595 0.00616458 0.00729276 0.00772927]
[0.00435887 0.00445018 0.00462882 0.0054267  0.00555315 0.00564822]
[0.00274602 0.00499746 0.00597726 0.00707267 0.0072571  0.00736966]
[0.00269446 0.00525204 0.00564966 0.00631715 0.00808435 0.00810137]
[0.0046733  0.00468444 0.00477771 0.00516821 0.0052597  0.0053096 ]
[0.00468412 0.0047641  0.00572925 0.0071964  0.00812811 0.0087503 ]
[0.00189949 0.00241464 0.0048409  0.00516765 0.00561417 0.00607561]
[0.00201624 0.00332326 0.00398451 0.00477514 0.00489843 0.00530078]
[0.00439934 0.00606986 0.00792593 0.00811925 0.00815464 0.00902188]
[0.00417532 0.00505698 0.0056065  0.00694681 0.00747556 0.00765233]
[0.00407691 0.00520856 0.00615314 0.00624155 0.00713851 0.00773136]
[0.00592149 0.00623868 0.00663088 0.00815709 0.00834105 0.00856032]
[0.00502545 0.00504108 0.00577732 0.00665135 0.00855086 0.00940422]
[0.00398176 0.00646866 0.00665978 0.00683763 0.00907695 0.00988665]
[0.00156481 0.00467212 0.00487055 0.00562128 0.00593786 0.00618589]
[0.00201759 0.00445305 0.00519418 0.00831418 0.00877978 0.01222008]
[0.00228146 0.00318314 0.00597609 0.00669064 0.00785171 0.00904772]
[0.00413425 0.00454533 0.00524091 0.00684545 0.00716172 0.00719204]
[0.00236824 0.00444157 0.00459151 0.0069572  0.00993598 0.01011498]
[0.00292534 0.00319521 0.00438789 0.00458677 0.00811365 0.00839246]
[0.00460629 0.00466951 0.00504327 0.00526194 0.00529932 0.0057541 ]
[0.00139078 0.00363741 0.0038747  0.00432418 0.00475317 0.00534593]
[0.00251394 0.00401837 0.00458133 0.00527184 0.00584456 0.00622888]
[0.001827   0.00269022 0.00357911 0.00401846 0.00479783 0.00483625]
[0.00485621 0.00609048 0.00680563 0.00724125 0.00747231 0.00815929]
[0.00338356 0.00363998 0.00367411 0.00442871 0.00609257 0.00672267]
[0.00116285 0.0058104  0.00622306 0.00655499 0.00707664 0.00740932]
[0.00182341 0.0020688  0.00234554 0.0033219  0.00342465 0.0040319 ]
[0.00374094 0.00445107 0.0048788  0.00703602 0.00718247 0.00744573]
[0.003316   0.00456772 0.00650058 0.00652589 0.00830218 0.00841445]
[0.00470372 0.00501638 0.00536158 0.00749581 0.007703   0.00808527]
[0.00525156 0.00560913 0.00859411 0.00861126 0.00958397 0.01011898]
[0.00280615 0.00338335 0.00591923 0.00615167 0.00709528 0.00766059]
[0.0023557  0.00396604 0.0039924  0.00512223 0.00523231 0.00540902]
[0.00257606 0.00315042 0.00319258 0.00332395 0.00341369 0.00350223]
[0.00341602 0.00365736 0.00488385 0.00491564 0.00575018 0.00601119]
[0.00236247 0.00390725 0.00432763 0.00438055 0.00593344 0.00601981]
[0.00247255 0.00503977 0.00670158 0.00741968 0.00752672 0.00821692]
[0.0034406  0.00527055 0.0054392  0.00627621 0.00649577 0.00656527]
[0.00119901 0.00297029 0.00389282 0.00424701 0.00601666 0.00623529]
[0.00201938 0.00356491 0.00390573 0.00424807 0.00571121 0.00585104]
[0.00216113 0.0024545  0.00317222 0.00416702 0.00451357 0.00504345]
[0.00171022 0.00211545 0.00227146 0.00261547 0.00307605 0.00355491]
[0.00177753 0.00401301 0.00441069 0.00472443 0.00524854 0.00537373]
[0.00288018 0.00340738 0.00393212 0.00520108 0.0054925  0.00601431]
[0.00337504 0.00547708 0.00576319 0.00579095 0.00625734 0.00654993]
[0.00376635 0.004386   0.00457344 0.00540761 0.00544357 0.00645211]
[0.00255237 0.00418744 0.00512729 0.0056035  0.00707967 0.00709875]
[0.00306576 0.00546456 0.00566454 0.00576735 0.00634753 0.00656187]
[0.00250666 0.00265994 0.00295875 0.00301264 0.00346055 0.00366961]
[0.00374234 0.0049545  0.00522403 0.00676957 0.00696688 0.0071821 ]
[0.00414189 0.0042717  0.00431462 0.00456024 0.00497938 0.00507224]
[0.00139508 0.00283646 0.00406167 0.00455785 0.00517819 0.00636564]
[0.00294436 0.00430717 0.00475999 0.00547762 0.00557302 0.00589111]
[0.00372671 0.00746379 0.00772867 0.00781286 0.0086125  0.00904338]
[0.00307791 0.00410054 0.0047701  0.00522272 0.00561893 0.00607585]
[0.00138495 0.00186761 0.00228413 0.00407662 0.0040974  0.00458208]
[0.00245463 0.00376195 0.00396267 0.0052379  0.00581356 0.00722501]
[0.00271    0.0037675  0.00381308 0.00514275 0.00518085 0.00565748]
[0.00347148 0.00388695 0.00392823 0.0051967  0.0054353  0.00561352]
[0.00246105 0.00246563 0.00262126 0.00452824 0.00473391 0.00620867]
[0.00412275 0.00475317 0.00492492 0.00594121 0.00653226 0.00663335]
[0.00146911 0.00175707 0.0031541  0.00373647 0.00412256 0.00419626]
[0.00126816 0.00299571 0.00325197 0.00409607 0.00436091 0.00453787]
[0.00427345 0.0046314  0.00485881 0.00487646 0.00591236 0.0065165 ]
[0.00248832 0.00258548 0.00326808 0.00442751 0.00524625 0.00542492]
[0.00301053 0.00382855 0.00449596 0.00689853 0.00713594 0.00714516]
[0.00310234 0.00517009 0.0056982  0.00690115 0.00710413 0.00794952]
[0.00446674 0.00478521 0.00685434 0.00736118 0.00751682 0.00760017]
[0.00216054 0.00516364 0.00567044 0.00743615 0.0074821  0.00750569]
[0.00196033 0.00312186 0.00422356 0.0042478  0.00591555 0.00620353]
[0.00601184 0.00628792 0.00703759 0.0077326  0.00807111 0.00855542]
[0.00300574 0.00370645 0.00442133 0.00456985 0.00492094 0.00520259]
[0.0055426  0.00608097 0.0061655  0.00651613 0.00655264 0.00692788]
[0.00526117 0.00592594 0.00693629 0.00716702 0.00768057 0.00827254]
[0.00457937 0.00806221 0.00818385 0.01056252 0.01166729 0.01172039]
[0.00570532 0.00589533 0.00629781 0.00657643 0.00663599 0.00669139]
[0.00278362 0.00301011 0.00339506 0.00509606 0.00537558 0.00539385]
[0.00645219 0.00711769 0.00744641 0.00797306 0.0080997  0.0082924 ]
[0.002991   0.00355591 0.00664702 0.00689641 0.0071611  0.00832132]
[0.00117639 0.00263027 0.00297188 0.00367055 0.00391188 0.00404072]
[0.00367959 0.00379188 0.00425481 0.00495915 0.0053007  0.00530694]
[0.00691893 0.00841285 0.00949567 0.01026935 0.01058125 0.01107436]
[0.0022534  0.00544128 0.00573291 0.00615541 0.00770301 0.00818978]
[0.00301372 0.00501804 0.00524912 0.00561501 0.00582994 0.00630628]
[0.00302616 0.00329218 0.00344424 0.00395545 0.00475448 0.00479428]
[0.00104847 0.00158467 0.00206351 0.00274553 0.00298076 0.00379977]
[0.00150099 0.00156923 0.00241605 0.00304317 0.00313892 0.00364642]
[0.00141722 0.00185282 0.00280614 0.00294722 0.00304505 0.00331478]
[0.00173086 0.00181333 0.00360788 0.00383962 0.00389768 0.00499035]
[0.00106223 0.00144036 0.00160753 0.0018261  0.00205203 0.00207878]
[0.00113054 0.00115788 0.00164048 0.00215259 0.00235926 0.00283791]
[0.00047372 0.00162238 0.00188989 0.00340934 0.00352615 0.00403806]
[0.00250621 0.00284533 0.0033953  0.00389757 0.00393035 0.0041022 ]
[0.00269558 0.00436211 0.00452022 0.00457613 0.00463292 0.00505579]
[0.00101153 0.0012076  0.00283022 0.00322865 0.00394108 0.00411876]
[0.00147207 0.00229308 0.00307679 0.0034927  0.00489982 0.00513317]
[0.0009928  0.00162914 0.00198606 0.00332141 0.00341426 0.00433246]
[0.00111783 0.00184009 0.00235025 0.00303051 0.00357435 0.00528674]
[0.00107862 0.00126612 0.00168963 0.00194877 0.00319316 0.00388565]
[0.0010578  0.0023013  0.00306585 0.00506967 0.00544624 0.00582017]
[0.00162116 0.00192366 0.00408487 0.00449647 0.00490517 0.00592212]
[0.00247601 0.00383752 0.00391828 0.00473063 0.00577892 0.00578503]
[0.0041796  0.00553453 0.00575282 0.00751311 0.00758022 0.00902907]
[0.00110005 0.00135951 0.00154001 0.00189137 0.00191642 0.00198043]
[0.00083421 0.00100638 0.00103013 0.00169786 0.00216117 0.00252897]
[0.0018069  0.00292601 0.00378909 0.00395089 0.00444318 0.00464151]
[0.00150926 0.00164022 0.00191565 0.0033462  0.00340424 0.00355426]
[0.00318798 0.00448665 0.00460002 0.00513446 0.00597244 0.00649056]
[0.00202715 0.00285881 0.00487158 0.00525947 0.00579439 0.00580626]
[0.00213692 0.00253757 0.00395855 0.00399116 0.0043503  0.00465369]
[0.00251905 0.00298883 0.00370931 0.00425448 0.00428534 0.00443042]
[0.00156546 0.00197137 0.00243999 0.00264866 0.00283494 0.0031978 ]
[0.00175834 0.0019492  0.00250838 0.0041318  0.00424141 0.0043293 ]
[0.00136232 0.0027676  0.00394904 0.00437724 0.00487178 0.0054099 ]
[0.00200469 0.00242071 0.00304481 0.00439537 0.00466345 0.00483603]
[0.0021026  0.00429859 0.00466449 0.00475924 0.00497569 0.0051809 ]
[0.0038726  0.00485455 0.00490259 0.0049845  0.00577637 0.00640071]
[0.00091479 0.00183187 0.00208675 0.0025752  0.0029867  0.0034194 ]
[0.00142712 0.00192087 0.00550709 0.00564375 0.00592595 0.00597206]
[0.00284618 0.00412589 0.00460315 0.00526298 0.00558863 0.00572431]
[0.00305664 0.00398798 0.00450592 0.00468937 0.00508915 0.00561696]
[0.00240091 0.00396881 0.00429127 0.00502982 0.00567838 0.00711562]
[0.00296293 0.00330554 0.00333857 0.00370125 0.00419796 0.00535099]
[0.00490638 0.00499477 0.00546885 0.00757678 0.00889664 0.01027718]
[0.00099432 0.00452034 0.00487933 0.00559535 0.00582586 0.00624285]
[0.00135342 0.005187   0.00713239 0.00719831 0.00818032 0.00842641]
[0.00163041 0.00312915 0.00368816 0.0044229  0.00542701 0.0059436 ]
[0.00354365 0.00443714 0.00520374 0.00541633 0.00621459 0.00751036]
[0.00398582 0.00581361 0.00593939 0.00638009 0.00665444 0.0078253 ]
[0.00446281 0.00457943 0.00538178 0.00615195 0.00705522 0.00774759]
[0.00263114 0.00458153 0.00549432 0.00661443 0.00786638 0.00822794]
[0.00108941 0.00217851 0.00297622 0.00347851 0.00380631 0.00422374]
[0.00143403 0.00264207 0.00390577 0.00492446 0.005814   0.00688782]
[0.00211458 0.00505997 0.00605512 0.00620555 0.00641713 0.00645412]
[0.00092081 0.00260837 0.00361303 0.0039933  0.00582513 0.00627424]
[0.00205086 0.00286451 0.00292673 0.0034306  0.00448783 0.00545834]
[0.00132228 0.00239634 0.00241144 0.0042651  0.00470582 0.00664556]
[0.00165299 0.00226275 0.00351117 0.00378076 0.00408602 0.00433331]
[0.00270657 0.00401134 0.00465342 0.00510451 0.00592169 0.0059478 ]
[0.00170855 0.00273813 0.00328352 0.00354899 0.0037475  0.00405615]
[0.00175936 0.00291035 0.00461829 0.00463591 0.00511061 0.00589325]
[0.00230968 0.00231255 0.00460119 0.00486097 0.00488007 0.00492784]
[0.00320671 0.00541132 0.00572198 0.00581739 0.00670332 0.00705131]
[0.00075359 0.0019481  0.00217453 0.00285147 0.00594868 0.00623417]
[0.00043479 0.00141932 0.00314419 0.00476689 0.00616965 0.00717995]
[0.00066297 0.00080155 0.00395597 0.00439405 0.00481871 0.00516886]
[0.00040397 0.00181032 0.00276707 0.003594   0.00446392 0.00469061]
[0.00108477 0.0029089  0.00454384 0.00636141 0.0064142  0.00661727]
[0.00225771 0.00318766 0.00457111 0.00599951 0.00723984 0.00754332]
[0.00091732 0.00169281 0.00546833 0.00606456 0.00619042 0.0064808 ]
[0.00198779 0.00263193 0.00266202 0.00355251 0.00366259 0.00371154]
[0.00062968 0.00337345 0.00347184 0.00378161 0.00485925 0.00526612]
[0.00019466 0.00247361 0.00339024 0.00519234 0.00670874 0.00770243]
[0.00121793 0.00254385 0.00315965 0.00452896 0.00664911 0.0075248 ]
[0.00484726 0.00514734 0.00543458 0.00607782 0.00681816 0.0085124 ]
[0.00183535 0.00236765 0.00283703 0.00354314 0.00360513 0.0040014 ]
[0.00226157 0.00397969 0.004653   0.00519459 0.00580724 0.00600186]
[0.00431133 0.00528105 0.0054427  0.00572413 0.00601573 0.00637076]
[0.00148499 0.00289144 0.00387891 0.004944   0.00497272 0.00567597]
[0.00133414 0.00155099 0.00180836 0.00203538 0.00236365 0.00341046]
[0.00286184 0.00465079 0.00518863 0.00532059 0.00571188 0.00600115]
[0.00338849 0.00477386 0.0047789  0.00579068 0.00652318 0.00674719]
[0.00302543 0.00348269 0.00388225 0.00476381 0.00543161 0.00673503]
[0.00340976 0.00542463 0.01204762 0.01273542 0.01474144 0.01505252]
[0.00347429 0.00631937 0.00883583 0.01104447 0.01122301 0.01314644]
[0.00539435 0.00785756 0.00927407 0.01159139 0.01298018 0.01386791]
[0.0081028  0.00862855 0.01197316 0.01281041 0.01336115 0.01699404]
[0.00195146 0.00305635 0.00502379 0.00521493 0.00557346 0.00593527]
[0.00273676 0.00421886 0.00623235 0.00688027 0.00858103 0.00900769]
[0.00157302 0.0071364  0.00846656 0.01106366 0.01217653 0.01232589]
[0.00267525 0.00456263 0.00830555 0.00959792 0.01034923 0.01274015]
[0.00638502 0.00754295 0.00756074 0.00757145 0.00972666 0.01020432]
[0.00431483 0.00458021 0.00636468 0.00675524 0.01173806 0.01414092]
[0.00101215 0.00671805 0.00727015 0.00870697 0.00874035 0.009395  ]
[0.00425232 0.00644618 0.0067588  0.00951806 0.00961651 0.01266487]
[0.00399613 0.0042559  0.00461679 0.00890679 0.00897652 0.00974356]
[0.00256396 0.00546496 0.00685824 0.00729737 0.0093609  0.01060064]
[0.00315509 0.00316036 0.0062614  0.00710841 0.0088989  0.01086772]
[0.00681097 0.00750934 0.00807592 0.00964777 0.00976017 0.0099292 ]
[0.00148956 0.01004368 0.01050939 0.01051464 0.01523636 0.01524452]
[0.0055965  0.00590143 0.00626671 0.00922003 0.01009242 0.01135378]
[0.00452851 0.00509913 0.00592882 0.00632155 0.00770855 0.00847535]
[0.00556066 0.00630094 0.00670042 0.00836287 0.00873476 0.00887773]
[0.0062289  0.00742792 0.00785426 0.00794906 0.00909382 0.0099936 ]
[0.00751829 0.00884543 0.00886068 0.01134936 0.01176137 0.01328874]
[0.00406187 0.00459675 0.00461869 0.00534212 0.00621842 0.00690704]
[0.0042544  0.00466275 0.00660961 0.00713294 0.00714324 0.00734   ]
[0.00356308 0.0056001  0.00590196 0.00595184 0.00642938 0.00646327]
[0.00432682 0.00465696 0.00526894 0.00618387 0.00714368 0.00715214]
[0.00290035 0.0029359  0.00378757 0.00413715 0.00425585 0.00433333]
None
[0.00507485 0.00531256 0.00583354 0.00622566 0.00629519 0.00817928]
[5.19481336e-05 1.10646438e-04 2.15843463e-04 5.62132618e-04  1.26930993e-03 1.40831865e-03]
[0.00529408 0.0072446  0.00773866 0.00850954 0.00861101 0.00904932]
[0.00546866 0.00579693 0.00630094 0.00718236 0.00741665 0.00861257]
[0.00286086 0.00396793 0.00497309 0.00519455 0.00695211 0.00704999]
[0.00021298 0.00082474 0.00088308 0.00165491 0.00198563 0.00200455]
[0.00573563 0.00841307 0.00907598 0.00995863 0.01026637 0.01052155]
[0.00279092 0.00442598 0.00585383 0.0069898  0.00737374 0.00867166]
[0.00282718 0.00602872 0.00885379 0.00892638 0.00916818 0.00946972]
[0.00222014 0.00623689 0.00686128 0.00835353 0.00954237 0.00963301]
[0.00540599 0.00590749 0.00639327 0.00659137 0.00702067 0.00845129]
[0.00147999 0.00231918 0.0031848  0.00364932 0.00448097 0.00593509]
[0.00158916 0.00510363 0.00631374 0.00679387 0.00812285 0.00905632]
[0.0064115  0.00693131 0.00830937 0.00858707 0.01002727 0.01110362]
[0.00457949 0.00508856 0.0060474  0.00759387 0.00775242 0.00831301]
[0.00496134 0.00498378 0.00810839 0.00941936 0.0100306  0.0101849 ]
[0.0063995  0.00976063 0.01016167 0.01033654 0.01059556 0.01262107]
[0.00256658 0.00384119 0.00527534 0.00536629 0.00606504 0.00710354]
[0.0053474  0.0055029  0.00584926 0.00633923 0.00656405 0.00710809]
[0.00339149 0.00714948 0.00716414 0.00764097 0.00837569 0.00885415]
[0.00269272 0.0033102  0.00408717 0.00472124 0.00603358 0.00767612]
[0.00124486 0.00573303 0.00601375 0.00612365 0.00644914 0.00688822]
[0.00544328 0.00547482 0.00659134 0.00685631 0.00687774 0.00707017]
[0.00374535 0.00682004 0.00751982 0.00789222 0.00856752 0.00914617]
[0.0032625  0.00473871 0.00491312 0.0055438  0.00585678 0.00669379]
[0.00370336 0.00618024 0.00701557 0.00722114 0.00862987 0.00910813]
[0.0033767  0.0056859  0.00581596 0.0075633  0.0083763  0.00949955]
[0.00329208 0.00699787 0.00726339 0.00733494 0.00754726 0.00817309]
[0.00390078 0.00479191 0.00549628 0.00611114 0.00657908 0.00697254]
[0.00151863 0.00513671 0.00585199 0.00690266 0.00847333 0.00926514]
[0.00093267 0.00291915 0.00377324 0.00402304 0.00497155 0.00511747]
[0.00060484 0.00242491 0.00528174 0.00536147 0.00545933 0.00628882]
[0.00094806 0.00334686 0.00396383 0.00580362 0.00659482 0.0067691 ]
[0.00195216 0.00379365 0.00504864 0.00670802 0.00692828 0.00731243]
[0.00622745 0.00623405 0.0070558  0.00815237 0.0082428  0.00850515]
[0.00732329 0.00835563 0.00945215 0.01055609 0.0118287  0.01228254]
[0.00153622 0.00320431 0.00588407 0.00607143 0.00783674 0.00793009]
[0.00064304 0.00242765 0.00550882 0.006047   0.00773318 0.00872256]
[0.0003704  0.00148152 0.00333306 0.00592456 0.00686644 0.00855778]
[0.00038595 0.00153182 0.00341987 0.00553605 0.00561724 0.00605529]
[0.00145474 0.00301143 0.0039416  0.00421576 0.00526507 0.00565946]
[0.0003547  0.00141891 0.00319294 0.00348713 0.0041459  0.00567721]
[0.0006827  0.00357442 0.00478626 0.00571134 0.0069682  0.00809557]
[0.00657952 0.00663181 0.00954024 0.00973854 0.01127045 0.01145714]
[0.00208372 0.00499807 0.00523253 0.00544283 0.00636991 0.00899832]
[0.00132391 0.00407288 0.0055185  0.00571901 0.00596614 0.00668097]
[0.00170664 0.00409187 0.00429131 0.0051649  0.00543399 0.00586286]
[0.00260323 0.00473525 0.00611012 0.00675899 0.0083867  0.00872471]
[0.00556954 0.00617508 0.0072832  0.00740298 0.00749361 0.0087042 ]
[0.00471588 0.0066246  0.0080105  0.00839962 0.01072629 0.01251956]
[0.00546316 0.00782664 0.00798575 0.00803418 0.00821319 0.00831883]
[0.00661351 0.0070129  0.00947499 0.00965707 0.00990361 0.01081433]
[0.00566384 0.00616525 0.00648904 0.00710917 0.00714232 0.0095698 ]
[0.00214198 0.0053417  0.00627381 0.00675221 0.00731552 0.00758887]
[0.00364871 0.00743509 0.00789176 0.00833677 0.00847156 0.00857218]
[0.00340668 0.00611588 0.0091172  0.01041011 0.01066943 0.01269233]
[0.00195023 0.00729365 0.00752257 0.00914078 0.00996385 0.01039517]
[0.00749148 0.00929473 0.01005728 0.01109668 0.01115407 0.01123574]
[0.00505487 0.00747011 0.00916296 0.01103511 0.0111182  0.0120008 ]
[0.0079221  0.00878508 0.00887672 0.00955287 0.01004201 0.01217217]
[0.00374459 0.00487902 0.0056372  0.00627032 0.00658351 0.00765606]
[0.0031659  0.00632971 0.00683473 0.00849203 0.0099618  0.01057429]
[0.00364889 0.00559207 0.00814031 0.0088283  0.00903756 0.00912839]
[0.00217489 0.00772886 0.00808586 0.0094048  0.01069815 0.01149451]
[0.00233815 0.00466873 0.00526721 0.00543613 0.00617987 0.00682789]
[0.00190938 0.00203023 0.00353247 0.00568732 0.0063006  0.00769606]
[0.00312284 0.00357785 0.00368074 0.00650244 0.00658831 0.00911586]
[0.00266432 0.00521215 0.00562516 0.00597383 0.0070331  0.00759355]
[0.00642436 0.00741402 0.00756049 0.00768549 0.0083345  0.00842428]
[0.0037478  0.00410921 0.00448308 0.00455452 0.00666841 0.00700208]
[0.00204144 0.00291821 0.00343445 0.00370625 0.00394654 0.00559251]
[0.00242317 0.00410601 0.00478001 0.00478757 0.00667533 0.00719059]
[0.00321298 0.00475754 0.00492516 0.00543705 0.00573424 0.00813928]
[0.00458879 0.00467254 0.00547456 0.00554772 0.00652247 0.00883434]
[0.00369324 0.00437763 0.00514724 0.00547608 0.00581905 0.00644724]
[0.00379334 0.00447019 0.00586672 0.00600036 0.00719921 0.00771359]
[0.00251683 0.004415   0.00477579 0.00482851 0.00526095 0.00538868]
[0.002784   0.00417384 0.00563683 0.00701084 0.0070606  0.00713074]
[0.00254119 0.00293482 0.00305436 0.00315339 0.00392941 0.00419533]
[0.00301864 0.00492132 0.00497424 0.005446   0.00578953 0.00625031]
[0.00280074 0.00454043 0.00530914 0.00531802 0.00550898 0.00570955]
[0.00211152 0.00340612 0.00355457 0.00383652 0.00494214 0.00572491]
[0.00327259 0.00334981 0.0038321  0.00406402 0.00487595 0.00539772]
[0.00151565 0.00168409 0.00408886 0.00442895 0.00579741 0.0062564 ]
[0.00333026 0.00453226 0.00523904 0.00574774 0.006884   0.00705803]
[0.00424405 0.00497438 0.00542516 0.00657187 0.00690286 0.00707749]
[0.00466527 0.00476816 0.00666603 0.00805793 0.00842685 0.00899931]
[0.00162992 0.00428215 0.00502648 0.00636449 0.00649128 0.00698956]
[0.00185523 0.00284212 0.00341823 0.00353481 0.00429134 0.00628823]
[0.00169473 0.0034453  0.00413315 0.00415149 0.00469387 0.00582674]
[0.00738867 0.00788559 0.00834759 0.00920045 0.009608   0.00963189]
[0.00221929 0.00443604 0.00608601 0.00670253 0.00687072 0.00744432]
[0.00122543 0.00130316 0.00270306 0.00286841 0.00321997 0.00362355]
[0.00162007 0.00235967 0.00561742 0.00617732 0.00648619 0.00734562]
[0.00152258 0.00167433 0.0033817  0.00433727 0.00457406 0.00656921]
[0.00197601 0.00266809 0.0057542  0.00586378 0.00668249 0.00700766]
[0.00061379 0.00289579 0.00450663 0.00477995 0.00485685 0.00487218]
[0.00237985 0.00271004 0.00518786 0.00529152 0.00550319 0.00646218]
[0.00169969 0.00239857 0.00393903 0.00448941 0.00452656 0.00517698]
[0.00337892 0.0042544  0.00448637 0.00748851 0.00787945 0.00793016]
[0.00240711 0.00256793 0.00311177 0.00359081 0.00452704 0.00517551]
[0.00339156 0.00394424 0.0048554  0.00557217 0.00691851 0.00696975]
[0.00196118 0.00272129 0.00408716 0.00414026 0.00480696 0.00505668]
[0.00237094 0.00282536 0.00347338 0.00375449 0.00508331 0.00618304]
[0.00441892 0.00458574 0.00574152 0.00595307 0.00683671 0.00686454]
[0.00360195 0.00456437 0.00488028 0.00542    0.00589    0.00668923]
[0.00211882 0.00447576 0.00637644 0.00661414 0.00700743 0.00728933]
[0.00556725 0.00565878 0.00615432 0.00645268 0.00652344 0.00750097]
[0.00388535 0.00452072 0.0075004  0.00804532 0.00957054 0.01005209]
[0.00181546 0.00303892 0.00362997 0.00430079 0.00559924 0.0057742 ]
[0.0035087  0.00497061 0.00611736 0.00676425 0.00684175 0.00711568]
[0.00420479 0.00522996 0.00553935 0.00636861 0.00690608 0.00810544]
[0.00042301 0.00411041 0.00411395 0.00423074 0.00428263 0.00462654]
[0.00403581 0.00486393 0.00538511 0.00581358 0.00595432 0.00762118]
[0.00102576 0.00380665 0.00408295 0.00463606 0.00579393 0.00622957]
[0.00114765 0.00451119 0.00503276 0.0050365  0.00776778 0.0080779 ]
[0.00140067 0.00503575 0.0055246  0.00561154 0.00668463 0.0070864 ]
[0.00097953 0.00363544 0.00377466 0.0053072  0.00554374 0.00662539]
[0.0005446  0.00193485 0.00409608 0.00496379 0.00576469 0.00741383]
[0.00159297 0.00319939 0.00535681 0.00544088 0.0062061  0.00843221]
[0.00290157 0.00620588 0.00875067 0.00947191 0.01011964 0.0113582 ]
[0.00050132 0.00125494 0.00293526 0.00359952 0.00388049 0.00422552]
[0.00225207 0.00529176 0.00563091 0.00672553 0.00693567 0.00744851]
[0.00168715 0.00232128 0.00459755 0.00543401 0.00546748 0.00604962]
[0.002411   0.00414043 0.0059913  0.00662855 0.00824035 0.00892478]
[0.00264539 0.0032976  0.00544076 0.00582958 0.00728617 0.00768241]
[0.00268716 0.00286337 0.00479533 0.00564677 0.00576418 0.00587559]
[0.00246713 0.00593641 0.00642886 0.00790598 0.00813216 0.00817202]
