[0.0025576  0.0027023  0.00480816 0.00507778 0.00508657 0.00674221]
[0.00452319 0.00513844 0.0058275  0.00612386 0.00619721 0.00707359]
[0.00455783 0.00579677 0.00658664 0.00793576 0.00815154 0.00857128]
[0.00592686 0.00697172 0.00732055 0.00742838 0.00858717 0.00916746]
[0.00392341 0.00413735 0.00421254 0.00505728 0.00509452 0.00539223]
[0.00270022 0.0075674  0.00787168 0.00814281 0.00992613 0.01036064]
[0.00414765 0.0042892  0.00565593 0.00614647 0.00649862 0.00724955]
[0.0045491  0.0048548  0.00531355 0.00880803 0.010079   0.01023833]
[0.003191   0.00417565 0.00457202 0.00600006 0.00720333 0.00740901]
[0.00832471 0.00846947 0.00921488 0.00927257 0.00981889 0.01078824]
[0.00322733 0.00398845 0.0041735  0.00531491 0.0060186  0.00624031]
[0.00483103 0.00494883 0.00534144 0.00543211 0.00616838 0.00651491]
[0.00217588 0.00664842 0.00671557 0.00717864 0.00724662 0.00780732]
[0.0026488  0.00358253 0.00359119 0.00487588 0.00530898 0.00659816]
[0.00403068 0.00553176 0.0058677  0.00609983 0.00610099 0.00670271]
[0.00344755 0.0046294  0.00477513 0.00561342 0.00657593 0.00718931]
[0.00387369 0.0056165  0.00784258 0.00848878 0.00894142 0.00897487]
[0.00400763 0.00565565 0.00684057 0.00732595 0.00753915 0.00787879]
[0.00192803 0.00442345 0.00443285 0.00541437 0.00579431 0.00630623]
[0.00351023 0.00429579 0.00861832 0.0094316  0.00991852 0.01007689]
[0.00208246 0.00503719 0.00546559 0.00560604 0.0061742  0.00789136]
[0.00263685 0.00366072 0.00667216 0.00739199 0.0086855  0.00891557]
[0.00140395 0.00193614 0.00513213 0.00571698 0.00723768 0.00754944]
[0.00492163 0.00560958 0.00681535 0.00735375 0.00753145 0.00797577]
[0.00334658 0.00407706 0.00438609 0.00510658 0.00704319 0.00712987]
[0.00273555 0.00371723 0.00404215 0.00425105 0.00427649 0.00436044]
[0.00375904 0.00408558 0.0041486  0.00563822 0.00596954 0.00646458]
[0.00435722 0.00469126 0.00481122 0.00485528 0.00576732 0.00604825]
[0.00506472 0.00702826 0.00763972 0.00818275 0.00938844 0.00955391]
[0.00330853 0.00463799 0.00543757 0.00643635 0.00698743 0.00789313]
[0.0004487  0.00354669 0.0049612  0.00544615 0.00655758 0.00709678]
[0.00191613 0.00509276 0.00541425 0.00575523 0.00604262 0.00637201]
[0.00105187 0.00226278 0.00249375 0.00257672 0.00316798 0.00329994]
[0.0030384  0.00336797 0.00485412 0.00535713 0.00566618 0.00596099]
[0.00288439 0.00330057 0.00410713 0.00425972 0.00450607 0.00470793]
[0.00401215 0.00436098 0.00488129 0.00503515 0.00671517 0.00697037]
[0.00273568 0.00460252 0.00574344 0.00589038 0.00647167 0.00683587]
[0.00495696 0.00498288 0.00694724 0.00697045 0.00708679 0.00751056]
[0.00370708 0.00398232 0.0043405  0.00586837 0.0058946  0.00636893]
[0.00373699 0.00463196 0.005429   0.00571516 0.00604107 0.0063111 ]
[0.00495408 0.00522017 0.00566606 0.00579452 0.0061797  0.00639482]
[0.00420141 0.00420991 0.00478388 0.00530247 0.00567246 0.00625606]
[0.00184188 0.00290579 0.00460706 0.00675379 0.00780532 0.00787859]
[0.00162892 0.00212809 0.00246081 0.00321836 0.00432825 0.00498281]
[0.00116878 0.00489752 0.00494069 0.00503309 0.00532954 0.00547258]
[0.00446713 0.00461875 0.00466405 0.00473103 0.00603781 0.00609381]
[0.00231818 0.00360916 0.00401622 0.00442174 0.00508271 0.0059722 ]
[0.00234881 0.0038704  0.00503007 0.00655534 0.00674567 0.00694346]
[0.00348369 0.00479394 0.00554564 0.00582093 0.00583535 0.00635726]
[0.00191958 0.00204469 0.0021051  0.00249085 0.00274186 0.00279133]
[0.00235156 0.0024486  0.00361545 0.00363049 0.00391789 0.00447294]
[0.00134533 0.00247096 0.00277972 0.0029894  0.00326551 0.00343407]
[0.00063907 0.00163307 0.00299414 0.00355222 0.00380923 0.00402859]
[0.00164043 0.00295864 0.0032147  0.00354777 0.00390253 0.00397566]
[0.00580784 0.00773873 0.00795344 0.00796849 0.00882711 0.00907233]
[0.00213156 0.00233042 0.00270053 0.00349124 0.00448128 0.00449833]
[0.0013198  0.00202009 0.00310844 0.00311248 0.00349873 0.00350807]
[0.00150142 0.00317687 0.00322719 0.00323529 0.00328883 0.00340769]
[0.00254434 0.00381115 0.00382241 0.00473496 0.0050011  0.00538932]
[0.00154615 0.00286706 0.00317527 0.00329213 0.00365485 0.00427689]
[0.00078594 0.00101009 0.00167363 0.00203366 0.00222392 0.00282537]
[0.0011876  0.00235442 0.00291539 0.00323969 0.004398   0.00461405]
[0.00108831 0.00114149 0.00223011 0.00255932 0.00321571 0.0034961 ]
[0.00111745 0.00117523 0.00145323 0.00223368 0.0023675  0.00264609]
[0.00095774 0.001131   0.0035906  0.00376715 0.00440954 0.00480241]
[0.0007336  0.00192373 0.00254744 0.0027099  0.00280552 0.00367131]
[0.00207158 0.00207939 0.00317956 0.00423428 0.00425134 0.00445219]
[0.00130882 0.00159914 0.0016077  0.00167107 0.00294565 0.00347897]
[0.00106526 0.0016237  0.00215541 0.00303564 0.00343296 0.00345776]
[0.00127513 0.00296813 0.00325495 0.00341979 0.00376115 0.00381807]
[0.00073437 0.00124821 0.00176726 0.00217583 0.00227914 0.00244649]
[0.00096608 0.00157717 0.00212496 0.0025274  0.00413784 0.0043192 ]
[0.00165612 0.00205756 0.00298689 0.00344577 0.0047515  0.00486508]
[0.00235343 0.00389089 0.00420452 0.00432164 0.00465316 0.00552271]
[0.00144048 0.00284939 0.00302735 0.00369543 0.00381603 0.00432441]
[0.00089981 0.00376043 0.0043875  0.00458409 0.00461684 0.00473955]
[0.00124553 0.00224596 0.00452212 0.00489641 0.00497586 0.00509151]
[0.00144334 0.00359742 0.00372348 0.00441739 0.00456655 0.00511029]
[0.00414032 0.00504882 0.00558399 0.00560297 0.0058366  0.00603091]
[0.00314257 0.00392266 0.00479347 0.00520057 0.00538005 0.00576087]
[0.00182906 0.00201934 0.00232643 0.00255903 0.00267628 0.00269776]
[0.00165627 0.00197731 0.00253752 0.00274279 0.0028009  0.00317368]
[0.00541732 0.00547503 0.00583693 0.00642064 0.00670394 0.00691242]
[0.0043741  0.00571624 0.00580607 0.00589465 0.00672156 0.00673252]
[0.0033     0.00423493 0.00464706 0.00480968 0.00515434 0.00528897]
[0.00287278 0.00424575 0.00424813 0.00432473 0.00538464 0.0059817 ]
[0.00400212 0.00538064 0.00539875 0.00558891 0.00594488 0.00604356]
[0.00199078 0.00203191 0.00388933 0.00402677 0.00409823 0.00433468]
[0.00166237 0.00201608 0.00341391 0.00378187 0.00406304 0.0043345 ]
[0.00202657 0.00263467 0.0033424  0.00384719 0.00400006 0.00411022]
[0.00129431 0.00331164 0.00341201 0.00347075 0.00369732 0.00385694]
[0.00210287 0.00340076 0.00365588 0.00436849 0.00451688 0.00472058]
[0.00224982 0.0027907  0.00362556 0.00378366 0.00409766 0.00434851]
[0.00468813 0.00479838 0.00510125 0.00513745 0.00548478 0.00549072]
[0.00199842 0.00281388 0.00338911 0.00388387 0.00423899 0.00429735]
[0.00106054 0.00116831 0.00199433 0.00208964 0.00220673 0.00261071]
[0.0021994  0.00220824 0.00392148 0.00437711 0.00465435 0.00523892]
[0.00453318 0.00576664 0.00581192 0.00611495 0.00651085 0.00786185]
[0.00262301 0.0034111  0.00467457 0.00483857 0.00528777 0.00578222]
[0.00218059 0.0042823  0.00454634 0.00469689 0.00502508 0.00565064]
[0.0020609  0.00306332 0.0041817  0.0049915  0.00504115 0.00526075]
[0.0033992  0.0039541  0.00398076 0.00412589 0.00422902 0.00521435]
[0.0016505  0.00176213 0.00203284 0.00209172 0.00237365 0.00248913]
[0.00224548 0.00263628 0.0030862  0.00554353 0.00576195 0.00578692]
[0.0031255  0.00357039 0.00398313 0.00409728 0.0047496  0.00476238]
[0.00267896 0.00551532 0.00557477 0.00575567 0.00594678 0.00595085]
[0.00270297 0.00352012 0.00428409 0.00678909 0.00695859 0.00735708]
[0.00469223 0.0056027  0.00720147 0.00734576 0.00803181 0.00855436]
[0.00205781 0.00444173 0.00496286 0.00597494 0.00628489 0.00690166]
[0.00257264 0.00303901 0.00360145 0.0048889  0.00489404 0.00520065]
[0.00359819 0.00363097 0.00389955 0.00658193 0.00659748 0.00719979]
[0.00295654 0.00651153 0.006884   0.00767285 0.0079665  0.00832232]
[0.00249542 0.00646648 0.00657053 0.00774211 0.00873659 0.01047898]
[0.0027043  0.00376677 0.00468423 0.00583875 0.00602015 0.00665705]
[0.00426358 0.00551117 0.00708108 0.00752694 0.00845521 0.00851831]
[0.00342733 0.00469839 0.00537151 0.00546762 0.00607576 0.00610653]
[0.00451443 0.005806   0.00581389 0.00610482 0.00618712 0.00634869]
[0.00259508 0.0030193  0.00450614 0.00551672 0.00554962 0.00764145]
[0.00391865 0.0057201  0.00615579 0.00693328 0.0075929  0.00764777]
[0.00184253 0.00289148 0.00427286 0.00516478 0.00682783 0.00718051]
[0.00385529 0.00645953 0.00648834 0.00680895 0.00728606 0.00751468]
[0.00305069 0.00321955 0.00360719 0.00376451 0.00483126 0.00630105]
[0.00392142 0.00484773 0.00488951 0.00622735 0.0075436  0.00862419]
[0.00307196 0.00333173 0.00386699 0.00396217 0.00519009 0.00572492]
[0.00258213 0.00397773 0.00400484 0.00417903 0.00426771 0.00514651]
[0.00346238 0.00377474 0.00386393 0.00562608 0.00609827 0.00612141]
[0.00307317 0.00325949 0.00364323 0.00367948 0.00395707 0.00408773]
[0.00234875 0.00354597 0.00434862 0.004421   0.00452097 0.00457803]
[0.00183341 0.00364983 0.00383849 0.00427893 0.0052267  0.0055671 ]
[0.00116702 0.00356354 0.00375533 0.00504455 0.00558346 0.00575638]
[0.00296555 0.00444213 0.00455738 0.0052088  0.0052267  0.00563601]
[0.00306093 0.00333724 0.00409016 0.00413001 0.00427543 0.00470976]
[0.0015005  0.00229249 0.0028402  0.00354683 0.00386228 0.00391845]
[0.00142462 0.0028785  0.00322878 0.00328081 0.00368273 0.00421937]
[0.00169364 0.00178249 0.0020503  0.00228297 0.0026935  0.00312303]
[0.00126361 0.00128335 0.00141232 0.00195741 0.00257428 0.00274391]
[0.00089538 0.00094431 0.00108279 0.00114229 0.0012007  0.00203837]
[0.00072299 0.00141963 0.00152996 0.00155253 0.00210161 0.00210991]
[0.00066778 0.00138024 0.00141968 0.00216582 0.00224862 0.0023937 ]
[0.00152162 0.00177424 0.00265542 0.00269286 0.00269578 0.00288093]
[0.00360549 0.00439545 0.00546874 0.00557919 0.00565715 0.00591991]
[0.00272352 0.00296842 0.00325024 0.00342564 0.00387341 0.00394371]
[0.0020275  0.0036012  0.00392628 0.00394915 0.00452215 0.00482637]
[0.00198865 0.00258737 0.0038007  0.00392285 0.00444627 0.00473903]
[0.00146783 0.00188048 0.00242666 0.00263444 0.00331604 0.00361149]
[0.00230184 0.00321728 0.00343459 0.00353275 0.00364831 0.0040191 ]
[0.00157817 0.00243472 0.00247813 0.00307519 0.00323731 0.00378822]
[0.0032517  0.00343565 0.00349067 0.00349355 0.00428858 0.00446771]
[0.00364482 0.00400472 0.00409037 0.00424679 0.00475144 0.00501133]
[0.00468447 0.00525965 0.00532801 0.00590519 0.00614645 0.0063903 ]
[0.00077459 0.00185471 0.00333073 0.00412178 0.00417074 0.00438727]
[0.00243179 0.00271235 0.00297614 0.00396597 0.00411711 0.00449444]
[0.00240238 0.00307606 0.00320473 0.00388169 0.00396252 0.00401095]
[0.00248344 0.0025639  0.00282007 0.00377171 0.00461461 0.0048238 ]
[0.00182755 0.00247139 0.00410193 0.00426864 0.00435553 0.00459097]
[0.00170915 0.00288693 0.00351789 0.00439968 0.00443936 0.00513539]
[0.00166939 0.00198794 0.00284449 0.00285333 0.00325781 0.00370372]
[0.00150717 0.00257172 0.00279904 0.00384276 0.00515125 0.00525924]
[0.00134243 0.00165566 0.00177582 0.00204839 0.0021023  0.00231103]
[0.00032277 0.00093184 0.00099292 0.00158167 0.00249897 0.00256002]
[0.00167853 0.00186526 0.00291639 0.00298279 0.00338935 0.00362884]
[0.00122306 0.00180689 0.00229571 0.0023927  0.00272077 0.00275697]
[0.00168314 0.0018472  0.0035471  0.00472911 0.00477737 0.00516302]
[0.00431403 0.00470385 0.00507246 0.00574721 0.00640135 0.00646893]
[0.00123108 0.00233452 0.00248239 0.00255388 0.00323606 0.00488829]
[0.00190237 0.00243203 0.00274252 0.00312094 0.00405292 0.00410413]
[0.00183644 0.0027055  0.00287102 0.00316606 0.00323185 0.00331833]
[0.00398224 0.00522368 0.00527776 0.00556646 0.00567513 0.00572708]
[0.00220283 0.00292396 0.00322893 0.00348001 0.0040216  0.0047462 ]
[0.00187991 0.00280957 0.00410805 0.00438844 0.00502071 0.00621787]
[0.00271059 0.00382031 0.00433582 0.00531369 0.00575913 0.00617075]
[0.00146621 0.00302613 0.0031701  0.00429925 0.0047358  0.00486316]
[0.00082985 0.00117637 0.00350587 0.00360804 0.00417223 0.00448287]
[0.00343362 0.00373549 0.0043075  0.00469935 0.00480694 0.00483329]
[0.00223157 0.00276487 0.00323756 0.00333466 0.00348349 0.00353349]
[0.00449752 0.00484024 0.0057721  0.00611776 0.00695935 0.00724792]
[0.00192256 0.00225626 0.00369315 0.00378664 0.00510378 0.00527817]
[0.00239267 0.0032878  0.003876   0.00449994 0.00514588 0.00713551]
[0.00633323 0.00716627 0.00741059 0.0086892  0.00876778 0.0087712 ]
[0.00249275 0.00260052 0.00276883 0.00287778 0.00350498 0.00425981]
[0.0029753  0.00326321 0.00328239 0.00430874 0.00456337 0.00474483]
[0.00254963 0.00275339 0.00320403 0.00332407 0.00334499 0.0036257 ]
[0.00215032 0.00257348 0.00258233 0.0028382  0.00294909 0.00425959]
[0.00161613 0.00238375 0.00265472 0.00313698 0.00321462 0.00357241]
[0.00035007 0.00146156 0.00148281 0.0017945  0.00220136 0.00259589]
[0.00257875 0.00277193 0.00287143 0.00300782 0.00316716 0.00357618]
[0.00138642 0.00211481 0.00225201 0.00228494 0.00281521 0.00304852]
[0.0017649  0.00363561 0.0036557  0.00467521 0.00477674 0.00516796]
[0.00360258 0.00386687 0.00400713 0.00409002 0.00410026 0.00449523]
[0.00223892 0.00298742 0.00313724 0.00364683 0.00375438 0.00376293]
[0.00132433 0.00162052 0.00210055 0.00254624 0.00323411 0.00328043]
[0.00040786 0.00191535 0.00206889 0.00230934 0.00269011 0.00302625]
[0.00186066 0.00199382 0.00204423 0.002592   0.00305599 0.0044809 ]
[0.00051603 0.00069715 0.00217622 0.00224419 0.00245685 0.00293669]
[0.0003852  0.00196929 0.00198393 0.0027417  0.00293714 0.00318883]
[0.00200837 0.00244434 0.00295909 0.00327635 0.00388067 0.0039471 ]
[0.00091414 0.00153569 0.0016071  0.00199908 0.00240443 0.00252345]
[0.00083594 0.00207264 0.00250432 0.00296701 0.00383386 0.00465748]
[0.00021407 0.00081454 0.00239258 0.00286986 0.00307118 0.00359641]
[0.00324412 0.00398346 0.00420126 0.00467719 0.00484396 0.00539047]
[0.00138299 0.00222587 0.00378998 0.00422404 0.00505057 0.00518839]
[0.00213017 0.00323732 0.00424077 0.00477081 0.00504151 0.00589687]
[0.00182316 0.00184072 0.0020109  0.00204946 0.00268951 0.00281692]
[0.00156105 0.00436872 0.0056337  0.00612791 0.00733421 0.0073613 ]
[0.00404495 0.00450071 0.00533992 0.00563734 0.00564811 0.00565111]
[0.00353592 0.0040773  0.00667173 0.00692172 0.0070451  0.00726389]
[0.00444042 0.00497949 0.00539653 0.00575089 0.0065473  0.006727  ]
[0.00431304 0.00467694 0.00490193 0.00513815 0.00540033 0.00581745]
[0.00355433 0.00413456 0.00426131 0.00479504 0.00495625 0.00525802]
[0.00294802 0.00325961 0.00330312 0.0033202  0.00431211 0.00438991]
[0.00454531 0.00546688 0.00730318 0.00894386 0.00906905 0.0090984 ]
[0.00686304 0.00728145 0.00758801 0.00804181 0.00810353 0.0083669 ]
[0.00289667 0.00992475 0.01009381 0.01079725 0.01229047 0.01311595]
[0.00440806 0.00698753 0.00763075 0.00806434 0.00987838 0.0104429 ]
[0.00279212 0.00424143 0.00478071 0.00485614 0.00613419 0.00619912]
[0.00191282 0.00238789 0.00310467 0.00395591 0.00402249 0.00478533]
[0.00299517 0.00368984 0.00547663 0.00675203 0.00861394 0.00972347]
[0.00787304 0.0086202  0.00888849 0.0090863  0.00917994 0.00970785]
[0.00437551 0.00475873 0.00542952 0.00562259 0.00656587 0.00687929]
[0.00328767 0.00597413 0.00707192 0.00708196 0.00779132 0.00864186]
[0.00817267 0.00859133 0.0091343  0.01006517 0.01043472 0.0107126 ]
[0.00264838 0.00719529 0.00738695 0.0087681  0.00983847 0.0101523 ]
[0.00497454 0.0057489  0.00861907 0.00910635 0.00951001 0.00954915]
[0.00432442 0.0065569  0.00900785 0.00952429 0.00988361 0.01028013]
[0.0009685  0.00128164 0.00470611 0.00612749 0.00621493 0.00640537]
[0.00118603 0.00386891 0.00453226 0.00600016 0.00645288 0.00659762]
[0.00283768 0.00427458 0.00547357 0.00635245 0.00646454 0.00767005]
[0.00086059 0.00100578 0.00353377 0.00405112 0.00417114 0.00434286]
[0.00169133 0.00171159 0.00575508 0.00610885 0.0062702  0.00638484]
[0.00180099 0.00375196 0.00458659 0.00505748 0.00534646 0.00596998]
[0.00223184 0.00403475 0.00445384 0.00464163 0.00498216 0.00534181]
[0.00048402 0.00345182 0.00464091 0.00600795 0.00637124 0.00770147]
[0.00398482 0.00519062 0.00543972 0.00612497 0.00633684 0.007217  ]
[0.00299435 0.0032354  0.00332041 0.00339591 0.00391782 0.00437651]
[0.00321412 0.00328552 0.00341676 0.00349732 0.00438277 0.00538764]
[0.00160659 0.00546083 0.00566126 0.00604932 0.00608897 0.00615094]
[0.00347403 0.00351014 0.0045697  0.00540386 0.0055165  0.00591301]
None
[0.00369427 0.00443819 0.00563232 0.00576027 0.00653711 0.00698472]
[0.00203267 0.00415413 0.00483826 0.00621139 0.00636003 0.00750891]
[0.00266432 0.0027609  0.00309758 0.00317595 0.00437168 0.00550421]
[0.00377317 0.00381531 0.00410644 0.00433704 0.00478297 0.00613093]
[0.00146013 0.00182418 0.00349182 0.00474193 0.00518425 0.00546948]
[0.00014959 0.00220639 0.0063553  0.00785981 0.00838906 0.0088967 ]
[0.00399191 0.00469566 0.00615092 0.00644048 0.00655432 0.00732602]
[0.00623483 0.00631834 0.00664783 0.00705025 0.00729612 0.00765831]
[0.00355338 0.00605008 0.00686779 0.00835385 0.00970627 0.00989061]
[0.0018223  0.00426494 0.00506586 0.00530018 0.0060835  0.00643879]
[0.00572456 0.00606134 0.0081337  0.00850221 0.00886248 0.00932443]
[0.00440687 0.00454061 0.00461312 0.00602613 0.00663804 0.00686266]
[0.00354745 0.00417109 0.00432588 0.00539241 0.00672626 0.00701234]
[0.00890721 0.00940088 0.01109522 0.01118983 0.01166079 0.01213354]
[0.00427522 0.00622755 0.00667706 0.00822917 0.00910174 0.0091393 ]
[0.0049614  0.00657121 0.00680211 0.00691303 0.00793996 0.00978786]
[0.00541037 0.00621629 0.00632311 0.00659261 0.00665467 0.00788464]
[0.00484314 0.00790066 0.00837183 0.0083813  0.00875382 0.00940726]
[0.0051481  0.00527811 0.00789549 0.00822556 0.00854764 0.00913449]
[0.00373083 0.00741756 0.00939202 0.00996479 0.01063003 0.01075929]
[0.00640386 0.00758547 0.00782445 0.00830629 0.00858195 0.01005718]
[0.00782846 0.00903589 0.00941555 0.00971496 0.00972533 0.00977979]
[0.00376307 0.00467767 0.00543186 0.00572601 0.00608758 0.00645416]
[0.00483913 0.00496605 0.00510322 0.00608167 0.00736534 0.00786018]
[0.00360089 0.0063261  0.0081071  0.00856702 0.00867974 0.00874741]
[0.00331678 0.00456614 0.00518384 0.00531901 0.00641539 0.00676382]
[0.00301555 0.0050093  0.0058318  0.00793051 0.00824092 0.00853114]
[0.00224986 0.00672542 0.00795302 0.00850785 0.00893241 0.00945129]
[0.00097858 0.00307253 0.00360264 0.00714286 0.00834614 0.00866857]
[0.00120671 0.00210696 0.0032406  0.00338578 0.00422916 0.00503526]
[0.00312591 0.00370018 0.00442907 0.00496469 0.00588778 0.00638053]
[0.00529559 0.00544382 0.00591062 0.00643815 0.00765145 0.00790761]
[0.00378249 0.00601199 0.00656931 0.0071068  0.00721073 0.00731053]
[0.00215852 0.00322839 0.00402496 0.00414094 0.00461923 0.00476222]
[0.00363714 0.00486536 0.00613743 0.00644408 0.00707466 0.00719501]
[0.00518006 0.00672674 0.00773073 0.00824006 0.00892798 0.00895383]
[0.00363829 0.00368851 0.0056782  0.00617207 0.00718002 0.00721304]
[0.00761976 0.00777751 0.00788559 0.00800754 0.00851206 0.00876209]
[0.00356957 0.00523585 0.00525372 0.00535515 0.00649391 0.00701778]
[0.00553349 0.0066831  0.00678424 0.00694873 0.00786673 0.0080437 ]
[0.00264368 0.00274438 0.00641701 0.00658299 0.00699322 0.00735068]
[0.00658727 0.00669306 0.00699615 0.00808287 0.00829943 0.00844541]
[0.00474884 0.00477793 0.00494767 0.00507974 0.00640769 0.00762914]
[0.00551794 0.00709072 0.00773728 0.00821175 0.00834568 0.00999068]
[0.00522368 0.00632637 0.01052464 0.01122629 0.01186809 0.01196273]
[0.00590477 0.00636952 0.00657716 0.00678554 0.00710733 0.00722299]
[0.002559   0.00347285 0.00367205 0.00389889 0.00487037 0.0058212 ]
[0.00355055 0.00474134 0.00579492 0.00601654 0.0068175  0.00696435]
[0.00333902 0.00365333 0.00411193 0.00558501 0.00597046 0.00754687]
[0.00694897 0.00811138 0.00850679 0.0088731  0.00952472 0.00973023]
[0.00220612 0.0023587  0.00633609 0.00852556 0.00887009 0.00958793]
[0.00670806 0.00765134 0.00809169 0.00842345 0.00882941 0.0092596 ]
[0.00481401 0.0052764  0.00568474 0.00584911 0.00631928 0.00668639]
[0.00613798 0.00662798 0.00740128 0.00797656 0.00818514 0.00819844]
[0.00565587 0.00590064 0.00751853 0.00866263 0.00947227 0.01002774]
[0.00581795 0.00868114 0.01005055 0.01065066 0.01157163 0.01196588]
[0.00594086 0.0069067  0.00706174 0.00924743 0.01050563 0.01055757]
[0.00264699 0.00705933 0.0083904  0.0084815  0.00963959 0.00972591]
[0.00515403 0.00700421 0.00787871 0.00880253 0.00880471 0.00980859]
[0.00326203 0.00817421 0.01063612 0.01093354 0.0114848  0.01223083]
[0.00435635 0.00466462 0.005177   0.00525107 0.00580993 0.00669175]
[0.00890633 0.01008888 0.01233381 0.01261121 0.01266842 0.01303774]
[0.00070052 0.00171389 0.00191923 0.00257532 0.00313669 0.00382856]
[0.00177576 0.00415977 0.00471376 0.00552435 0.00685239 0.00707206]
[0.00518451 0.00527894 0.00592092 0.00644849 0.00756579 0.00775387]
[0.00714804 0.0076659  0.00813617 0.00824897 0.00917562 0.0092234 ]
[0.00145384 0.00241605 0.0043461  0.00564265 0.00632193 0.00673355]
[0.00174043 0.00442173 0.00547889 0.00578623 0.00592651 0.00606384]
[0.00206391 0.00679527 0.00681406 0.00686568 0.0069706  0.00716989]
[0.00414575 0.00540187 0.00615451 0.0066105  0.00824409 0.00864735]
[0.00226654 0.00445988 0.0044674  0.00527736 0.00544864 0.00599861]
[0.00276636 0.00341125 0.00355927 0.00594165 0.00595376 0.00642777]
[0.00464134 0.00491129 0.00606843 0.00624097 0.00718435 0.00890382]
[0.00463587 0.00556714 0.00604511 0.00631646 0.00641657 0.0065043 ]
[0.00265584 0.00331058 0.00333535 0.00368619 0.00466299 0.00501856]
[0.00374682 0.0045089  0.00454551 0.00496089 0.00528159 0.00528426]
[0.0023069  0.00382304 0.00529676 0.00581753 0.00605248 0.0065529 ]
[0.00264437 0.00390412 0.00400094 0.00467009 0.00539889 0.00545653]
[0.00384887 0.00438038 0.00470844 0.00472611 0.00533937 0.00538682]
[0.00486492 0.00593508 0.00695453 0.00743059 0.00746278 0.00941033]
[0.00415685 0.00608086 0.00670008 0.00714704 0.00763733 0.00768828]
[0.00225772 0.00365516 0.00424562 0.00468304 0.00483179 0.00492534]
[0.00317602 0.00336013 0.00466686 0.00503744 0.00552757 0.00592211]
[0.00582654 0.00788225 0.00797991 0.00872591 0.00891802 0.00899684]
[0.00336435 0.00616662 0.00718249 0.00771079 0.00843668 0.00895966]
[0.00535649 0.00619039 0.0065368  0.0081586  0.00918457 0.00940947]
[0.00263733 0.00790155 0.00802707 0.00846412 0.00884743 0.00916046]
[0.00497343 0.005069   0.00551151 0.0065827  0.00678695 0.00755068]
[0.00283066 0.00378195 0.00386346 0.0042825  0.00484539 0.00532951]
[0.00434463 0.00504365 0.0057974  0.00608141 0.0066828  0.0068752 ]
[0.00248126 0.00282739 0.00450895 0.0059854  0.0061145  0.00614982]
[0.00369082 0.00462019 0.00495512 0.00586499 0.00759971 0.0081038 ]
[0.00244889 0.00294146 0.00325824 0.00392262 0.00408041 0.00412331]
[0.00237536 0.0024532  0.00514603 0.00528455 0.00556355 0.0056538 ]
[0.00164808 0.00244419 0.00302716 0.00422656 0.00452176 0.00571618]
[0.00243177 0.00268486 0.00395615 0.00401718 0.00477141 0.0047733 ]
[0.0023628  0.00343658 0.00392933 0.00420293 0.00440807 0.00453208]
[0.00244009 0.00263494 0.00333826 0.00394344 0.00496565 0.00597072]
[0.00125958 0.00249519 0.00253067 0.00336729 0.00341755 0.00374598]
[0.00194626 0.00475151 0.00496879 0.00556262 0.00624756 0.00652262]
[0.00145254 0.00222052 0.00253861 0.0034318  0.00358382 0.00363786]
[0.00294735 0.00302631 0.00322898 0.00410954 0.00425438 0.00461627]
[0.00254527 0.00343839 0.00381115 0.00445967 0.00524424 0.00550324]
[0.00264721 0.00283794 0.00387885 0.00395284 0.00423228 0.00465974]
[0.00108243 0.00257056 0.00299688 0.00400376 0.00418839 0.00435883]
[0.00256916 0.00435018 0.00449498 0.0045793  0.00476931 0.00494028]
[0.00247553 0.00296905 0.00514103 0.00532556 0.00687466 0.00727551]
[0.00367652 0.00533833 0.00728475 0.0078466  0.00803047 0.00814231]
[0.00673038 0.00694407 0.00695954 0.00717292 0.0072678  0.00765371]
[0.00239355 0.00318307 0.00451306 0.0053729  0.00565605 0.00582776]
[0.00399781 0.00407051 0.00497027 0.0050606  0.00509459 0.00660787]
[0.00302112 0.00395015 0.00554075 0.00568961 0.00590409 0.00784767]
[0.0031358  0.00545256 0.00567102 0.00823615 0.00832309 0.00884218]
[0.0081579  0.00840541 0.00905387 0.00925929 0.01003457 0.01014955]
[0.00153714 0.00710888 0.00794635 0.00873692 0.00901223 0.0092483 ]
[0.00457607 0.00504029 0.0086353  0.00937031 0.01130324 0.01136124]
[0.00363766 0.00471929 0.00720121 0.00746018 0.00795698 0.00801344]
[0.00687265 0.00729875 0.00842085 0.00854737 0.00934658 0.00957177]
[0.00511019 0.00653272 0.00688923 0.00704639 0.0071086  0.00718216]
[0.00598969 0.0072615  0.00827532 0.00909516 0.00962272 0.01005747]
[0.00541786 0.00623065 0.00639737 0.00647647 0.00724157 0.00829936]
[0.0026074  0.00292148 0.00325022 0.00469668 0.00489553 0.00495791]
[0.00471451 0.00522618 0.00587404 0.0059122  0.00594191 0.00847995]
[0.00637381 0.00689699 0.00695611 0.00741894 0.00784577 0.00876059]
[0.00584084 0.00843876 0.00847735 0.00912541 0.00930467 0.01043435]
[0.00426739 0.00535643 0.00677873 0.00727464 0.0081095  0.0084029 ]
[0.00652983 0.00702355 0.00835814 0.00865663 0.01042454 0.01079228]
[0.00975626 0.00987443 0.01031617 0.01069173 0.01188546 0.01193545]
