[0.00700071 0.00778039 0.01169828 0.01288457 0.01352622 0.01406946]
[0.00642856 0.0064491  0.00654306 0.00898517 0.01160169 0.01229571]
[0.01105153 0.0115377  0.01607733 0.01821631 0.01861318 0.01906718]
[0.00790678 0.00809593 0.00833317 0.0117963  0.01333167 0.01433926]
[0.00350649 0.00416592 0.00602682 0.0071105  0.00860778 0.01139723]
[0.00589359 0.00830155 0.00949932 0.01077604 0.01085927 0.0160864 ]
[0.00864136 0.01148965 0.01233674 0.01379649 0.01401195 0.01604721]
[0.0098321  0.01313242 0.01426359 0.01587091 0.01763878 0.018562  ]
[0.00765578 0.0128828  0.01575216 0.01668565 0.01752512 0.01789021]
[0.00794394 0.00998595 0.01100684 0.01238324 0.01407674 0.01624071]
[0.00450167 0.00497257 0.00535525 0.00622535 0.00732246 0.00761614]
[0.00603002 0.01060416 0.01072326 0.01147382 0.01186949 0.01268603]
[0.00847558 0.0096715  0.01188345 0.01400652 0.01477878 0.01699385]
[0.00977878 0.01129375 0.01167891 0.01253735 0.01364428 0.01410471]
[0.01338758 0.01387829 0.01417671 0.0148309  0.01688055 0.01731585]
[0.00437472 0.00795403 0.00955808 0.01443224 0.01549234 0.01583322]
[0.00404636 0.00590018 0.01172678 0.01390021 0.01468059 0.01690799]
[0.00393869 0.00670439 0.00921313 0.0092692  0.00947447 0.01192003]
[0.00529635 0.00719894 0.00893831 0.00924181 0.00933367 0.01025873]
[0.00767243 0.00926518 0.01022785 0.01151968 0.01537667 0.01603393]
[0.01056011 0.01102419 0.01251382 0.01256683 0.01546384 0.01606956]
[0.01310895 0.01342426 0.01396055 0.01818438 0.01892106 0.0197261 ]
[0.0066841  0.00967961 0.01143606 0.01208366 0.0128929  0.01376595]
[0.00296703 0.00526156 0.00840028 0.00868127 0.01140807 0.01353188]
[0.00493476 0.00730416 0.00785209 0.0082062  0.00857663 0.00934516]
[0.00539096 0.00900848 0.01097964 0.01274736 0.01351231 0.01389668]
[0.00452979 0.00715106 0.01133778 0.01273044 0.01276265 0.01277852]
[0.0037603  0.0043281  0.00805008 0.01076039 0.01107323 0.01251442]
[0.00665916 0.00693931 0.00868847 0.0103283  0.01094806 0.01202277]
[0.00751999 0.00950312 0.00960805 0.01401085 0.01558157 0.01571319]
[0.00740622 0.00755821 0.00841261 0.00944261 0.01059271 0.01175462]
[0.00234913 0.00950212 0.01062602 0.01151724 0.01305808 0.01316105]
[0.00284617 0.00306661 0.00426394 0.00480118 0.00525513 0.00773845]
[0.00756992 0.00810019 0.0107567  0.01098864 0.01166287 0.01260072]
[0.0065716  0.00848229 0.00876813 0.00930745 0.01016901 0.010537  ]
[0.0103243  0.01125149 0.0121396  0.01214791 0.0132077  0.01445429]
[0.0061176  0.00980329 0.01050999 0.01088044 0.01141002 0.01335558]
[0.00405268 0.01084805 0.01175776 0.01379104 0.01579862 0.01671653]
[0.00742551 0.00752374 0.0082077  0.00830502 0.01003424 0.01077244]
[0.00384859 0.00389077 0.00443734 0.00624328 0.0088234  0.00943365]
[0.00445379 0.01140599 0.01239037 0.01302259 0.0130629  0.01356917]
[0.00655155 0.0088505  0.00899872 0.01107107 0.01203809 0.01210179]
[0.00861294 0.01030581 0.01212457 0.01472928 0.01593771 0.01599348]
[0.00184328 0.00459169 0.00705415 0.00713215 0.00720724 0.00958781]
[0.00299858 0.00311145 0.00482438 0.00816331 0.01000038 0.01106374]
[0.0075816  0.0076101  0.00869415 0.00869616 0.0088905  0.01080651]
[0.00515451 0.00705538 0.00942549 0.01126642 0.01127348 0.01151877]
[0.00865782 0.0095405  0.01002683 0.01098825 0.0113094  0.01216857]
[0.00532371 0.00667077 0.01638479 0.01739669 0.01954736 0.02008374]
[0.00497917 0.00629882 0.00644054 0.00792988 0.01252344 0.01292698]
[0.00406131 0.00453751 0.0059628  0.00805215 0.01114806 0.01145142]
[0.00269467 0.0067866  0.0094554  0.00988468 0.01113262 0.01138071]
[0.00164303 0.00609454 0.00984609 0.01039975 0.01101589 0.01129245]
[0.0040969  0.00451374 0.00569082 0.00730965 0.00883346 0.00904242]
[0.00307193 0.00681746 0.00810705 0.00870325 0.0087955  0.0091176 ]
[0.00217611 0.00348101 0.00383581 0.00408964 0.0050804  0.00756165]
[0.00541715 0.00675909 0.00767873 0.00790974 0.00846346 0.00855023]
[0.00511426 0.00645296 0.00654259 0.00738919 0.00822547 0.00841596]
[0.00301391 0.00373901 0.00823773 0.0083723  0.01110819 0.01118648]
[0.00430062 0.00572457 0.00632281 0.00692418 0.00715809 0.00911204]
[0.00270109 0.00463173 0.00705403 0.00746494 0.00847734 0.00910337]
[0.00969322 0.00989368 0.01112016 0.01287798 0.0135958  0.01399735]
[0.00539671 0.00575023 0.00736426 0.00750876 0.00759912 0.00957705]
[0.00815321 0.00856727 0.00937628 0.00944001 0.00954267 0.01290893]
[0.00634636 0.00860281 0.00911963 0.01034327 0.01051476 0.01159744]
[0.01218958 0.01238649 0.01285454 0.01392455 0.01499307 0.01505003]
[0.00376519 0.00473201 0.00523637 0.00623386 0.00761911 0.00928523]
[0.00557286 0.00617017 0.00656463 0.00758601 0.00848421 0.01071079]
[0.00331707 0.00452544 0.00869294 0.01189507 0.01226523 0.01313426]
[0.00465271 0.00754334 0.00807709 0.00960682 0.0096387  0.01032867]
[0.00231501 0.0050426  0.00543649 0.00707084 0.00725714 0.00843303]
[0.00401106 0.00690576 0.00881793 0.01019926 0.01035924 0.01066712]
[0.00531594 0.0059014  0.00805624 0.00817335 0.00828482 0.01032738]
[0.00807796 0.00829866 0.0096455  0.0114415  0.01155401 0.01253143]
[0.00135754 0.0017134  0.0052192  0.00587899 0.00770764 0.00796412]
[0.01412582 0.01543143 0.01553815 0.01564595 0.01610882 0.01647075]
[0.00223967 0.00327223 0.00502295 0.00589678 0.00768366 0.0079591 ]
[0.00133969 0.00425529 0.00692942 0.00737186 0.01119925 0.0117808 ]
[0.00644828 0.00684699 0.00809538 0.00855481 0.01132719 0.01185761]
[0.00292269 0.01094375 0.01104984 0.01228531 0.01335083 0.01340588]
[0.00290228 0.00322884 0.00342899 0.00414433 0.00456137 0.00458021]
[0.00597378 0.00615253 0.00685197 0.00693133 0.0078911  0.0088459 ]
[0.00450364 0.00783667 0.00825073 0.00904157 0.0109004  0.01110359]
[0.00296603 0.00853488 0.01083512 0.01163971 0.01395754 0.01411172]
[0.00822917 0.00942744 0.01008329 0.01082681 0.01087851 0.01211635]
[0.00405981 0.00891784 0.0104963  0.01194013 0.01197887 0.01342349]
[0.00290014 0.00558142 0.00642623 0.00721213 0.00729851 0.00926391]
[0.00540586 0.00740382 0.00824472 0.01033525 0.01201189 0.01402129]
[0.00351015 0.00397659 0.00611459 0.00747709 0.0084384  0.00855697]
[0.00578734 0.00587926 0.01114489 0.01171642 0.01223296 0.01229598]
[0.0036498  0.00616302 0.01178597 0.01310748 0.01313343 0.01443285]
[0.00958765 0.01226668 0.01235934 0.01289692 0.01354887 0.01421663]
[0.00266818 0.00973558 0.01107168 0.0113692  0.01204797 0.01276303]
[0.00344004 0.00609438 0.00687839 0.00707519 0.00842451 0.00911174]
[0.00925345 0.00941583 0.01066732 0.01094037 0.01315209 0.01426051]
[0.00518853 0.00541582 0.00563519 0.00587811 0.0061496  0.00647205]
[0.0102575  0.01032452 0.01089142 0.01164608 0.01404051 0.01411303]
[0.00686303 0.00994425 0.01149977 0.01197335 0.01211409 0.01266305]
[0.00379731 0.00579558 0.00770586 0.01283393 0.01286854 0.01356739]
[0.0065261  0.01072063 0.01083755 0.01187853 0.0121209  0.01298179]
[0.01202689 0.01227481 0.01284474 0.0131517  0.01394521 0.01537902]
[0.00630423 0.00659031 0.00659266 0.00775032 0.01003104 0.01146505]
[0.00457911 0.00509899 0.005806   0.00680853 0.00694884 0.00703137]
[0.00895115 0.00996361 0.01189325 0.0130613  0.01312176 0.01332949]
[0.0040892  0.00861281 0.00960356 0.01121368 0.01174851 0.01189305]
[0.00922454 0.01074664 0.01098219 0.01120111 0.01154591 0.01191544]
[0.00545279 0.00644882 0.00758493 0.01057095 0.01187333 0.01294672]
[0.00552778 0.00902799 0.00971726 0.01051496 0.01180638 0.01193139]
[0.00820383 0.01023872 0.01136469 0.01280179 0.01294252 0.012974  ]
[0.00554525 0.00557169 0.00582354 0.0059166  0.00767117 0.00797578]
[0.01101536 0.01618487 0.01679736 0.01766204 0.01815106 0.01815981]
[0.00468906 0.01107567 0.01361869 0.01518344 0.01524402 0.01585748]
[0.00642054 0.01174002 0.01283071 0.01378235 0.01419585 0.01482939]
[0.00816747 0.00880822 0.01147832 0.0116576  0.01277501 0.01380403]
[0.01089253 0.01141337 0.0129694  0.01316122 0.01487872 0.01525608]
[0.00825435 0.00890295 0.01223483 0.01329888 0.01349495 0.01383262]
[0.00972268 0.01211695 0.01226954 0.0130911  0.01393829 0.01427059]
[0.008203   0.01021068 0.01172357 0.013707   0.01386703 0.01440011]
[0.00492139 0.00681855 0.00742504 0.00742898 0.00959022 0.00965649]
[0.00425851 0.00819479 0.01150849 0.01247411 0.01525509 0.01534937]
[0.00748108 0.00802373 0.01194533 0.01262369 0.01334088 0.01532558]
[0.00880941 0.01428113 0.01597633 0.019578   0.02110336 0.02159337]
[0.0092446  0.01026028 0.010602   0.01530369 0.01834539 0.01855508]
[0.00813706 0.00866796 0.00989154 0.01050963 0.01103552 0.01171875]
[0.00686002 0.01054293 0.01207523 0.01263402 0.01376491 0.01412169]
[0.01276796 0.01450091 0.01655315 0.01746028 0.01810455 0.01897364]
[0.00417888 0.00666655 0.00730233 0.0076457  0.00797212 0.01017919]
[0.00344851 0.006122   0.00829578 0.00970311 0.01019105 0.0116658 ]
[0.00371641 0.0086949  0.0109423  0.01322018 0.01348168 0.01374792]
[0.00730426 0.00857252 0.01072331 0.01173125 0.01307837 0.01447603]
[0.00424264 0.0089483  0.00907361 0.01141206 0.0114306  0.01288922]
[0.01072622 0.01210717 0.0142112  0.01434306 0.01461786 0.01474804]
[0.00197228 0.00291183 0.00426871 0.00498664 0.00546602 0.0062376 ]
[0.00178633 0.00183124 0.00252289 0.00328071 0.00353214 0.00572936]
[0.0019064  0.00223164 0.0030773  0.00398939 0.00401891 0.00406089]
[0.00197937 0.00240732 0.00262234 0.00272549 0.00485546 0.00530115]
[0.00266118 0.00304397 0.00353947 0.00377804 0.00405456 0.00495259]
[0.00155767 0.00259396 0.00266592 0.00303796 0.00327684 0.00362549]
[0.00198483 0.00289594 0.00402231 0.00450545 0.00506061 0.00696884]
[0.00177086 0.00292217 0.00548927 0.00659609 0.0074746  0.00850331]
[0.00718536 0.00726352 0.00876857 0.00878556 0.00891223 0.00937222]
[0.00530338 0.00589995 0.01341191 0.01356219 0.01436103 0.01553038]
[0.00276374 0.00324114 0.00816138 0.00943271 0.00994997 0.01236615]
[0.00863362 0.01138786 0.01198748 0.0158251  0.01590748 0.01608044]
[0.00473183 0.0077343  0.01051403 0.01164325 0.01282397 0.0133303 ]
[0.00528967 0.00681975 0.00714925 0.008818   0.01097535 0.01106471]
[0.00547264 0.00920458 0.00984773 0.01244059 0.01288023 0.0130158 ]
[0.0074117  0.00949389 0.0103895  0.01122511 0.01165599 0.01261672]
[0.00857861 0.00921938 0.00928098 0.01093492 0.01550234 0.01576057]
[0.00357355 0.01064113 0.0114598  0.0152002  0.01688284 0.01755301]
[0.00553232 0.00736818 0.01352974 0.01549071 0.016334   0.01788317]
[0.00480774 0.0048664  0.00592642 0.00863738 0.00905209 0.01006332]
[0.00152248 0.0018847  0.00287047 0.00365367 0.00439494 0.00461198]
[0.00215883 0.00287794 0.00817392 0.00937047 0.00947289 0.00995921]
[0.00182931 0.006885   0.00821519 0.00836054 0.00947337 0.00954542]
[0.00579782 0.0070803  0.01092095 0.01202451 0.01239637 0.01389996]
[0.00166003 0.00198392 0.00377313 0.00477773 0.00506928 0.00510055]
[0.00227895 0.00686589 0.00975096 0.0102757  0.01190349 0.0133064 ]
[0.00166864 0.00371388 0.0039476  0.00465815 0.00473545 0.00608827]
[0.00238926 0.00241982 0.0026704  0.00526965 0.0059588  0.00602559]
[0.00428274 0.00723591 0.0088185  0.00956544 0.01059306 0.01085646]
[0.00166413 0.00411886 0.00435352 0.00514423 0.00700641 0.00754801]
[0.00537611 0.00678825 0.0084533  0.0123222  0.01330953 0.01434399]
[0.00696552 0.01044848 0.01067701 0.01150889 0.01161045 0.01454096]
[0.0023391  0.00566232 0.00796046 0.00996615 0.01027764 0.0113388 ]
[0.00217873 0.00224203 0.00325925 0.00557222 0.00612282 0.00674544]
[0.00326915 0.00595096 0.00863183 0.00972883 0.01125533 0.0132398 ]
[0.00290185 0.00615806 0.00938855 0.01003444 0.01213894 0.01236487]
[0.00253818 0.00361842 0.0058323  0.00892596 0.00966503 0.010979  ]
[0.00214425 0.00520527 0.0056314  0.00677998 0.00723523 0.00770482]
[0.00479048 0.00635436 0.00860429 0.01049716 0.01148958 0.01332073]
[0.00216064 0.00381064 0.00705641 0.0103696  0.01053353 0.0109404 ]
[0.00115253 0.00594763 0.0080738  0.0095523  0.01016103 0.01102348]
[0.00552733 0.00564272 0.00735863 0.00829386 0.00926219 0.0103383 ]
[0.00952365 0.01083188 0.01091299 0.01102665 0.01126122 0.01168393]
[0.01163313 0.01179436 0.01332884 0.01334042 0.01393914 0.01489131]
[0.00162293 0.00471854 0.00593772 0.00709655 0.00773597 0.01063952]
[0.00557059 0.00679546 0.00708229 0.00947946 0.01079019 0.01085197]
[0.00520708 0.00578209 0.00893804 0.00943757 0.01067656 0.0132362 ]
[0.00632484 0.00825827 0.00918762 0.01099557 0.01185739 0.0123998 ]
[0.00636727 0.00825469 0.00833166 0.00969657 0.01101264 0.01182257]
[0.00117549 0.00530941 0.00643008 0.00915977 0.01059738 0.011622  ]
[0.00076751 0.00152934 0.00302767 0.00372642 0.00387347 0.00590285]
[0.00205548 0.00217849 0.00250679 0.00490255 0.00555791 0.00618673]
[0.00085073 0.00318154 0.00327199 0.00332197 0.00366658 0.00380119]
[0.00165234 0.00647311 0.00863512 0.00934909 0.01095465 0.01103164]
[0.00272429 0.00445479 0.00983104 0.01087194 0.01097582 0.01145815]
[0.00479602 0.00602692 0.00803046 0.00831931 0.0083399  0.00932429]
[0.00310493 0.0054616  0.00559085 0.00821853 0.00898876 0.00902078]
[0.0046229  0.00707514 0.00797511 0.00902928 0.01058384 0.01183214]
[0.0038111  0.00428274 0.00584459 0.0081417  0.00845599 0.0094443 ]
[0.0007888  0.00228249 0.00236361 0.00413489 0.00447665 0.00750148]
[0.00246393 0.00259791 0.00333506 0.00436716 0.00564736 0.00804757]
[0.00304079 0.00324178 0.00353569 0.00376533 0.00396238 0.0044874 ]
[0.00135143 0.00684675 0.00699236 0.007431   0.01043666 0.01068291]
[0.0029831  0.00645645 0.00935612 0.0100016  0.01084381 0.01157193]
[0.00067677 0.00083765 0.00390484 0.00554455 0.00566777 0.00583518]
[0.00615879 0.00855819 0.00940279 0.00952657 0.00953275 0.01336428]
[0.00339206 0.00366991 0.00654387 0.00900725 0.01051666 0.011976  ]
[0.00509765 0.00577832 0.00667466 0.00758239 0.0094698  0.01053627]
[0.00455912 0.00465163 0.00500565 0.00731982 0.00821671 0.00876698]
[0.00808602 0.00864718 0.00875835 0.01337194 0.01351832 0.01353946]
[0.00111971 0.00583179 0.00621507 0.0071914  0.00779098 0.00976719]
[0.0071147  0.00902934 0.012459   0.0148339  0.01739781 0.01745949]
[0.00716554 0.0109922  0.01225912 0.01231809 0.01268767 0.01443538]
[0.01309277 0.01372961 0.01376904 0.01462655 0.01466204 0.01698016]
[0.00716582 0.00854419 0.01080444 0.01171808 0.0125646  0.01321387]
[0.00430815 0.01052721 0.01193063 0.01289853 0.01320759 0.01413869]
[0.00863227 0.01012781 0.0134026  0.01537586 0.0162265  0.01716453]
[0.0134988  0.01528685 0.01682364 0.01732447 0.01733846 0.01763991]
[0.00766211 0.00858925 0.00990405 0.01697622 0.01736859 0.01926583]
[0.00868598 0.01352248 0.01908026 0.02088413 0.02128462 0.02281202]
[0.00952049 0.00976088 0.01255448 0.01304745 0.01384185 0.02122346]
[0.00416306 0.00836499 0.0210333  0.02302855 0.02442498 0.02479348]
[0.0050713  0.00798039 0.01083363 0.01228374 0.0153512  0.01558694]
[0.0015168  0.00363049 0.00717301 0.00730011 0.01083681 0.01224018]
[0.01056892 0.0116985  0.01210042 0.01527952 0.02040883 0.02185364]
[0.0092891  0.01252816 0.01352395 0.01520273 0.01711113 0.01715746]
[0.00412276 0.01092079 0.01267147 0.01451528 0.01713495 0.01898274]
[0.00357897 0.00844266 0.00913983 0.0118757  0.01326953 0.01712912]
[0.00668428 0.01082768 0.016014   0.01636419 0.01649721 0.01665506]
[0.00542162 0.01243356 0.01447453 0.01463278 0.01608096 0.01681914]
[0.01570498 0.01649275 0.01651668 0.01913612 0.01981726 0.02068166]
[0.01463246 0.01787377 0.02117586 0.02178887 0.02375486 0.02389649]
[0.01090861 0.01124038 0.01234712 0.01255389 0.01502318 0.01529561]
[0.00400199 0.01090063 0.01261732 0.01291033 0.01357401 0.01636176]
[0.00986438 0.01117181 0.012079   0.01234326 0.01236854 0.01241916]
[0.00356591 0.00504125 0.0078152  0.01297755 0.01454024 0.01519613]
[0.00668435 0.00693562 0.00781945 0.0115056  0.01225774 0.01297088]
[0.00416484 0.00837258 0.01180375 0.01260132 0.01277085 0.01547404]
[0.00448989 0.00868817 0.01058479 0.01060779 0.01405773 0.01505463]
[0.00628199 0.01061658 0.01186979 0.01270913 0.01305761 0.01454756]
[0.00685428 0.00873417 0.00984553 0.0117164  0.01228192 0.01306058]
[0.00631321 0.01064106 0.01293659 0.01381641 0.01390869 0.0142036 ]
[0.00390317 0.0055137  0.00828962 0.00830283 0.01240794 0.0135098 ]
[0.00809309 0.00880142 0.00957211 0.01032841 0.01080706 0.01215475]
[0.0011817  0.00986875 0.01201934 0.01217761 0.01299534 0.01323601]
None
[0.00550197 0.00924485 0.00998178 0.01121195 0.01244596 0.01477291]
[0.01387168 0.01517106 0.01670091 0.01841296 0.01844949 0.01853739]
[0.00409012 0.00785929 0.01261009 0.01326299 0.01527477 0.01618441]
[0.00264386 0.00793725 0.00827068 0.00951786 0.0114598  0.01212473]
[0.00705233 0.0109402  0.01193718 0.01197851 0.01353001 0.01485593]
[0.00083046 0.00487579 0.00752828 0.00865362 0.01135906 0.01178107]
[0.00489316 0.00593206 0.01018404 0.01152548 0.01444706 0.01584491]
[0.01139282 0.01635232 0.01780742 0.01801915 0.0181886  0.01873688]
[0.01599355 0.0164799  0.01978074 0.02085327 0.02120945 0.02137632]
[0.01651111 0.01665987 0.02063405 0.02204976 0.02277432 0.02289434]
[0.01685394 0.01706468 0.01825793 0.01895852 0.01930839 0.02014947]
[0.00725362 0.00949768 0.01055123 0.0105753  0.01286033 0.01380632]
[0.01234318 0.012804   0.01382407 0.01463794 0.01475405 0.0150691 ]
[0.01354509 0.0144168  0.01783396 0.01870603 0.02011153 0.02190468]
[0.00763517 0.00966608 0.01233093 0.01508355 0.01643333 0.01737883]
[0.01156079 0.01566464 0.01647111 0.01718311 0.01901232 0.01944597]
[0.01374721 0.01530051 0.01634985 0.02075354 0.02281678 0.02316011]
[0.01332045 0.01401253 0.01418473 0.01548987 0.01606626 0.01677494]
[0.00773112 0.01132636 0.01272654 0.01389458 0.01775526 0.01790197]
[0.00699651 0.01477026 0.01508566 0.01556567 0.01823881 0.01853494]
[0.00919007 0.01149975 0.01243679 0.014372   0.01472243 0.01593555]
[0.00836848 0.00992467 0.01055381 0.01113937 0.01411881 0.01421258]
[0.01393077 0.01488447 0.01679709 0.01800239 0.01846995 0.01857093]
[0.00691247 0.01295675 0.01341445 0.0182865  0.01886509 0.01932438]
[0.00857369 0.01429116 0.0157435  0.01831719 0.01950196 0.01951699]
[0.00876242 0.010262   0.01058434 0.01220413 0.01231909 0.01327586]
[0.00716224 0.01299531 0.0161089  0.01785961 0.0178632  0.01820678]
[0.00750469 0.00770223 0.01011536 0.01188494 0.01216964 0.01488868]
[0.01339282 0.01765417 0.0181246  0.0195662  0.01957248 0.02017663]
[0.00749664 0.00875897 0.01067007 0.01129398 0.01489897 0.01573917]
[0.00800161 0.0086218  0.01130107 0.01480298 0.01670602 0.01773717]
[0.00854648 0.01283824 0.01349432 0.01352424 0.01438467 0.01525123]
[0.00679267 0.00841215 0.0087021  0.01033318 0.01033794 0.01053914]
[0.01037772 0.01169102 0.01201344 0.01256119 0.01350854 0.01463295]
[0.00814845 0.01036181 0.0103867  0.01150911 0.01306836 0.01503033]
[0.00460751 0.01325908 0.01474935 0.0185218  0.02305512 0.0233936 ]
[0.01250497 0.01331456 0.01736954 0.01920497 0.02159128 0.02647188]
[0.00525734 0.00986022 0.011148   0.01540768 0.01568185 0.02072539]
[0.01583073 0.01598734 0.01879163 0.02103531 0.02144674 0.02312827]
[0.01029084 0.01392597 0.01453348 0.01481375 0.01532943 0.01675588]
[0.01531767 0.01579663 0.01632635 0.01654852 0.01669054 0.01716632]
[0.00937085 0.01420323 0.01439785 0.01559249 0.01649466 0.01891305]
[0.01697405 0.01699747 0.01901513 0.01907895 0.01960975 0.02119545]
[0.01064977 0.01230721 0.01519779 0.01715019 0.01752901 0.01761226]
[0.00805203 0.01312262 0.01406217 0.01514995 0.01617617 0.01762114]
[0.00752756 0.00865866 0.00900637 0.01234093 0.01368725 0.01370266]
[0.00835248 0.00890852 0.01094968 0.01216779 0.01482012 0.01750937]
[0.00833722 0.0092245  0.01225829 0.01495531 0.01499608 0.01625108]
[0.00616414 0.01354558 0.01694977 0.02013039 0.02036258 0.02279182]
[0.01307528 0.01580463 0.01617242 0.01617404 0.01693222 0.01853169]
[0.01087736 0.01159498 0.01206224 0.01293113 0.01483902 0.01791446]
[0.00873004 0.01441658 0.01698065 0.01777753 0.02017807 0.0216084 ]
[0.00778355 0.00876548 0.01204758 0.01347536 0.01537498 0.01601368]
[0.00810661 0.01456917 0.01670357 0.01701424 0.01792925 0.01810437]
[0.01208566 0.01435515 0.01624206 0.01669951 0.01686311 0.01891307]
[0.01072573 0.01420553 0.01490868 0.02132679 0.02161987 0.02204849]
[0.01046386 0.01481958 0.0171322  0.01941459 0.01957969 0.02285742]
[0.01590229 0.01654687 0.02135596 0.02219175 0.02652182 0.02695142]
[0.0147788  0.01703716 0.01812805 0.01823372 0.02418295 0.02479878]
[0.01393857 0.01675287 0.02460738 0.02553976 0.02645552 0.02662663]
[0.01049749 0.0113551  0.01222316 0.01246572 0.01522357 0.01570485]
[0.01349895 0.01437043 0.01530599 0.02081013 0.02121965 0.02333825]
[0.00910796 0.00970539 0.00992796 0.01415844 0.01498255 0.01725061]
[0.00814335 0.00916045 0.00989513 0.01310513 0.01331661 0.01461446]
[0.01213428 0.01235728 0.01378068 0.01399625 0.0178714  0.01803163]
[0.00954189 0.01091961 0.0152045  0.01527576 0.01872143 0.02005131]
[0.00950134 0.01409153 0.01615892 0.01761102 0.02067831 0.02126826]
[0.00804612 0.00818626 0.00957213 0.01407947 0.01530683 0.01636984]
[0.01397077 0.01430546 0.01660302 0.01820487 0.01863684 0.02026494]
[0.00860701 0.01387622 0.01395496 0.01985839 0.02016689 0.02031423]
[0.00591847 0.01885065 0.0194101  0.0220597  0.02457911 0.02466863]
[0.0165554  0.01677853 0.01718882 0.01800388 0.01932786 0.01960724]
[0.00947881 0.00976318 0.0108513  0.01727203 0.02040124 0.02126252]
[0.01030772 0.01258068 0.01521686 0.01558417 0.01587086 0.01593702]
[0.002955   0.0073757  0.00826388 0.01019159 0.01042853 0.01054002]
[0.01034697 0.01137759 0.01320613 0.01326248 0.01464561 0.01538048]
[0.0126178  0.01386211 0.01465284 0.01750096 0.01825777 0.01929575]
[0.01058653 0.01161062 0.01226896 0.01259228 0.01330238 0.01564931]
[0.00932118 0.01356418 0.01543775 0.0187136  0.02001182 0.02095795]
[0.00784892 0.01521073 0.01757835 0.01857803 0.02038492 0.02396394]
[0.01179226 0.01184384 0.01424216 0.01511266 0.01719581 0.01879891]
[0.00822442 0.01001515 0.01061612 0.0118582  0.01314316 0.01419079]
[0.01134024 0.01164587 0.01255422 0.01262994 0.01375037 0.01602508]
[0.00685985 0.01037132 0.01146482 0.01440412 0.01447371 0.01745293]
[0.00715488 0.00749112 0.00938387 0.01220766 0.01475162 0.0165183 ]
[0.01183878 0.01306628 0.01673659 0.01755886 0.01771978 0.01885919]
[0.00812113 0.01213441 0.01289667 0.01403396 0.01643219 0.01796282]
[0.00818056 0.01192327 0.01281106 0.01459239 0.01706133 0.01734953]
[0.00382908 0.00832624 0.0083715  0.01040017 0.01138621 0.01186735]
[0.01298049 0.01312333 0.01629321 0.01818862 0.02023332 0.02091496]
[0.00710519 0.00795017 0.00969366 0.0104285  0.01285745 0.01384637]
[0.01160691 0.01243807 0.01331936 0.01640463 0.01677374 0.01788458]
[0.00392182 0.00778741 0.00887435 0.00954552 0.010022   0.01008224]
[0.00162996 0.00775738 0.0109362  0.01208523 0.01557067 0.01696127]
[0.00194114 0.00932037 0.00996885 0.01037539 0.01184683 0.01344509]
[0.00359001 0.00520065 0.00639151 0.00646488 0.00713894 0.00748149]
[0.00444621 0.00664809 0.00682193 0.00876077 0.00896222 0.01083131]
[0.0042711  0.01057179 0.01151927 0.01212897 0.01327102 0.01634665]
[0.00991689 0.01184385 0.01367208 0.01447876 0.01491653 0.0152042 ]
[0.00212664 0.00472486 0.0050224  0.01062798 0.01129822 0.01130371]
[0.00139496 0.00471012 0.00906458 0.01144908 0.01288    0.01356524]
[0.00555556 0.00633892 0.006485   0.00707259 0.00718711 0.00762807]
[0.00178787 0.00549662 0.006289   0.00698988 0.00848605 0.00892189]
[0.00215595 0.00329787 0.00471459 0.00826377 0.01049598 0.01055768]
[0.00315548 0.00484508 0.00649633 0.00700676 0.00739126 0.00862525]
[0.00515301 0.00612013 0.00656853 0.00744685 0.00756247 0.00825304]
[0.00137621 0.00393254 0.00488926 0.00913431 0.01007692 0.01040988]
[0.0064702  0.006936   0.00718933 0.00761677 0.00841113 0.00856697]
[0.00192753 0.00407986 0.0042347  0.00423986 0.0056284  0.0085248 ]
[0.00372826 0.00581109 0.00698563 0.00896967 0.01052952 0.01145141]
[0.00082797 0.00451035 0.00483055 0.00646824 0.00835505 0.00882835]
[0.00735802 0.00758025 0.01277231 0.01389711 0.01835685 0.01874608]
[0.0036719  0.00584984 0.00952894 0.00972547 0.01040916 0.01060676]
[0.00466039 0.00574633 0.00754845 0.00875539 0.00926928 0.00951747]
[0.00597437 0.00628073 0.00924659 0.0094201  0.00999451 0.01104475]
[0.00752466 0.00754935 0.00810602 0.01004471 0.01091219 0.01194564]
[0.00540815 0.00650832 0.0066339  0.00761576 0.00906804 0.00943286]
[0.00957042 0.01070352 0.01147282 0.01261601 0.01297984 0.013076  ]
[0.01014572 0.01146126 0.01235478 0.01266023 0.01268362 0.01337993]
[0.00557706 0.00896272 0.00969837 0.01376535 0.01485399 0.01493381]
[0.00293895 0.0059954  0.01004283 0.01015523 0.01240998 0.01340481]
[0.00111107 0.00395779 0.0057436  0.00600113 0.00646766 0.0069499 ]
[0.00654803 0.00669342 0.00854498 0.01060764 0.01089815 0.01327612]
[0.00413486 0.00814022 0.01021821 0.0103059  0.01041969 0.01052324]
[0.00382989 0.0078838  0.01201043 0.01261995 0.01294131 0.01474967]
[0.0080054  0.00913324 0.0101026  0.01127982 0.01223096 0.01338555]
[0.01159207 0.01513787 0.01890043 0.01931015 0.01980937 0.02036743]
[0.01143    0.01166082 0.01360315 0.01368615 0.01476204 0.01728306]
