[0.00770769 0.00915983 0.00941716 0.01061743 0.01084939 0.01229765]
[0.01170742 0.01235645 0.0131546  0.01423108 0.01476022 0.01843084]
[0.00573514 0.00917156 0.01040081 0.01447521 0.01481496 0.01577873]
[0.00255885 0.00784725 0.01142848 0.01278151 0.01422402 0.01565081]
[0.00790898 0.0122196  0.01279967 0.0134804  0.01372452 0.01410608]
[0.00504802 0.01088468 0.0154262  0.01613047 0.02004599 0.02188862]
[0.00705893 0.0085482  0.00924664 0.01240606 0.01257529 0.01475719]
[0.00617992 0.0102775  0.01487752 0.01719752 0.01807646 0.01848654]
[0.00859266 0.01097198 0.01449178 0.01585458 0.01719981 0.01736688]
[0.01275226 0.01723004 0.02299377 0.02566091 0.02593768 0.02647969]
[0.00980768 0.01063175 0.01138537 0.01182309 0.01405113 0.01413705]
[0.00678759 0.0073004  0.00836072 0.00981983 0.01024783 0.01164635]
[0.01247199 0.01274151 0.01325907 0.01362775 0.01706892 0.0184284 ]
[0.00846777 0.01044649 0.01181749 0.01556045 0.01669858 0.01907088]
[0.00912391 0.01065758 0.01121501 0.01472815 0.01569033 0.01688085]
[0.00819462 0.01368382 0.01753588 0.02032234 0.02066465 0.02068245]
[0.00548744 0.00853413 0.00970525 0.01006303 0.01038516 0.0116227 ]
[0.00654    0.0085553  0.01080965 0.01284714 0.01342697 0.01518525]
[0.00243779 0.01017209 0.01138651 0.0118389  0.01539174 0.01602191]
[0.00988123 0.01358853 0.01401781 0.01415575 0.01543141 0.01551413]
[0.00865757 0.00883259 0.01035864 0.01105108 0.01128594 0.0112975 ]
[0.01368345 0.01585317 0.0164018  0.01667726 0.01677867 0.01964884]
[0.0082923  0.0117307  0.01232085 0.01386424 0.01490326 0.0170826 ]
[0.00849478 0.01065018 0.01346122 0.01413977 0.01423409 0.01445609]
[0.00699195 0.00980952 0.01416948 0.01535191 0.0159746  0.01626198]
[0.01031876 0.01106388 0.01167715 0.01190362 0.01282405 0.0134605 ]
[0.00803351 0.00862    0.01575581 0.01675328 0.01689188 0.01722582]
[0.0074478  0.01283759 0.01285995 0.01318662 0.01462753 0.01814807]
[0.01338053 0.01401036 0.01608762 0.01626372 0.01644882 0.01754875]
[0.00775684 0.01061248 0.0107827  0.01545246 0.01572583 0.01708141]
[0.00737796 0.00836824 0.00905032 0.01130045 0.0134464  0.01427651]
[0.00423382 0.00541339 0.01104252 0.01144446 0.01331676 0.01338851]
[0.0093128  0.01095998 0.01097401 0.01108512 0.01109306 0.01281827]
[0.00579274 0.00856285 0.01327419 0.01344824 0.01547827 0.01597968]
[0.01158649 0.01436153 0.01455814 0.01543037 0.01684557 0.01702964]
[0.00874159 0.01450288 0.01483474 0.01613071 0.01680881 0.01691466]
[0.00455224 0.00673264 0.01114627 0.01273649 0.01361353 0.01426829]
[0.00407916 0.00854293 0.00882096 0.00916497 0.00992356 0.01018554]
[0.00421153 0.00613824 0.01192353 0.01342027 0.01346003 0.01401748]
[0.00601918 0.00725035 0.00940347 0.01008456 0.01118284 0.01175294]
[0.00205725 0.01082782 0.01149876 0.01396818 0.01425168 0.01734732]
[0.00586586 0.00657107 0.006637   0.00988918 0.01180596 0.01331395]
[0.00750417 0.00761745 0.00859295 0.01256836 0.01394253 0.01418092]
[0.00239483 0.00301045 0.00643638 0.00705605 0.00750666 0.01003014]
[0.00313033 0.00363179 0.00816434 0.00870247 0.01008365 0.01214238]
[0.00893766 0.00965777 0.01113148 0.01181811 0.01241591 0.01361861]
[0.00734573 0.00795465 0.00822345 0.0093785  0.01033373 0.01343237]
[0.00600348 0.00804145 0.00823134 0.01107362 0.01223051 0.01257008]
[0.00580388 0.00985723 0.01295474 0.01320634 0.01695396 0.01712965]
[0.00134062 0.00616533 0.01125453 0.01233228 0.01392826 0.0139947 ]
[0.00749894 0.00970645 0.01152586 0.01274627 0.01595749 0.01667465]
[0.00918603 0.01180393 0.01494876 0.01505759 0.01552703 0.0155823 ]
[0.00598679 0.00710046 0.00827372 0.00848624 0.00916901 0.01038271]
[0.00170786 0.00371029 0.00619435 0.00864599 0.01048599 0.01098604]
[0.00870729 0.00871985 0.01065776 0.01122374 0.01494547 0.01582603]
[0.00984956 0.00989865 0.01252022 0.01282332 0.01360231 0.01468992]
[0.00791157 0.01009092 0.01149469 0.01208715 0.01246803 0.01292072]
[0.00637162 0.00889813 0.00913873 0.01110149 0.01225462 0.01256501]
[0.00576933 0.01207737 0.01296402 0.01354609 0.01456787 0.0149196 ]
[0.00321248 0.00473883 0.00609542 0.00978898 0.01211493 0.01228501]
[0.00189927 0.0026803  0.00270266 0.0042411  0.00441861 0.00757142]
[0.00564361 0.00713332 0.00730924 0.00947037 0.01008373 0.01189286]
[0.00275777 0.00488392 0.00700783 0.00927853 0.01258258 0.01502602]
[0.00188735 0.00353122 0.00596421 0.00663616 0.00835485 0.00984817]
[0.00596737 0.00674305 0.008637   0.0108655  0.01283445 0.01348943]
[0.00472194 0.00542564 0.0058277  0.00609091 0.00737735 0.01001558]
[0.00646079 0.01092297 0.01096147 0.01104002 0.01296665 0.01348523]
[0.00477679 0.00610707 0.00845791 0.01180152 0.01225842 0.0132957 ]
[0.00222875 0.00455309 0.00721878 0.00731166 0.00757892 0.00803245]
[0.00385717 0.00554623 0.00851975 0.01009017 0.01052545 0.01555463]
[0.00332934 0.00906799 0.00990765 0.01184305 0.01380264 0.01426271]
[0.00298331 0.00393064 0.00941715 0.01529434 0.01589218 0.01691098]
[0.00203643 0.00482399 0.00967122 0.01227173 0.01431221 0.01597535]
[0.00794955 0.00931707 0.0102365  0.01118417 0.01193957 0.01314294]
[0.0078179  0.00795689 0.00808801 0.00909991 0.01061118 0.01256495]
[0.00827748 0.01152494 0.01237096 0.01352264 0.01358491 0.01546816]
[0.00164648 0.0086717  0.00916965 0.01096454 0.01144809 0.01381732]
[0.00811437 0.00900328 0.00904016 0.01048201 0.01126176 0.01141529]
[0.00751977 0.01071228 0.01247793 0.01440236 0.01489624 0.01738242]
[0.00516883 0.00719285 0.00744438 0.0082367  0.00938511 0.00984823]
[0.00231141 0.00343469 0.00345309 0.00356079 0.00367039 0.00369999]
[0.00205544 0.00275602 0.0034663  0.00520533 0.00611843 0.00688731]
[0.00485084 0.0084534  0.0089939  0.01137307 0.01145411 0.01147501]
[0.00624523 0.00917653 0.00944428 0.01020659 0.0108485  0.01114846]
[0.00209402 0.00509424 0.00690753 0.00826594 0.00862777 0.00885868]
[0.00222717 0.00481672 0.00643183 0.0070384  0.00760476 0.00867354]
[0.00346656 0.00417609 0.00833412 0.00860911 0.00870818 0.00951243]
[0.0017466  0.00324297 0.00344466 0.00595731 0.00871435 0.00995611]
[0.00208839 0.00374843 0.00522443 0.00524039 0.00535884 0.00765479]
[0.00583246 0.00729164 0.00973474 0.01002416 0.01009581 0.01013651]
[0.00458488 0.0067854  0.00789495 0.01137074 0.01160068 0.01200992]
[0.00309157 0.004128   0.00569289 0.00645659 0.00806605 0.00820191]
[0.00725192 0.00824075 0.00837599 0.00839933 0.00897236 0.00992537]
[0.00587066 0.00729176 0.00757629 0.00863633 0.00933578 0.00938921]
[0.00334877 0.0058931  0.00609158 0.00635593 0.00639384 0.00725987]
[0.00400868 0.00564701 0.00599001 0.00639635 0.0069578  0.00700376]
[0.00837342 0.00865469 0.00882437 0.0113638  0.01198632 0.01211539]
[0.00895882 0.00915172 0.00952703 0.00972293 0.01097295 0.01211354]
[0.00237682 0.00671467 0.00737473 0.00844177 0.00925695 0.0095753 ]
[0.00789578 0.01035736 0.01077231 0.01200738 0.01251771 0.01309362]
[0.0084317  0.01065854 0.01278461 0.01310593 0.01461939 0.01543775]
[0.00646257 0.00671121 0.00835034 0.00908099 0.00939114 0.0100726 ]
[0.00523163 0.00585261 0.00824165 0.00871491 0.01094838 0.011322  ]
[0.00670795 0.00725893 0.00779141 0.00910423 0.00930819 0.01073361]
[0.00463321 0.00611932 0.00654646 0.00832191 0.00909483 0.01011984]
[0.00668639 0.00778722 0.00840022 0.00920643 0.01155164 0.01174732]
[0.00620442 0.0085292  0.00869292 0.01012022 0.01086382 0.01087967]
[0.00301981 0.00599648 0.00647502 0.00674198 0.00763642 0.00966992]
[0.00757236 0.00762585 0.0079704  0.00806641 0.00906427 0.0093884 ]
[0.00445909 0.00546856 0.00571098 0.00670262 0.00701555 0.00793303]
[0.00873798 0.01114731 0.01202421 0.01262363 0.01419171 0.01470373]
[0.00536098 0.00843888 0.01122206 0.01182933 0.01263785 0.01464354]
[0.00334424 0.00799109 0.00924458 0.01008572 0.01061714 0.01267177]
[0.00659064 0.00736509 0.00811321 0.00856105 0.01010082 0.0111497 ]
[0.00640098 0.00934181 0.01065777 0.01092033 0.01297911 0.01393039]
[0.00378381 0.00461836 0.00483713 0.00714077 0.008176   0.00871076]
[0.00482272 0.00656091 0.00722345 0.00785891 0.00797226 0.00905368]
[0.00597803 0.00811972 0.00879185 0.00928112 0.01120967 0.01322275]
[0.00516165 0.00517953 0.00782482 0.00959796 0.00975634 0.01250522]
[0.00283989 0.0045742  0.0069359  0.00831261 0.00935139 0.01265211]
[0.00614878 0.00908288 0.01217203 0.01382145 0.01426628 0.01464698]
[0.00580099 0.00639575 0.01114856 0.01179933 0.01484089 0.01537241]
[0.00756447 0.00806376 0.01126008 0.01156363 0.0117244  0.01419989]
[0.00632533 0.00710029 0.00892833 0.00944272 0.01050256 0.01345446]
[0.00539133 0.00718094 0.01076954 0.01163737 0.01201228 0.01298728]
[0.00256901 0.00584515 0.01494116 0.01591537 0.0163871  0.01644123]
[0.00503994 0.00864836 0.00908435 0.01031622 0.0121726  0.01365203]
[0.00564215 0.00772806 0.00810574 0.00919813 0.00970598 0.0106686 ]
[0.00186582 0.00801649 0.01173831 0.01289999 0.01668896 0.01835435]
[0.00590457 0.00749609 0.00904148 0.00991535 0.01326749 0.01371736]
[0.00719423 0.00742397 0.00765517 0.00817781 0.00958814 0.01199192]
[0.00753699 0.00837289 0.00954223 0.01027841 0.01175426 0.01188165]
[0.00255664 0.00435909 0.00436569 0.00469658 0.00554248 0.00833193]
[0.00515331 0.00599943 0.00678918 0.00761053 0.0083762  0.0086063 ]
[0.00339756 0.00381521 0.00472532 0.0075832  0.00916889 0.00937481]
[0.0032487  0.00441847 0.00516171 0.0080061  0.00803903 0.00893515]
[0.00423385 0.00453042 0.00559554 0.00840648 0.00968584 0.0097793 ]
[0.0021653  0.00241271 0.00572428 0.00680891 0.0068217  0.006928  ]
[0.0043058  0.00764366 0.00791942 0.01042154 0.01099497 0.01201384]
[0.003102   0.00762244 0.00823318 0.00965834 0.01059839 0.01193212]
[0.00464865 0.0067129  0.00714989 0.00955221 0.00968492 0.0105654 ]
[0.00646686 0.01028345 0.01032354 0.01100135 0.01178011 0.0119149 ]
[0.01407805 0.01449451 0.01888503 0.01900768 0.01933681 0.01974989]
[0.00821918 0.01064447 0.01140861 0.01441579 0.01446825 0.01560931]
[0.00843633 0.00885133 0.01094447 0.01207432 0.01302496 0.01328175]
[0.00741434 0.00765497 0.0086621  0.00875338 0.00930151 0.00933555]
[0.00759934 0.00920788 0.00980705 0.01066009 0.01068922 0.01092405]
[0.00731635 0.00774734 0.0089029  0.00987682 0.01155022 0.01338519]
[0.00761639 0.0111066  0.01160386 0.01179372 0.01219007 0.01370345]
[0.00731632 0.01005015 0.01111761 0.01122207 0.01299253 0.01515011]
[0.00949036 0.0102759  0.01168347 0.0126582  0.01336925 0.01617914]
[0.0049983  0.00599558 0.00717341 0.00805891 0.00868587 0.01174225]
[0.0064953  0.00679301 0.00952436 0.01163755 0.01197336 0.0126347 ]
[0.00734802 0.01249315 0.01255841 0.01297283 0.01308646 0.01359673]
[0.0081808  0.00962591 0.01000918 0.0118619  0.01275949 0.01511231]
[0.00443948 0.00500934 0.00777727 0.01006564 0.01116549 0.01185263]
[0.00674193 0.00820612 0.00822697 0.0099995  0.01066469 0.01217285]
[0.0016768  0.00692325 0.0074955  0.01016958 0.01195906 0.01289777]
[0.00242103 0.00242717 0.0048439  0.00508604 0.0079796  0.00805955]
[0.0033858  0.00385623 0.00618763 0.00715577 0.00872519 0.00969476]
[0.00131255 0.00856323 0.01002641 0.01023088 0.01209356 0.01224414]
[0.0086278  0.01096697 0.01139847 0.01573869 0.01662877 0.01899773]
[0.00698667 0.00716854 0.00756009 0.00962545 0.01193203 0.01326908]
[0.00513076 0.01282234 0.01382429 0.01560631 0.01583327 0.01638973]
[0.0038104  0.00414452 0.0047081  0.00521583 0.00596479 0.00822019]
[0.00284992 0.00503743 0.00541145 0.00627786 0.00696064 0.00727632]
[0.0032478  0.00326223 0.00598317 0.0068474  0.00715542 0.00741429]
[0.00615741 0.00677449 0.00830269 0.00915464 0.00948772 0.00970714]
[0.00261406 0.0033787  0.00509042 0.00525215 0.00679545 0.00709934]
[0.00143997 0.00570396 0.00682996 0.00734074 0.00913193 0.0097664 ]
[0.01297909 0.01498719 0.01519237 0.01572208 0.01688049 0.01726959]
[0.00269999 0.00534026 0.00856198 0.00903413 0.011456   0.01236646]
[0.00071297 0.00478702 0.00855486 0.00873646 0.00903729 0.0106324 ]
[0.00208569 0.00738524 0.00814417 0.00836489 0.00976289 0.0102067 ]
[0.00649103 0.01122452 0.01164847 0.01262089 0.01403211 0.01441175]
[0.00371169 0.0047806  0.00945085 0.01230199 0.01247277 0.01382678]
[0.00736747 0.0096353  0.01120582 0.012282   0.01419227 0.01422012]
[0.00739691 0.0083264  0.00848786 0.00906405 0.01032622 0.01077155]
[0.00570802 0.00913007 0.01090833 0.01372574 0.01618907 0.01647973]
[0.00336493 0.00395544 0.00675868 0.00803756 0.00847475 0.00937315]
[0.00844842 0.00996126 0.0102313  0.01112854 0.01304619 0.01310255]
[0.00330898 0.00408126 0.00441082 0.00474205 0.00549719 0.00611176]
[0.00302952 0.00344766 0.0056878  0.00958117 0.01010182 0.0101856 ]
[0.00644359 0.0064755  0.00937414 0.01100632 0.01169306 0.01326297]
[0.00291364 0.00341686 0.00457853 0.00516829 0.00566876 0.00660029]
[0.00354099 0.00725036 0.00847721 0.00918997 0.01064456 0.01111564]
[0.00611355 0.00714735 0.00743277 0.00749262 0.00982871 0.01101528]
[0.00677839 0.0103333  0.01154624 0.01240757 0.01259077 0.01261818]
[0.0054687  0.01065054 0.01090679 0.01214323 0.01445972 0.01535461]
[0.00867284 0.01002959 0.01048774 0.01138728 0.01227959 0.01280371]
[0.00703716 0.00856378 0.01027557 0.01125802 0.01299251 0.01389555]
[0.00487026 0.00992479 0.01079495 0.01091954 0.01270726 0.01587692]
[0.00240925 0.00588966 0.00811017 0.00931778 0.00953417 0.01126927]
[0.00730435 0.00807567 0.01197204 0.01266692 0.01272344 0.01309737]
[0.00613939 0.00928548 0.01024718 0.01077093 0.01133454 0.01248021]
[0.00419489 0.00507618 0.0080466  0.00869732 0.01193805 0.0125062 ]
[0.00763187 0.00804912 0.00870697 0.01244095 0.01277728 0.01305568]
[0.00837468 0.01289877 0.01310244 0.01380445 0.01524805 0.01718379]
[0.00712122 0.00724384 0.011597   0.01193748 0.01195644 0.01278356]
[0.00304351 0.00363151 0.01032355 0.01134878 0.01178482 0.01293536]
[0.00466069 0.00942695 0.01146625 0.01200283 0.01202069 0.01277025]
[0.00496145 0.0064012  0.00996567 0.01003966 0.01130811 0.01366593]
[0.00432428 0.00532909 0.00565544 0.00643446 0.00676187 0.00735828]
[0.00441551 0.00599768 0.00618134 0.00808489 0.01015389 0.01095694]
[0.00902469 0.01340779 0.01343368 0.01452012 0.01792027 0.01818458]
[0.01335643 0.01570176 0.01571952 0.01590877 0.01601301 0.0165185 ]
[0.00561256 0.00625456 0.00732138 0.00955706 0.01109555 0.01186234]
[0.00440025 0.00517761 0.00753048 0.00963128 0.01169492 0.01182833]
[0.00665295 0.00714953 0.00800671 0.0093104  0.01226388 0.01270995]
[0.01129779 0.01192022 0.01303043 0.01332848 0.01377605 0.0144054 ]
[0.01599198 0.01600534 0.01752511 0.02105711 0.02259796 0.02297296]
[0.01648162 0.02022559 0.02055279 0.02202256 0.0235591  0.02434821]
[0.00555959 0.01190796 0.01270315 0.01371229 0.01640759 0.01650714]
[0.01117696 0.01532494 0.01562811 0.01651668 0.01679999 0.01877176]
[0.0100239  0.01119018 0.01792129 0.01812064 0.01821047 0.01854479]
[0.01402224 0.01575468 0.01809157 0.01988781 0.02236922 0.02258815]
[0.01480597 0.01862703 0.01988436 0.02078358 0.02380011 0.0255223 ]
[0.00625835 0.01560811 0.02200892 0.02251209 0.02446371 0.02492229]
[0.01059647 0.01134663 0.01163651 0.01430552 0.01815083 0.01947061]
[0.00896333 0.01101181 0.0148854  0.01538157 0.01645061 0.01891078]
[0.01182112 0.01586298 0.0199022  0.0213571  0.02289661 0.02327407]
[0.01471602 0.01538868 0.01622212 0.02022616 0.02041478 0.02104229]
[0.00777581 0.01869226 0.02247281 0.02346893 0.02638126 0.02657662]
[0.00659407 0.01115177 0.01697104 0.02008705 0.02034179 0.02231924]
[0.01503424 0.01535086 0.01543298 0.01654696 0.01668031 0.01747395]
[0.01383348 0.0189703  0.02184788 0.02225965 0.02238206 0.02294855]
[0.00765275 0.01392341 0.01742006 0.01752099 0.01769384 0.01827817]
[0.01861033 0.01937278 0.0227709  0.02535833 0.02576223 0.02680557]
[0.01010335 0.01528375 0.01830955 0.018339   0.0207743  0.02419831]
[0.01888033 0.0201186  0.02103683 0.0238516  0.0249491  0.02566547]
[0.00864433 0.01505123 0.02250241 0.02379595 0.02510444 0.0264279 ]
[0.01060204 0.01154062 0.01476334 0.0168817  0.01826834 0.01905216]
[0.01355807 0.0138903  0.01474977 0.01731698 0.01738726 0.01880991]
[0.01495622 0.01567384 0.0161504  0.01666909 0.01702884 0.01729833]
[0.00882968 0.0092567  0.0109586  0.01176961 0.0124584  0.01720846]
[0.00792687 0.00879342 0.00979291 0.01168456 0.01351158 0.0140535 ]
[0.00592371 0.00833417 0.00866507 0.01117621 0.01208033 0.01228959]
None
[0.00573274 0.00604756 0.01020053 0.01172774 0.01268936 0.01495799]
[0.00665744 0.00721402 0.00816744 0.00869004 0.00938739 0.01040282]
[0.0049775  0.00529207 0.0061296  0.00977287 0.01123932 0.01208776]
[0.00611926 0.00926809 0.0110954  0.01243452 0.01470772 0.01540378]
[0.00460299 0.00611499 0.00757077 0.01134185 0.01192172 0.01203124]
[0.0030152  0.01157744 0.01180927 0.01390336 0.01529012 0.01606196]
[0.00974271 0.01009728 0.01017424 0.01125926 0.01322625 0.01340208]
[0.01305184 0.0140326  0.01446292 0.01626419 0.01867385 0.01901622]
[0.00903044 0.01464975 0.01617432 0.01689613 0.01783375 0.01872028]
[0.01416081 0.01579678 0.01966745 0.01991048 0.02034502 0.02104784]
[0.01353611 0.01523308 0.0152872  0.0164375  0.01901598 0.02024864]
[0.0062629  0.00778955 0.0114951  0.01201608 0.01243486 0.01300287]
[0.01218156 0.01567608 0.01620681 0.01780686 0.01825551 0.01914097]
[0.01387023 0.01427599 0.01769188 0.01785493 0.01840231 0.01864401]
[0.01310906 0.01334573 0.01346144 0.01525532 0.01594594 0.01606379]
[0.00512303 0.01187782 0.01224391 0.01703356 0.017923   0.01993635]
[0.01986854 0.02008565 0.02152226 0.02156461 0.02197183 0.02207932]
[0.00800324 0.00983501 0.01117147 0.01226179 0.01341693 0.01351288]
[0.01066573 0.01219118 0.01249938 0.01351529 0.01466188 0.01627035]
[0.01190971 0.01634143 0.01715407 0.01779632 0.0185968  0.01876755]
[0.00885163 0.00969089 0.0148212  0.01798636 0.02166248 0.0230642 ]
[0.00794161 0.0116684  0.01377011 0.01455024 0.01520902 0.0155899 ]
[0.0069987  0.00709181 0.01195205 0.01467409 0.01643281 0.01827879]
[0.00644824 0.00676979 0.00899483 0.00925342 0.01402058 0.01666449]
[0.00354241 0.00822989 0.01118746 0.01548457 0.01649572 0.01684973]
[0.00669232 0.01011971 0.01286625 0.01309788 0.01335403 0.01350784]
[0.01449306 0.01500177 0.01519044 0.01528971 0.01617574 0.01710689]
[0.00961497 0.01015026 0.01065258 0.01434694 0.01522783 0.01627898]
[0.01112237 0.01212442 0.01368974 0.01556147 0.0171379  0.01736024]
[0.00540186 0.01021408 0.01238771 0.01585858 0.01760589 0.01811651]
[0.0107392  0.01880872 0.0190882  0.0207307  0.02080585 0.02147243]
[0.00663059 0.00738853 0.01300643 0.0151275  0.01772897 0.01810259]
[0.00943701 0.01056114 0.01125791 0.01305625 0.01318962 0.01379745]
[0.00736061 0.00827327 0.01063687 0.0135964  0.01463377 0.0151182 ]
[0.00751051 0.00916221 0.01322126 0.01355399 0.01549679 0.01685834]
[0.01041824 0.01562564 0.01631077 0.01848826 0.01876743 0.01938229]
[0.00574018 0.00947475 0.01097995 0.01842107 0.01954595 0.01972083]
[0.00496564 0.01222297 0.01649363 0.02077829 0.02118321 0.02232389]
[0.00919503 0.00979074 0.01298625 0.0134781  0.01422408 0.01588107]
[0.00423329 0.00932735 0.01064316 0.01320852 0.0133394  0.01420837]
[0.00465462 0.00627449 0.00659007 0.00942529 0.01032046 0.01249463]
[0.00903688 0.01426307 0.01432454 0.01734231 0.0182091  0.01830999]
[0.01077596 0.01366787 0.02098232 0.02170421 0.02351945 0.02478131]
[0.0110983  0.01606061 0.01739589 0.0182461  0.01896372 0.01913011]
[0.00548385 0.01210247 0.01456921 0.01582116 0.01616491 0.01665007]
[0.007308   0.00948269 0.01230758 0.01397327 0.01521156 0.01538872]
[0.00974479 0.01061352 0.011001   0.01269193 0.01296941 0.013763  ]
[0.01061968 0.01077562 0.01150915 0.012951   0.01543902 0.01705633]
[0.00723899 0.00756537 0.01377228 0.01552477 0.01617551 0.01647131]
[0.00801303 0.00834627 0.01238631 0.01249013 0.01301646 0.01465826]
[0.00700579 0.01761777 0.01877316 0.01879998 0.02003118 0.02141039]
[0.00922997 0.0135423  0.01702146 0.01748433 0.02041004 0.02058204]
[0.0101782  0.01421367 0.01638237 0.01718496 0.01761095 0.01788918]
[0.00451084 0.00538548 0.01126377 0.01299498 0.01498659 0.01516566]
[0.01372721 0.0167908  0.01707261 0.02081823 0.02171765 0.0218205 ]
[0.01394775 0.01451666 0.01495664 0.01546732 0.01734654 0.01989505]
[0.01943381 0.0214601  0.02315114 0.02319891 0.02415449 0.02690265]
[0.00783511 0.01222664 0.01627757 0.02389979 0.02517411 0.02528991]
[0.01433572 0.01841476 0.01928559 0.01977604 0.02006573 0.02029381]
[0.00902565 0.00952043 0.01161828 0.01369949 0.016017   0.01836291]
[0.0010222  0.00566018 0.01014905 0.0109707  0.01300168 0.01595632]
[0.00493473 0.01046214 0.01149941 0.01726616 0.02012875 0.02088837]
[0.00163188 0.00461215 0.00674863 0.0105549  0.01317237 0.01388469]
[0.00684682 0.00832889 0.00960957 0.01119419 0.01205822 0.0144251 ]
[0.00674105 0.01370093 0.01401215 0.01458657 0.01703288 0.01783338]
[0.00713563 0.01181094 0.01186267 0.01492819 0.01782524 0.01862566]
[0.01336028 0.01361708 0.01624785 0.01838067 0.01848495 0.01970437]
[0.0049271  0.00804765 0.00955229 0.00981041 0.01033008 0.01086278]
[0.01073792 0.01359379 0.01425163 0.01695789 0.0178071  0.01786902]
[0.00620601 0.01166394 0.01538676 0.01617435 0.01887605 0.01910256]
[0.00716345 0.01297931 0.01398829 0.01510927 0.0172023  0.01790603]
[0.0041212  0.00802834 0.00838097 0.01401529 0.01806089 0.02086987]
[0.01278353 0.01304442 0.01473764 0.01558167 0.01752957 0.01863185]
[0.004577   0.01047515 0.01099344 0.01121892 0.01126768 0.01447829]
[0.00842698 0.0090276  0.01148126 0.01322907 0.01364639 0.01508984]
[0.00422791 0.00461529 0.00916505 0.01084082 0.01134502 0.01219696]
[0.00650731 0.00958692 0.01061594 0.01325398 0.01508855 0.01828112]
[0.00407391 0.00521562 0.00751162 0.00934488 0.01014807 0.01438424]
[0.00821709 0.01208913 0.01262753 0.01303572 0.01376841 0.01499566]
[0.00979857 0.01084781 0.01133969 0.0142571  0.01451781 0.01902756]
[0.00257592 0.00607028 0.01100433 0.01154371 0.01245349 0.01294929]
[0.00367756 0.01018452 0.01154076 0.01194543 0.01256561 0.01303601]
[0.00897851 0.00965194 0.01199634 0.01253599 0.01413872 0.01520405]
[0.00747537 0.01235718 0.01513937 0.01540564 0.01689142 0.01724527]
[0.0084851  0.00868109 0.00936458 0.01079663 0.01223437 0.0137938 ]
[0.00637174 0.00872271 0.01223466 0.01618461 0.02090219 0.02337366]
[0.00339672 0.0083899  0.01466934 0.01469489 0.0158118  0.01583234]
[0.01135347 0.01285766 0.01355643 0.01396384 0.01406315 0.0153943 ]
[0.00739526 0.0083755  0.01053633 0.01307403 0.01344189 0.01391327]
[0.00170582 0.00784082 0.00921987 0.01113927 0.01142065 0.01444112]
[0.00478752 0.00858169 0.01009839 0.01350729 0.01434264 0.01448472]
[0.00151527 0.0081254  0.00825151 0.01086113 0.01101351 0.01234915]
[0.00621344 0.00719585 0.00867822 0.00981718 0.01114443 0.01126184]
[0.00713592 0.00805858 0.00847523 0.00918996 0.01075957 0.01118699]
[0.00238508 0.00428304 0.0049331  0.00757844 0.00860235 0.00931439]
[0.00300224 0.00403761 0.00428707 0.00516508 0.00669008 0.00722934]
[0.00329692 0.00869428 0.01028594 0.01334781 0.01452593 0.01681833]
[0.00233583 0.01239033 0.01392867 0.01409473 0.01457665 0.01477485]
[0.0079583  0.00875816 0.0093518  0.01061199 0.01119478 0.01292523]
[0.00670061 0.01105642 0.01220611 0.01232192 0.0134605  0.01492915]
[0.00721897 0.00790688 0.01051816 0.01059194 0.01117764 0.01236974]
[0.00499775 0.00750063 0.00755318 0.0075696  0.00783031 0.00796289]
[0.00484722 0.00686957 0.00798282 0.00808008 0.00811237 0.00930722]
[0.00662494 0.00681776 0.00831056 0.0100707  0.01360177 0.01364235]
[0.00467989 0.00933972 0.01012204 0.01147943 0.01321431 0.01449754]
[0.00843736 0.0087131  0.01037279 0.01218982 0.01326454 0.01408106]
[0.00269206 0.00561098 0.00603914 0.00671402 0.0069745  0.00740561]
[0.00466718 0.00482657 0.00696157 0.00702929 0.00779565 0.01054857]
[0.01165601 0.01375015 0.01418865 0.01501052 0.01568452 0.01622857]
[0.00549007 0.00571955 0.00802732 0.01249687 0.01267475 0.01295416]
[0.00498659 0.00954901 0.01061128 0.01305207 0.01392622 0.01491396]
[0.00900779 0.00998684 0.01067753 0.01353029 0.01397333 0.01401935]
[0.00637967 0.00679094 0.00722719 0.00766185 0.00776911 0.00876235]
[0.00511078 0.00705212 0.00756441 0.00920326 0.0102191  0.01341812]
[0.00730673 0.00853898 0.00944074 0.01077654 0.01407289 0.01460228]
[0.00956786 0.01048024 0.01214835 0.01274717 0.01339473 0.01504581]
[0.00491696 0.00523688 0.00802632 0.00929054 0.0093882  0.00943039]
[0.0071418  0.00747178 0.00775775 0.00830216 0.0086882  0.01313427]
[0.00544936 0.01028433 0.01069017 0.01104875 0.01225651 0.01400109]
[0.00546351 0.00740758 0.00825063 0.00998993 0.01028442 0.01210853]
[0.0061129  0.00646725 0.00821232 0.00979108 0.00982163 0.01000968]
[0.0049411  0.00620419 0.00735616 0.00758862 0.00816106 0.00844182]
[0.00465874 0.00706082 0.01122587 0.01199522 0.01318503 0.01361544]
[0.0023882  0.0025649  0.00274894 0.00580442 0.0076511  0.01121316]
[0.01007175 0.01287546 0.01355947 0.01519078 0.01537148 0.01539852]
[0.01123328 0.01293513 0.01406835 0.01407904 0.01815093 0.01841385]
[0.0047931  0.00825746 0.00876896 0.01141337 0.01185808 0.01309359]
[0.00659127 0.01146157 0.01482453 0.01493625 0.01534915 0.01626539]
