[0.00327756 0.00561211 0.00690027 0.00787602 0.0092778  0.01132959]
[0.0131149  0.01311733 0.01531338 0.01670929 0.01762513 0.01879826]
[0.00462626 0.01349298 0.01407041 0.01483759 0.01556527 0.01575962]
[0.00938829 0.01054369 0.01124333 0.01368042 0.01405932 0.01409277]
[0.00101879 0.00449657 0.00601783 0.00621027 0.00746297 0.00912629]
[0.00744235 0.00967936 0.01497799 0.0155382  0.01613524 0.01665331]
[0.01212592 0.01338624 0.01480566 0.01493191 0.01621822 0.01661104]
[0.00859938 0.01007495 0.01053624 0.01326072 0.01545831 0.01710161]
[0.00298064 0.00554317 0.01079065 0.01255412 0.01676151 0.02100745]
[0.01162176 0.01461877 0.0156058  0.01864485 0.01934587 0.01979557]
[0.00693223 0.01053221 0.01071895 0.01306771 0.01713394 0.01821324]
[0.00560722 0.008858   0.01156591 0.01167863 0.01238112 0.01381339]
[0.00503646 0.00752028 0.00953291 0.01245766 0.01526394 0.01613298]
[0.00537017 0.00926207 0.0116893  0.01292807 0.01331832 0.01448011]
[0.0102232  0.01066335 0.01244942 0.01363413 0.01523999 0.01669345]
[0.00601387 0.0113447  0.01224366 0.01880893 0.01887532 0.01893748]
[0.0057117  0.00765184 0.01063754 0.01313026 0.01321375 0.01361615]
[0.01008012 0.01027446 0.01132903 0.01468132 0.01531423 0.01599191]
[0.01228065 0.01314527 0.01354846 0.0136291  0.01367993 0.01418541]
[0.00788972 0.01064978 0.01195688 0.01394431 0.01586159 0.01604929]
[0.00582928 0.01286089 0.01612858 0.01633323 0.01644601 0.01857535]
[0.01096811 0.01417862 0.01454417 0.01503798 0.01535937 0.0156147 ]
[0.00313833 0.00541434 0.00652864 0.00999803 0.01226425 0.0143565 ]
[0.01110229 0.01536865 0.01605912 0.01804425 0.01857229 0.02031707]
[0.01126545 0.01131666 0.01170095 0.01574142 0.01665542 0.0178368 ]
[0.00982148 0.01024181 0.0102981  0.01186764 0.01232379 0.0123387 ]
[0.00793879 0.00864864 0.00902063 0.01140082 0.01280698 0.01616436]
[0.00475338 0.01051057 0.01252415 0.01520022 0.01608586 0.01749647]
[0.00751185 0.01119763 0.01151309 0.01368246 0.01371911 0.013877  ]
[0.00820568 0.01030258 0.01494587 0.0167275  0.01685045 0.01688249]
[0.00936653 0.01126195 0.01301793 0.01430427 0.01621233 0.01662352]
[0.01275091 0.01293574 0.01320538 0.01320751 0.01339431 0.01363215]
[0.00645321 0.00923066 0.00937125 0.00952681 0.01012665 0.01156306]
[0.0103383  0.01078988 0.01132259 0.01154129 0.01337874 0.01421121]
[0.00992437 0.01216982 0.01638339 0.01915144 0.01994227 0.02006211]
[0.01202023 0.0130261  0.01325247 0.01587659 0.01679186 0.0184855 ]
[0.00377111 0.00720526 0.01124336 0.01216672 0.0122582  0.01232133]
[0.00707279 0.00851601 0.01214417 0.01296075 0.01364705 0.01515595]
[0.00966545 0.01069263 0.01296372 0.01314142 0.01393083 0.01402755]
[0.00466946 0.00671197 0.00816615 0.00826926 0.0138359  0.01407592]
[0.00429228 0.00822278 0.01102322 0.01428029 0.01457859 0.01547871]
[0.01085357 0.0115075  0.01207974 0.01579287 0.01646607 0.01653915]
[0.00585862 0.01444377 0.01856618 0.01873108 0.01891395 0.02014044]
[0.00113245 0.00493434 0.01105974 0.01179223 0.01755282 0.01839175]
[0.0045505  0.00657081 0.00722691 0.01024834 0.01125453 0.01378163]
[0.00507844 0.01332162 0.01393062 0.01524861 0.01638726 0.01793935]
[0.00137414 0.00735226 0.0077861  0.00840269 0.00945501 0.00952367]
[0.00665311 0.00754456 0.00801017 0.00856958 0.00880218 0.00941686]
[0.00544765 0.01017744 0.01235993 0.01286138 0.0143882  0.01458352]
[0.0084603  0.01130331 0.01416004 0.01805637 0.01863218 0.02054757]
[0.00660187 0.00825189 0.01002618 0.0104329  0.01057322 0.01194768]
[0.00726837 0.01259089 0.01318678 0.01361065 0.01380224 0.01418139]
[0.00148399 0.00395385 0.00493879 0.00597474 0.00670675 0.00791759]
[0.00571381 0.00664102 0.01003174 0.01070408 0.01182238 0.01283548]
[0.00392569 0.00430976 0.00748112 0.00900806 0.00901259 0.01070971]
[0.00539194 0.00550164 0.00904518 0.01058423 0.01108988 0.01282642]
[0.00297218 0.00596315 0.01053925 0.01193038 0.01236347 0.01635889]
[0.00146148 0.00676853 0.0080761  0.00969369 0.0152802  0.01626723]
[0.01431676 0.01453458 0.01519447 0.01701334 0.01890181 0.02082494]
[0.0121458  0.01236228 0.01273402 0.01323148 0.0141869  0.01519081]
[0.00657402 0.00758969 0.00780133 0.00808742 0.01038828 0.01081393]
[0.00110121 0.00331369 0.00543445 0.00570742 0.01037307 0.01040308]
[0.00486199 0.01213552 0.01258494 0.01358181 0.01700749 0.01893247]
[0.00352295 0.00603188 0.0089804  0.00944314 0.01559462 0.01645386]
[0.00106198 0.00461616 0.00524994 0.0068688  0.00828563 0.01001684]
[0.00819459 0.01157948 0.01298402 0.01662852 0.02022575 0.02054495]
[0.00104188 0.00232595 0.00599906 0.00680532 0.01302951 0.01311398]
[0.00674281 0.00947948 0.01062813 0.0108108  0.01206625 0.01314839]
[0.00226937 0.00767902 0.01002148 0.01121631 0.01309237 0.01446526]
[0.00310658 0.00382722 0.00538148 0.01081069 0.01164227 0.01247143]
[0.00152951 0.00198166 0.0025019  0.00466515 0.00591624 0.00600826]
[0.00488169 0.0064148  0.01226533 0.01537765 0.01549651 0.01611609]
[0.00222612 0.00638248 0.00644912 0.0108314  0.01593585 0.01625061]
[0.00752385 0.01068283 0.01071231 0.01177892 0.01286397 0.01292854]
[0.0063704  0.00728686 0.00830584 0.01141548 0.01157261 0.01220411]
[0.00509407 0.00721939 0.00827303 0.01034818 0.01138212 0.01208704]
[0.00536394 0.00740712 0.00807714 0.01009997 0.01103019 0.01182485]
[0.0073066  0.00814082 0.00887891 0.01232273 0.0128969  0.01448022]
[0.00259894 0.00538596 0.00768052 0.00814071 0.01004749 0.01026317]
[0.00298264 0.00336692 0.00380486 0.00391498 0.00473126 0.00697304]
[0.00298273 0.00351105 0.004249   0.00426052 0.00433625 0.00473085]
[0.00243055 0.0043958  0.00572945 0.00779496 0.00789277 0.00831435]
[0.00806417 0.0096762  0.01055526 0.01114975 0.01184342 0.01209423]
[0.01027241 0.0105579  0.0115588  0.01181355 0.0122318  0.01282325]
[0.00637524 0.00731344 0.01051799 0.01063904 0.01124895 0.0113065 ]
[0.00446615 0.0058554  0.00974962 0.01033114 0.01107362 0.01137708]
[0.00321477 0.00610953 0.00907946 0.01009895 0.01010942 0.01127335]
[0.00624767 0.00690156 0.0070512  0.00768373 0.00936077 0.00952844]
[0.00313664 0.00385359 0.00532044 0.00603669 0.00626177 0.00657913]
[0.00727045 0.00826263 0.00861498 0.009516   0.01002394 0.01037508]
[0.00926455 0.00987269 0.01039388 0.01059814 0.01130605 0.01187841]
[0.00466574 0.00683074 0.00975033 0.01008294 0.01053379 0.01071976]
[0.00188047 0.00593606 0.00990228 0.01072909 0.01257301 0.01279792]
[0.00241978 0.00365291 0.0056192  0.00769341 0.0099795  0.0110831 ]
[0.0018952  0.00456304 0.00509132 0.00594355 0.00733265 0.00816093]
[0.00453834 0.00574058 0.00624486 0.00833705 0.00932737 0.00976713]
[0.00852827 0.00872423 0.00876871 0.00913973 0.01006648 0.01013013]
[0.00355731 0.00786473 0.00906049 0.01227207 0.01242533 0.01255602]
[0.00659838 0.00803746 0.00955461 0.0096398  0.00991466 0.01009967]
[0.00633403 0.00635695 0.00641645 0.00871586 0.00920816 0.00993499]
[0.00339588 0.00357991 0.0048297  0.00771106 0.00990515 0.01166138]
[0.00545772 0.00697211 0.00728123 0.00951377 0.01002198 0.01003625]
[0.00248118 0.00351558 0.00449144 0.00546282 0.00648917 0.00660718]
[0.00585482 0.00598028 0.00664132 0.0086491  0.00882251 0.01182635]
[0.00275624 0.00941852 0.01009898 0.0101414  0.01033528 0.01125916]
[0.00664562 0.00835847 0.00927553 0.01137303 0.011602   0.01262011]
[0.00827581 0.01065268 0.01134388 0.01153981 0.01217059 0.01279706]
[0.00793039 0.00793243 0.00812836 0.00982111 0.01028374 0.01276388]
[0.00385598 0.00546746 0.00819923 0.00827067 0.00835311 0.00844035]
[0.00571539 0.00581537 0.00686312 0.0071901  0.00770249 0.00882957]
[0.00421483 0.00570504 0.00617538 0.00906009 0.0115754  0.01265719]
[0.00504635 0.00816298 0.01092047 0.01255185 0.01374262 0.01470649]
[0.00992268 0.01167668 0.0122925  0.0128249  0.01460041 0.01471709]
[0.00414674 0.00713398 0.00908539 0.01003767 0.01105438 0.01197945]
[0.01123193 0.0128664  0.01338971 0.01450295 0.01506392 0.01620203]
[0.00763182 0.00871326 0.01160408 0.0116796  0.01259347 0.01340473]
[0.00242664 0.00564008 0.00856336 0.00877827 0.00932782 0.00945989]
[0.0096982  0.01296218 0.01362443 0.01376335 0.01413494 0.01444986]
[0.0040131  0.0053024  0.00978381 0.0111443  0.01129122 0.01205022]
[0.00373491 0.00795848 0.0095335  0.01195807 0.01232908 0.01258317]
[0.01023688 0.01073085 0.01182335 0.01396165 0.01413132 0.01537813]
[0.01265282 0.01290239 0.01580506 0.01674284 0.01742932 0.01798991]
[0.0129661  0.01453204 0.01550181 0.01620205 0.01783268 0.01822487]
[0.00645588 0.00757164 0.01165885 0.01317096 0.0133797  0.01375795]
[0.01105955 0.01289339 0.01297999 0.01556026 0.01577172 0.01704722]
[0.00443619 0.01068919 0.01337814 0.0136386  0.01435419 0.01675798]
[0.01180063 0.01464833 0.01473316 0.01584654 0.01591895 0.01705882]
[0.00516806 0.00871698 0.01005842 0.01397364 0.0154154  0.01553472]
[0.00393345 0.0070872  0.00904965 0.01077079 0.0118235  0.01404516]
[0.0089471  0.00972746 0.0097695  0.01129788 0.01219115 0.01237421]
[0.00411845 0.00900939 0.00962343 0.01008676 0.01154823 0.01170207]
[0.00677549 0.0075551  0.00959248 0.00965263 0.01027948 0.01129668]
[0.00464178 0.00466534 0.00486681 0.0066708  0.00902164 0.00992939]
[0.00186919 0.00243573 0.00330127 0.00374003 0.00422898 0.00447032]
[0.00100819 0.00301648 0.00332499 0.00515982 0.00551121 0.00561411]
[0.00459571 0.00463921 0.00660566 0.00684581 0.00693667 0.00825363]
[0.00344971 0.00390935 0.00633529 0.00684299 0.00830589 0.00881225]
[0.0031696  0.00433505 0.00548183 0.00556672 0.00717461 0.00734316]
[0.00656381 0.00687299 0.00712701 0.0078936  0.00844123 0.00915245]
[0.00756439 0.01041564 0.01125198 0.01218066 0.01478607 0.01495642]
[0.00373008 0.00449479 0.00475049 0.0053194  0.0071035  0.0072585 ]
[0.00459078 0.00475439 0.00760398 0.00819627 0.01174861 0.01422019]
[0.00238548 0.00548871 0.00660649 0.00928891 0.0101281  0.01021474]
[0.00307337 0.00519653 0.00644991 0.00663209 0.00665424 0.00699904]
[0.00325981 0.00487937 0.00512483 0.00573131 0.00612409 0.00738012]
[0.00301892 0.00382589 0.00462873 0.00465638 0.00579402 0.00621738]
[0.00327016 0.00341803 0.00616763 0.00767107 0.0077567  0.00876879]
[0.00398637 0.00503288 0.00525508 0.00562387 0.00597586 0.0061392 ]
[0.00425207 0.00630626 0.00670243 0.00803813 0.00994247 0.01011384]
[0.00342459 0.00818838 0.00820426 0.00866126 0.01135968 0.01207602]
[0.00228179 0.00359928 0.00417118 0.00543622 0.00592101 0.00622689]
[0.00544012 0.00829679 0.00932015 0.00961364 0.00974063 0.00976719]
[0.00404658 0.00540226 0.00566801 0.00725286 0.00905432 0.01063715]
[0.00205512 0.00392314 0.00480109 0.00505133 0.00770218 0.00800336]
[0.00593862 0.00668327 0.00798009 0.00922648 0.00958702 0.01121185]
[0.00790211 0.00824002 0.00834416 0.00861789 0.00899429 0.0103138 ]
[0.00311272 0.00753943 0.00869782 0.00926192 0.01017344 0.01027212]
[0.00430236 0.00532067 0.00569477 0.00675383 0.00688774 0.00775842]
[0.00163937 0.00201571 0.00211658 0.00239458 0.0026183  0.00280945]
[0.00014652 0.00043385 0.00359591 0.00399096 0.00464274 0.00525893]
[0.00550371 0.00716015 0.00798973 0.00806377 0.00811084 0.00901816]
[0.00163584 0.00217485 0.00440327 0.00589504 0.00603253 0.00786723]
[0.01029452 0.0113309  0.01190785 0.01286838 0.01404345 0.01410503]
[0.00664047 0.00819536 0.00958793 0.01051461 0.01096232 0.01201169]
[0.00248228 0.00302174 0.00350253 0.00425608 0.00583786 0.0061941 ]
[0.00213517 0.006258   0.00698405 0.00727717 0.00735228 0.00824932]
[0.00557098 0.00670956 0.00697747 0.0073861  0.00769671 0.0081173 ]
[0.00109293 0.0050437  0.00564428 0.00582828 0.00812084 0.01079961]
[0.00300943 0.00512946 0.00550274 0.00627965 0.00749413 0.00926625]
[0.00704081 0.00812173 0.00860622 0.00948684 0.00983374 0.01224064]
[0.00842535 0.00934943 0.01030229 0.01300662 0.01330249 0.01339712]
[0.0092174  0.0102433  0.01053193 0.01108758 0.01110539 0.01214998]
[0.00414117 0.00781798 0.00849447 0.00895494 0.00987771 0.00996439]
[0.00215174 0.0055489  0.0058458  0.007216   0.00749539 0.00900479]
[0.00311821 0.00457787 0.00501926 0.00690609 0.00805977 0.00926311]
[0.00622406 0.00959073 0.00970469 0.01069164 0.01070594 0.010951  ]
[0.00952961 0.00959959 0.01025325 0.01135365 0.01264824 0.01363047]
[0.00434831 0.00436875 0.00807891 0.01234634 0.01237515 0.01352579]
[0.00719129 0.00786874 0.00815405 0.00888174 0.01130217 0.0113127 ]
[0.00377994 0.00633337 0.00849975 0.00907247 0.00919149 0.0093393 ]
[0.00608816 0.00630915 0.0074245  0.01052941 0.01425868 0.01438734]
[0.00323352 0.00705776 0.00760191 0.00790913 0.00997838 0.01074594]
[0.00621935 0.00655416 0.00677179 0.01095796 0.0117816  0.01241996]
[0.00468498 0.00549395 0.0062855  0.00902768 0.00936628 0.01153902]
[0.00284044 0.00567387 0.00623687 0.00674496 0.00781318 0.0078459 ]
[0.00143313 0.00476161 0.00511139 0.00788611 0.00857435 0.00968363]
[0.00750927 0.0077369  0.00818384 0.00962103 0.01225453 0.01261263]
[0.00168501 0.00755367 0.00762431 0.00825187 0.00961558 0.0104248 ]
[0.00392391 0.00953723 0.01272286 0.01304219 0.01427695 0.01480955]
[0.00433384 0.00649788 0.00761626 0.00768772 0.00796403 0.00942522]
[0.00449699 0.00649186 0.00774334 0.01139581 0.01299139 0.0145538 ]
[0.00640972 0.00665202 0.01109515 0.01168467 0.01359866 0.01384729]
[0.00478542 0.00664938 0.00716693 0.00729595 0.00735919 0.00842037]
[0.00871134 0.00899036 0.00989519 0.01057428 0.01063588 0.01082844]
[0.01091039 0.01281383 0.01390481 0.01442342 0.01473507 0.01475244]
[0.00051812 0.00781319 0.00867908 0.00881461 0.00937103 0.01091606]
[0.004032   0.00923547 0.00927028 0.01006425 0.01172658 0.0131447 ]
[0.00819423 0.01049304 0.01067935 0.01089963 0.01196672 0.01297991]
[0.00247287 0.00560239 0.00817529 0.00909923 0.00932614 0.01075437]
[0.00524587 0.00581398 0.00650608 0.00651676 0.00901922 0.01010916]
[0.00337221 0.00348871 0.00519482 0.00774599 0.00809617 0.00881786]
[0.00808918 0.01391771 0.01402525 0.01450562 0.01536778 0.01557126]
[0.0059183  0.00722741 0.00741794 0.00745458 0.0084482  0.01011197]
[0.00961231 0.01100942 0.0114576  0.01172365 0.01191019 0.01221118]
[0.00992233 0.01068627 0.01103431 0.01121058 0.01129821 0.01217367]
[0.00162969 0.00378552 0.00745978 0.00868399 0.00952127 0.00983148]
[0.00670635 0.00727902 0.00967619 0.01024082 0.01044016 0.0118379 ]
[0.00678194 0.00728303 0.00775876 0.00844932 0.00948216 0.01007409]
[0.00547832 0.00603674 0.00894546 0.00912002 0.01109074 0.01154619]
[0.00251732 0.00332535 0.00768387 0.00972212 0.01384447 0.01570238]
[0.00489735 0.0101037  0.01350018 0.01605231 0.01648264 0.01673045]
[0.00133826 0.00584871 0.00772728 0.00955488 0.00987318 0.01217473]
[0.01363638 0.01892468 0.01931857 0.01949718 0.02293584 0.0236388 ]
[0.00695425 0.00895126 0.01105331 0.01369521 0.01395771 0.01674484]
[0.00366728 0.0064095  0.00779865 0.00958294 0.01079639 0.01141339]
[0.01022242 0.01023838 0.01245426 0.01294725 0.01499961 0.01583656]
[0.016791   0.01698975 0.02080315 0.02193429 0.02299064 0.0239716 ]
[0.00381732 0.01101312 0.01140036 0.01141782 0.01534515 0.01715774]
[0.00372325 0.00890509 0.01135861 0.01230715 0.01309976 0.01916872]
[0.00397465 0.00965912 0.01057487 0.01328891 0.01465453 0.01638396]
[0.007309   0.00929072 0.01290685 0.01364564 0.01432145 0.01501104]
[0.01018801 0.01174454 0.01197016 0.012812   0.01446763 0.01465718]
[0.00409891 0.00427467 0.01454757 0.01547271 0.01573431 0.01789199]
[0.00445299 0.00583658 0.00775593 0.00883682 0.01542196 0.01554651]
[0.0090398  0.01169611 0.01322118 0.01503669 0.01695659 0.01775455]
[0.00849339 0.01174632 0.01207484 0.01212849 0.01353776 0.01572629]
[0.00241726 0.00741463 0.00799468 0.01152068 0.01370289 0.0150648 ]
[0.00604168 0.00830155 0.01469121 0.01558417 0.01607573 0.01728676]
[0.00896356 0.0144962  0.01519883 0.01705534 0.02079536 0.0215487 ]
[0.00517653 0.01222457 0.01555816 0.01737166 0.01880202 0.01962672]
[0.01956157 0.02165263 0.02375384 0.02503392 0.02597995 0.02877084]
[0.00560744 0.00824404 0.01118342 0.01152445 0.0123625  0.01661992]
[0.00708121 0.01068901 0.01269397 0.01295145 0.01311328 0.0136457 ]
[0.00510736 0.00955922 0.01184226 0.01330301 0.01342357 0.01507886]
[0.00488328 0.00598572 0.00668077 0.00900668 0.0090349  0.00926603]
[0.00485931 0.005522   0.00877955 0.00879281 0.00917855 0.00926126]
[0.00191033 0.00383271 0.00656777 0.0071651  0.00743361 0.00772777]
None
[0.00507758 0.00638219 0.01047886 0.01187227 0.01242834 0.01260004]
[0.00333933 0.00393766 0.00538076 0.00739825 0.00807639 0.00838323]
[0.00344261 0.00427269 0.00769813 0.00801535 0.00836975 0.0084952 ]
[0.0052834  0.00787508 0.00882476 0.00902251 0.01218362 0.01576495]
[0.00674305 0.00889595 0.0090331  0.00927657 0.00959518 0.01117778]
[0.00830328 0.00865267 0.00882765 0.00915757 0.01035671 0.01312842]
[0.0083245  0.01177913 0.01179114 0.01408423 0.0164741  0.01869319]
[0.00911862 0.01139628 0.01565079 0.01701574 0.01758212 0.01791532]
[0.01060843 0.01413272 0.01459403 0.0147397  0.01541272 0.01542183]
[0.00617997 0.00685862 0.00836269 0.01395264 0.01433291 0.01626148]
[0.00471064 0.00501827 0.00714113 0.00755485 0.00756394 0.00890802]
[0.00858862 0.00993697 0.01031579 0.01262209 0.01278957 0.01379857]
[0.00337231 0.00975124 0.0103772  0.01159913 0.01275487 0.01427687]
[0.00782308 0.01557607 0.01624489 0.01681055 0.01874162 0.01895021]
[0.00484169 0.01251313 0.01295469 0.0134494  0.01564538 0.01705249]
[0.01026978 0.01278662 0.01510662 0.01583307 0.01653983 0.0170298 ]
[0.0097772  0.0144855  0.0154819  0.01600465 0.01667885 0.02015299]
[0.00609843 0.00639595 0.00792722 0.01100394 0.01336786 0.01350374]
[0.00337352 0.00611635 0.0066289  0.01062369 0.01200626 0.01263994]
[0.00479074 0.01030444 0.01237864 0.01322615 0.01331114 0.01336072]
[0.00477682 0.00927165 0.00929804 0.0094736  0.01254211 0.01261586]
[0.00741755 0.00746347 0.01135622 0.01329739 0.01339369 0.01418021]
[0.00846564 0.0120375  0.01338032 0.01411285 0.01458697 0.01567214]
[0.00881752 0.01016844 0.01252517 0.01297998 0.01379589 0.01476188]
[0.00779919 0.01103845 0.0111024  0.01115109 0.01158517 0.01498233]
[0.00929649 0.01008908 0.01060336 0.01098865 0.01100096 0.01109127]
[0.00365577 0.00895964 0.01163131 0.01320662 0.01375171 0.01385879]
[0.00678315 0.00857468 0.01446299 0.01547325 0.01684498 0.01694172]
[0.0067003  0.01133824 0.01235037 0.01403236 0.01426758 0.01485975]
[0.00668733 0.00989983 0.01292215 0.01503576 0.01713508 0.01768121]
[0.01403004 0.01414575 0.01507933 0.01517142 0.01642134 0.01647909]
[0.00518776 0.00732672 0.00845666 0.01093546 0.01262086 0.01574795]
[0.00329979 0.00574463 0.00614535 0.00814895 0.00954069 0.00994944]
[0.00715514 0.01105812 0.01159847 0.01161574 0.01170676 0.01270207]
[0.00807456 0.00952404 0.01140885 0.01219962 0.01395938 0.01626619]
[0.00977786 0.01385304 0.01894415 0.0192931  0.0203622  0.02113545]
[0.00752517 0.00756351 0.0106526  0.01116425 0.01293428 0.01612447]
[0.00764698 0.01495566 0.01531634 0.01654115 0.01751191 0.01783079]
[0.00624436 0.00670363 0.00707002 0.00811288 0.01177359 0.01233008]
[0.00843458 0.00991638 0.01098794 0.01225349 0.01389258 0.01693008]
[0.00655863 0.0075919  0.0116969  0.01247683 0.01385973 0.01437397]
[0.00508392 0.01199055 0.0134825  0.01511304 0.01515766 0.01767829]
[0.00931437 0.01112159 0.0151422  0.01540016 0.01711553 0.01724702]
[0.01192045 0.01403303 0.01414251 0.01595396 0.01683638 0.01710687]
[0.00393746 0.00535134 0.00596427 0.00659529 0.00978224 0.01072235]
[0.0050402  0.00813806 0.0096426  0.00971613 0.01123623 0.0121405 ]
[0.00748259 0.00811996 0.00835083 0.00854371 0.00938527 0.00978537]
[0.00693011 0.00771535 0.01084776 0.01257174 0.01650188 0.01678232]
[0.00777292 0.01266483 0.01400957 0.01426461 0.01472735 0.01516142]
[0.00836599 0.01188584 0.01203308 0.01316699 0.01448055 0.01566368]
[0.00866064 0.00894049 0.00928022 0.01545808 0.01581526 0.01650789]
[0.01131233 0.01914301 0.02015839 0.02043546 0.02060996 0.02072595]
[0.00912547 0.00969628 0.01040693 0.0120145  0.01210381 0.01357148]
[0.01032605 0.0108868  0.01230398 0.01278168 0.01285896 0.01403958]
[0.00764059 0.00795403 0.01249678 0.01431056 0.01824327 0.0183192 ]
[0.0083482  0.01201446 0.01573939 0.01589157 0.01839262 0.01842964]
[0.01033397 0.0149305  0.01553552 0.01611845 0.0195125  0.01975974]
[0.0058788  0.0126015  0.01847713 0.01851482 0.0203877  0.02178508]
[0.0069055  0.01084552 0.01647174 0.01792923 0.01890344 0.0228343 ]
[0.0075114  0.01400204 0.01450924 0.01546015 0.01566073 0.01688664]
[0.00483339 0.00843921 0.01184228 0.01316923 0.01339042 0.01641227]
[0.01345184 0.01468362 0.01608564 0.01697983 0.0181839  0.018231  ]
[0.00607344 0.00773517 0.00842716 0.00855551 0.00889994 0.01107998]
[0.0071014  0.00719623 0.00722831 0.00935875 0.01019792 0.01273629]
[0.00533713 0.0080189  0.00874946 0.00921766 0.0095385  0.00982117]
[0.00477046 0.00481657 0.00549032 0.00871359 0.01261574 0.01310173]
[0.00841356 0.00895463 0.00949266 0.00984805 0.0098533  0.01250294]
[0.00144655 0.00827627 0.00835398 0.01123502 0.01213738 0.01224741]
[0.01014358 0.01415169 0.01558173 0.01871309 0.01876454 0.0192786 ]
[0.00747807 0.00776303 0.01098345 0.01741032 0.01779848 0.01891983]
[0.00668096 0.01242217 0.01331097 0.01384832 0.01532955 0.01582415]
[0.01559125 0.01671249 0.01736595 0.01774795 0.01848788 0.01930143]
[0.00916222 0.00945574 0.0099399  0.01046328 0.0119287  0.01306518]
[0.00676407 0.00771899 0.0087542  0.01014839 0.010207   0.01034191]
[0.00299363 0.00632253 0.0076033  0.00915643 0.01011515 0.01210485]
[0.00427222 0.01386251 0.01450011 0.01461139 0.01528968 0.01607561]
[0.00683953 0.0093544  0.00948317 0.01003409 0.01107396 0.01384442]
[0.00599944 0.01060846 0.01224002 0.01306755 0.01320218 0.01328132]
[0.00763026 0.0081649  0.00946436 0.00982662 0.01174118 0.01272095]
[0.00756165 0.00939814 0.00963258 0.01049277 0.01134598 0.01395877]
[0.00237739 0.01000513 0.01429353 0.01679047 0.01710605 0.01738681]
[0.0073153  0.00777763 0.00918515 0.01170189 0.01239712 0.01254119]
[0.00721843 0.00833892 0.01011084 0.01056384 0.01232908 0.01426256]
[0.00315295 0.00947659 0.01296396 0.01409402 0.016      0.01601989]
[0.00181447 0.00483037 0.01480745 0.01732726 0.0184272  0.01891116]
[0.00934401 0.01595072 0.0181425  0.01833897 0.01879436 0.02113641]
[0.01245082 0.01270778 0.01348564 0.0138671  0.01473887 0.01787749]
[0.01062345 0.01243783 0.01293896 0.01354499 0.01445701 0.01490914]
[0.00814913 0.00989731 0.01055837 0.01160048 0.01173631 0.01269148]
[0.00604723 0.00638528 0.00784674 0.00806482 0.01075838 0.0109821 ]
[0.0072259  0.00879365 0.01191712 0.01327956 0.01347786 0.01575669]
[0.00116111 0.00321595 0.00874302 0.01019332 0.01037832 0.01121032]
[0.00405061 0.00547961 0.00621999 0.00774908 0.00864526 0.00901155]
[0.00326525 0.0090442  0.00960352 0.00992799 0.0105827  0.0118254 ]
[0.00799772 0.00854547 0.00889229 0.01181646 0.01201357 0.01211578]
[0.00241255 0.00304889 0.00489819 0.0066901  0.0091771  0.00961658]
[0.00630342 0.00733821 0.00956517 0.01021875 0.01110268 0.01226537]
[0.00154862 0.00709261 0.0082242  0.0082835  0.00909166 0.01063647]
[0.00544495 0.00580177 0.00761807 0.01273169 0.01405135 0.01515318]
[0.00476506 0.00948584 0.01119249 0.01123269 0.01192338 0.0120047 ]
[0.00414142 0.00433881 0.00555545 0.00978295 0.01001861 0.01033563]
[0.0024629  0.00349664 0.00677809 0.01215965 0.01349664 0.01414168]
[0.00433685 0.00459411 0.00470366 0.00784445 0.0078642  0.00911699]
[0.00689538 0.00780857 0.00790401 0.00893823 0.0110879  0.01118155]
[0.00558246 0.00629652 0.00775233 0.00818643 0.00872525 0.00914288]
[0.00942606 0.00969236 0.01047517 0.01167959 0.01214316 0.01490613]
[0.00441933 0.0068169  0.00736715 0.00821854 0.00830415 0.01289196]
[0.00374129 0.00448171 0.00996341 0.01019354 0.01125148 0.01212526]
[0.00667672 0.00724697 0.00985564 0.01033141 0.01297739 0.01412014]
[0.00497193 0.00593984 0.00809852 0.00983316 0.01063841 0.01072287]
[0.00752844 0.00786801 0.0105525  0.01135836 0.01193419 0.01232403]
[0.00305993 0.0065605  0.00672385 0.00853715 0.01341066 0.01359781]
[0.00295351 0.00613615 0.00634554 0.00815933 0.00929828 0.00940771]
[0.00546271 0.00741691 0.00857262 0.00905092 0.00934043 0.0110245 ]
[0.00876183 0.01030257 0.01261865 0.01285782 0.01290044 0.01299501]
[0.00570923 0.00814363 0.01067042 0.01097068 0.01113951 0.01137814]
[0.00478977 0.00772687 0.00819942 0.0099162  0.01042719 0.01202712]
[0.01013731 0.01061104 0.01120568 0.01121915 0.01437591 0.01456143]
[0.00592927 0.00672704 0.01058907 0.01358829 0.01363212 0.01396293]
[0.00978845 0.01019724 0.01155739 0.01247078 0.01439543 0.01461566]
[0.00379251 0.00392634 0.0046442  0.00468367 0.0087005  0.00957391]
[0.00180997 0.0022803  0.0036082  0.00367744 0.00514772 0.00690744]
[0.00582031 0.00627236 0.0070893  0.00791653 0.01124095 0.01177393]
[0.00684852 0.00709305 0.00814438 0.01018046 0.01079425 0.01126463]
[0.0087094  0.01205452 0.0126432  0.01471163 0.01480722 0.01535316]
[0.00938754 0.00950692 0.01108088 0.01111817 0.01300615 0.01523964]
[0.0063123  0.00812194 0.00943415 0.01020006 0.01174487 0.01575033]
[0.00416111 0.00816474 0.00895366 0.00956361 0.01070472 0.01225683]
