[0.00203618 0.00483649 0.00636025 0.00785232 0.01072265 0.01078522]
[0.00466002 0.00808163 0.00990218 0.01425305 0.01459661 0.01809699]
[0.01278548 0.01488848 0.01971762 0.02192789 0.02198536 0.02238665]
[0.00432154 0.00723538 0.01093636 0.01100678 0.01107682 0.01144306]
[0.00618506 0.01021966 0.01119563 0.01151472 0.01169908 0.0118356 ]
[0.00109692 0.00426467 0.00698959 0.00893411 0.01414996 0.01655695]
[0.01131467 0.01288601 0.0142908  0.01865703 0.01883798 0.02013098]
[0.0101164  0.01227614 0.01367813 0.01677909 0.01711324 0.01784356]
[0.00712379 0.01455866 0.01523501 0.01635932 0.01855742 0.01996256]
[0.00390714 0.00911144 0.0169289  0.02124713 0.02217697 0.02226833]
[0.00393708 0.00563272 0.00614468 0.0083342  0.00965535 0.01054109]
[0.00547891 0.00557937 0.00698565 0.00747117 0.00791147 0.00836678]
[0.00491631 0.00639621 0.01027837 0.01319496 0.01394401 0.01617506]
[0.01029105 0.01106715 0.01132445 0.01502801 0.01569881 0.01583917]
[0.00777354 0.0119511  0.01495394 0.01561966 0.01781731 0.0178997 ]
[0.00192965 0.00673764 0.00917143 0.01297191 0.01533735 0.01633519]
[0.00150017 0.01193905 0.01371285 0.01375953 0.01437789 0.01454296]
[0.00869863 0.00872123 0.00893337 0.01144393 0.01260235 0.01398816]
[0.0053161  0.00791438 0.01088025 0.01096513 0.01225826 0.01268431]
[0.00227389 0.00598801 0.00878414 0.00973826 0.01155267 0.01306689]
[0.00292514 0.00634264 0.00949269 0.0116447  0.01229391 0.01238664]
[0.00869639 0.00886003 0.01101711 0.01118891 0.01281561 0.01536963]
[0.00547493 0.00913052 0.01030202 0.01057506 0.01066244 0.01177693]
[0.00197804 0.00911163 0.00932793 0.00954996 0.01049551 0.01163083]
[0.00577574 0.00819568 0.01097085 0.01255236 0.01269169 0.0141954 ]
[0.00672468 0.00885656 0.00935316 0.00999415 0.0101594  0.0104465 ]
[0.00464892 0.00847717 0.00917996 0.00988411 0.01110741 0.01190697]
[0.00585232 0.00775582 0.01062842 0.01103957 0.01349999 0.01693791]
[0.00521606 0.00536914 0.00658175 0.0087708  0.01022877 0.01229553]
[0.01166673 0.01172632 0.01650067 0.01934939 0.02009495 0.02097637]
[0.00364122 0.0085892  0.0105654  0.01099115 0.0130057  0.01516281]
[0.00875335 0.00885049 0.00934527 0.00947338 0.00965968 0.0103398 ]
[0.00430911 0.00464878 0.00475998 0.00580077 0.00614816 0.00627675]
[0.00769939 0.00940058 0.00952327 0.00986581 0.01357113 0.01506274]
[0.00366217 0.00985561 0.01057621 0.01359817 0.01488622 0.01530007]
[0.00865358 0.010455   0.01168139 0.01187563 0.01561026 0.01617323]
[0.00736382 0.00793879 0.00939021 0.01093172 0.01155374 0.01288625]
[0.00622835 0.00699832 0.00822131 0.00994618 0.01036252 0.01348145]
[0.00798031 0.00862135 0.00880269 0.01115411 0.0128308  0.01525433]
[0.00186068 0.0070743  0.00981663 0.01045578 0.01233463 0.01269287]
[0.00260912 0.00735507 0.00958449 0.00982444 0.00991334 0.01122713]
[0.0075663  0.00950606 0.01106917 0.0132897  0.01457381 0.0145748 ]
[0.00818551 0.00997671 0.01000264 0.01068419 0.01092266 0.01116783]
[0.00592171 0.00816734 0.0109096  0.01125898 0.0135864  0.01373077]
[0.00620248 0.00937628 0.0099383  0.01004404 0.01169201 0.0132059 ]
[0.00361509 0.00614467 0.00730471 0.00739343 0.01164127 0.01193038]
[0.00683835 0.00762313 0.00787048 0.00788531 0.00790919 0.00804492]
[0.00682878 0.00876886 0.01010295 0.0108625  0.01167615 0.0124561 ]
[0.00551488 0.00585383 0.00716257 0.00944867 0.01029227 0.01140358]
[0.00132381 0.00403613 0.00426902 0.0107491  0.01688909 0.01755992]
[0.00072862 0.00666874 0.01292712 0.01350603 0.01381428 0.01630622]
[0.00400734 0.00532856 0.00726904 0.009732   0.00976189 0.0099246 ]
[0.012632   0.01323353 0.01345452 0.01392428 0.01393243 0.01514664]
[0.00795357 0.00919205 0.01014586 0.0106778  0.01219446 0.01442671]
[0.00258306 0.0039161  0.00887814 0.00893159 0.01069202 0.0149864 ]
[0.0044312  0.0105315  0.0157425  0.01619823 0.01899976 0.01932612]
[0.0052302  0.00580168 0.00887134 0.00934749 0.01045676 0.01103268]
[0.00662073 0.0078454  0.00798296 0.00849672 0.00887964 0.00936408]
[0.0023878  0.00356838 0.00388271 0.00474631 0.00546962 0.00667768]
[0.00260826 0.00437059 0.00539829 0.00632376 0.00687822 0.00690074]
[0.00743263 0.00896301 0.00985189 0.01003052 0.01273901 0.01308931]
[0.00532117 0.00939102 0.00991396 0.01506639 0.01613249 0.01637877]
[0.00514929 0.00656017 0.00918365 0.01054588 0.01171483 0.01247008]
[0.00119221 0.00239838 0.00464438 0.00567447 0.00589673 0.00589875]
[0.00029108 0.00139311 0.0030326  0.00470391 0.00567299 0.00591049]
[0.0023534  0.00349526 0.00509205 0.00799416 0.00903213 0.01226667]
[0.00751834 0.00756646 0.00815933 0.00910359 0.01073178 0.0111659 ]
[0.00489438 0.00807808 0.00848921 0.00968818 0.01003235 0.01071145]
[0.00612089 0.00621242 0.0068399  0.00833147 0.00979361 0.01047325]
[0.00535018 0.00691101 0.01037019 0.01109964 0.01158276 0.01278113]
[0.00033206 0.00290823 0.00352223 0.00454127 0.00586812 0.00616089]
[0.00209432 0.00541746 0.00628264 0.0082933  0.01084723 0.01138701]
[0.00388735 0.00551752 0.0070494  0.00988579 0.01002443 0.01181682]
[0.00356416 0.010056   0.01011293 0.01016832 0.01095907 0.01112908]
[0.0036967  0.00419901 0.00555644 0.00870116 0.00903599 0.0090863 ]
[0.00932251 0.01040487 0.01088869 0.0119123  0.01515754 0.01542847]
[0.0076512  0.01045731 0.01160235 0.01170189 0.01188583 0.01258588]
[0.00408788 0.00515539 0.00537561 0.00555852 0.00730129 0.00766909]
[0.00319012 0.00558463 0.00567827 0.00620258 0.00668088 0.00916023]
[0.00148205 0.00399    0.00425866 0.00434736 0.00497928 0.00664454]
[0.0008675  0.00194813 0.00206371 0.0022704  0.00228428 0.00252322]
[0.00143947 0.00396752 0.00469305 0.00538469 0.00592779 0.00597113]
[0.00477623 0.00656276 0.00662925 0.00799227 0.011257   0.0121663 ]
[0.00460029 0.00623168 0.00653383 0.00679587 0.00772382 0.00779335]
[0.00462185 0.00746367 0.00759641 0.00824401 0.00872947 0.00896998]
[0.00314299 0.00598961 0.00768557 0.00809004 0.00819036 0.00854311]
[0.00561    0.0072381  0.01019316 0.01026085 0.01371125 0.01373417]
[0.00238993 0.00594029 0.0078408  0.00826439 0.00866843 0.00879703]
[0.00178774 0.00334894 0.00379608 0.0055846  0.00607125 0.00618157]
[0.00386915 0.0057601  0.00655056 0.00803702 0.00808738 0.00884542]
[0.00441117 0.00525743 0.00550069 0.00595522 0.00680411 0.00729381]
[0.00202453 0.00246166 0.00780281 0.00826125 0.00907946 0.00973617]
[0.00297561 0.00541019 0.0063215  0.00855034 0.01043232 0.01046767]
[0.0037788  0.00586501 0.00705347 0.0080038  0.00806533 0.00964233]
[0.00227039 0.00251724 0.0045797  0.00460357 0.00701408 0.00735673]
[0.00257573 0.00273394 0.00367819 0.00381543 0.00422187 0.00437663]
[0.00247664 0.00480056 0.00502064 0.00593364 0.00596429 0.00664992]
[0.00229416 0.00435237 0.00506345 0.00544105 0.0060083  0.00776854]
[0.00307543 0.00505152 0.00514415 0.0053778  0.00599074 0.00783825]
[0.00253681 0.00414408 0.00429332 0.00505583 0.0051837  0.00939627]
[0.00587051 0.00807378 0.00884036 0.00888025 0.0104108  0.01122679]
[0.00269335 0.00296548 0.00340479 0.00442507 0.00622017 0.00777511]
[0.00091583 0.00246089 0.00297751 0.00325923 0.00346762 0.0034862 ]
[0.00429991 0.00643748 0.00651453 0.00679387 0.00829311 0.00857613]
[0.00428737 0.00500294 0.00588904 0.00649151 0.00733399 0.00753676]
[0.00321668 0.00468674 0.00489901 0.00544651 0.0057589  0.00631223]
[0.00405922 0.00477789 0.00582481 0.00690336 0.00779485 0.00821886]
[0.00469489 0.00550749 0.00585812 0.00588503 0.00682164 0.00718616]
[0.00301357 0.00323557 0.00417214 0.00456481 0.00475753 0.00514016]
[0.00661472 0.00667881 0.00726937 0.00731706 0.00751554 0.00765433]
[0.00409932 0.00494856 0.00566447 0.0060852  0.01004268 0.01039377]
[0.00169174 0.00562061 0.00898852 0.00916822 0.00959645 0.00974867]
[0.00329957 0.00409961 0.0079882  0.00924779 0.00927269 0.00976491]
[0.00217251 0.00324146 0.00866185 0.00883577 0.00933213 0.01055062]
[0.00686232 0.00899388 0.00927167 0.00994008 0.01030525 0.0106397 ]
[0.00254707 0.00541402 0.00567448 0.00665966 0.0073879  0.00778511]
[0.00096094 0.00105425 0.00335523 0.00606318 0.00839411 0.00866201]
[0.00169638 0.00207527 0.00629944 0.0077867  0.00868514 0.00986528]
[0.00054939 0.00716205 0.00738787 0.00867601 0.00895734 0.01031887]
[0.00357036 0.00416756 0.00677333 0.00682901 0.00769315 0.00812032]
[0.00385528 0.00667139 0.00731419 0.00792259 0.00845574 0.00885263]
[0.00955672 0.01056138 0.01063524 0.01230972 0.01263087 0.0140668 ]
[0.00228984 0.0065773  0.00775336 0.0088224  0.00991767 0.01146749]
[0.00387476 0.00397438 0.00615695 0.00632511 0.00665288 0.00778259]
[0.00056976 0.0055594  0.00584283 0.00638507 0.0074882  0.00953534]
[0.00154795 0.00312241 0.00519773 0.00663848 0.00774539 0.00879765]
[0.0069293  0.00908703 0.01016337 0.01075351 0.0108317  0.01094533]
[0.00804834 0.00810208 0.0094917  0.01132902 0.01146977 0.01180548]
[0.00331502 0.00684781 0.00826968 0.00888369 0.00925837 0.00996789]
[0.00610239 0.00681182 0.00924693 0.00963544 0.00964298 0.00996148]
[0.00297796 0.00404258 0.00434197 0.00506017 0.00574163 0.00593439]
[0.00357149 0.00400906 0.00408787 0.00719574 0.00830883 0.00850792]
[0.00453078 0.0051266  0.00513671 0.00570903 0.00623366 0.00661541]
[0.0025789  0.00685905 0.00709283 0.00726358 0.0079671  0.00818555]
[0.00590165 0.00736163 0.00811933 0.00859249 0.00918892 0.00930974]
[0.00373007 0.00420224 0.00470597 0.00640678 0.00676896 0.00760373]
[0.00398347 0.00519368 0.00682563 0.00775665 0.00808325 0.0089389 ]
[0.00348541 0.00368316 0.00668009 0.00692966 0.00760462 0.0085173 ]
[0.00348939 0.00745536 0.00907813 0.01074912 0.01104554 0.01121449]
[0.00229092 0.00405323 0.0062263  0.00735777 0.00752159 0.00790239]
[0.00445885 0.00699938 0.0084467  0.01110226 0.01181931 0.01262448]
[0.00508853 0.00904856 0.01077282 0.01092678 0.01179739 0.01278334]
[0.00779775 0.01115906 0.01166914 0.01333611 0.01346875 0.01390486]
[0.00497153 0.00503003 0.00628148 0.00780456 0.01021866 0.01025643]
[0.00441011 0.00475204 0.00596675 0.00614897 0.00645244 0.00900678]
[0.00311297 0.00516655 0.00596645 0.00645702 0.00754773 0.00772838]
[0.00319487 0.0063667  0.00858771 0.00898518 0.00910301 0.00995035]
[0.00159401 0.00365021 0.00751233 0.00958321 0.00989639 0.01017188]
[0.00257774 0.00453567 0.00666447 0.00772486 0.00986035 0.01071778]
[0.00942481 0.01155948 0.01157726 0.01276406 0.01287037 0.01448092]
[0.00541076 0.00838225 0.00880454 0.00899142 0.00972713 0.01071694]
[0.00116233 0.00612829 0.00786338 0.00865989 0.00887795 0.00965987]
[0.00595464 0.00715309 0.00797216 0.01037041 0.01301251 0.01331479]
[0.00235411 0.00773441 0.00988131 0.00993935 0.01295047 0.01343495]
[0.00395979 0.00424307 0.00504639 0.00957283 0.01032636 0.01063078]
[0.00743127 0.00772786 0.00803878 0.0100524  0.01166111 0.0116993 ]
[0.00837907 0.00945513 0.00958219 0.01098081 0.01163522 0.01213302]
[0.00659014 0.00794494 0.00903293 0.00941808 0.01000603 0.0104839 ]
[0.00434721 0.00441368 0.00460277 0.00520524 0.0054631  0.00590298]
[0.00503225 0.00512508 0.0072686  0.00743822 0.00956    0.00971786]
[0.00170144 0.00999621 0.01009693 0.01053024 0.01122633 0.01124606]
[0.00582025 0.00779296 0.00875252 0.01051318 0.01292881 0.01341493]
[0.00342629 0.00506534 0.00512148 0.00552948 0.01027582 0.01077526]
[0.00248953 0.00532336 0.01016923 0.01216588 0.012272   0.01288677]
[0.00144969 0.00489258 0.00593848 0.00628657 0.00685618 0.00688586]
[0.00291826 0.00531422 0.00636544 0.00793917 0.0081613  0.00858136]
[0.00505592 0.00648301 0.00716399 0.00931911 0.00950874 0.01084328]
[0.00765406 0.00953517 0.01100918 0.01233296 0.01247383 0.01271351]
[0.00384073 0.00711636 0.00836179 0.00915316 0.01227652 0.01248551]
[0.00167745 0.00340207 0.00462488 0.00463271 0.00563036 0.00622245]
[0.00330955 0.00429927 0.00453674 0.00525513 0.00606301 0.00912878]
[0.00478038 0.01095385 0.01190772 0.013902   0.01420789 0.01489194]
[0.00249023 0.00481051 0.00789823 0.00823148 0.01017658 0.01018907]
[0.00683909 0.01014104 0.01099128 0.01106771 0.01188867 0.01432037]
[0.00459695 0.00475706 0.00652596 0.00859075 0.01013359 0.01027135]
[0.00766692 0.01105317 0.01160957 0.01241172 0.01340143 0.01412024]
[0.00793795 0.00947469 0.01044297 0.01103802 0.01136936 0.01201128]
[0.00805462 0.00885967 0.0089907  0.01104154 0.01116868 0.01278802]
[0.00195772 0.0049349  0.00582309 0.00622493 0.00661605 0.00724378]
[0.00584343 0.00766477 0.0087811  0.00887364 0.00937356 0.00979754]
[0.00515124 0.00526418 0.01170241 0.01348347 0.01436174 0.01478719]
[0.00161836 0.00604541 0.00898429 0.0113345  0.0129356  0.01301765]
[0.00470463 0.00501945 0.00520492 0.00651636 0.00689433 0.01010465]
[0.00324749 0.00839967 0.00968676 0.01109722 0.01149588 0.01230619]
[0.00443979 0.00489575 0.00517732 0.00539536 0.00579327 0.00638706]
[0.00404251 0.00517753 0.00534982 0.00707809 0.00761467 0.00807797]
[0.00162159 0.00336444 0.0050433  0.00681264 0.00690839 0.00894409]
[0.00402664 0.00519982 0.00744934 0.00761217 0.00801307 0.00830662]
[0.00180887 0.00774427 0.00837625 0.00886516 0.00898771 0.00900151]
[0.00253634 0.0074966  0.00797924 0.00800769 0.00854347 0.00984436]
[0.00551739 0.00709246 0.00780252 0.00803031 0.01022989 0.01081475]
[0.0025967  0.00297862 0.00734144 0.0081335  0.0098885  0.01029312]
[0.00639288 0.00651401 0.0070712  0.00797803 0.01116395 0.01132177]
[0.00253826 0.00362179 0.00604    0.0062136  0.00690814 0.00866416]
[0.00404718 0.0088533  0.01181906 0.01288666 0.01309397 0.01381773]
[0.00459305 0.00668483 0.00921294 0.00959549 0.00972365 0.00992593]
[0.00522919 0.00599509 0.0062333  0.00632447 0.00764957 0.00840899]
[0.00899156 0.00960643 0.00975831 0.01059061 0.01088815 0.01296658]
[0.00676445 0.00701572 0.00796232 0.00900409 0.01020346 0.01128207]
[0.00554784 0.0058701  0.00772457 0.00795051 0.00822519 0.00959053]
[0.00502337 0.00585692 0.00678626 0.00805362 0.00818305 0.00882694]
[0.00683457 0.00777538 0.00922631 0.00952339 0.01000381 0.01038236]
[0.00216115 0.00445645 0.00534943 0.00627596 0.00716156 0.00745814]
[0.00374466 0.00578695 0.00939911 0.00959865 0.01055257 0.0131631 ]
[0.00555606 0.00735585 0.01023774 0.01214936 0.01451195 0.01456663]
[0.00627203 0.00791952 0.00933354 0.01272656 0.01474431 0.01500753]
[0.00533019 0.00534584 0.0063568  0.00703657 0.00806426 0.00822246]
[0.00281634 0.0031415  0.00436103 0.00551385 0.00604451 0.00610539]
[0.00446539 0.00620335 0.00625876 0.00654972 0.00856738 0.00870922]
[0.00624989 0.00641255 0.00651181 0.00785944 0.00983573 0.01031963]
[0.00772249 0.00910613 0.0111368  0.01326047 0.01481183 0.0167415 ]
[0.00541096 0.00755412 0.00945543 0.01076703 0.01658813 0.01717353]
[0.00992566 0.01318135 0.01486818 0.01603306 0.01606938 0.01711533]
[0.00784257 0.00979324 0.01181956 0.01182823 0.01334693 0.01402316]
[0.00533552 0.00924527 0.0104999  0.0109847  0.01100948 0.01126807]
[0.00170715 0.00232888 0.00528557 0.0059905  0.00821649 0.00841613]
[0.00407697 0.00501186 0.00589851 0.00771253 0.00813538 0.00829754]
[0.00740842 0.00829356 0.00874292 0.00920596 0.01059504 0.01061047]
[0.00299291 0.00434115 0.00444914 0.00575346 0.00665508 0.00924886]
[0.0044221  0.01069555 0.01268958 0.01423991 0.01554924 0.01606659]
[0.00153734 0.00545604 0.00718104 0.00759544 0.0078545  0.00817567]
[0.00136593 0.00291785 0.0085067  0.00859431 0.00900029 0.00925671]
[0.00354781 0.00666914 0.00736605 0.00868452 0.00902041 0.00906322]
[0.00472121 0.01090568 0.01244198 0.0139554  0.01537021 0.01570311]
[0.00674728 0.00748152 0.01137466 0.01301801 0.01339522 0.01411627]
[0.00927261 0.01248031 0.01518023 0.01720779 0.01781109 0.01951915]
[0.00948942 0.01418217 0.01422516 0.01573306 0.01720715 0.01920628]
[0.01035807 0.01094482 0.01117182 0.02009196 0.02056173 0.0211386 ]
[0.00705654 0.01008025 0.01184312 0.01231628 0.01253721 0.01531592]
[0.00103126 0.0083688  0.0110104  0.01637643 0.02278051 0.02306782]
[0.0050345  0.01057805 0.01593413 0.01651502 0.02064525 0.02267623]
[0.00907074 0.01039278 0.01279396 0.01531558 0.01563561 0.01874756]
[0.00557856 0.00830508 0.00838425 0.01442225 0.014456   0.01575033]
[0.01233866 0.01323611 0.01358209 0.01387254 0.01440945 0.01488928]
[0.0069169  0.01165014 0.01240646 0.01257804 0.01297254 0.013226  ]
[0.00478475 0.0091349  0.00970055 0.01225508 0.0123666  0.0135305 ]
[0.01180607 0.01258743 0.01270949 0.01429424 0.01529064 0.01571082]
None
[0.00673493 0.01201162 0.01284626 0.01288414 0.01440767 0.01523356]
[0.00951841 0.00999123 0.01026883 0.01426418 0.0145965  0.01619559]
[0.0070038  0.00718816 0.00723546 0.00812165 0.01223275 0.01284914]
[0.00702229 0.00724475 0.00786612 0.0088796  0.00889027 0.0102686 ]
[0.00682185 0.00879446 0.00901871 0.00971054 0.00985488 0.01004485]
[0.00620647 0.01106535 0.01239818 0.01315729 0.01515397 0.01533824]
[0.00789206 0.01357334 0.0138262  0.01655851 0.01737685 0.01775065]
[0.00993866 0.01140634 0.01357628 0.0138099  0.01478227 0.01872447]
[0.00761566 0.01240822 0.01288292 0.01310754 0.01439727 0.01489287]
[0.00455831 0.00524758 0.01139782 0.01198236 0.01260049 0.01293846]
[0.00389688 0.00716063 0.0078253  0.01327223 0.01360005 0.01428583]
[0.00521216 0.00632978 0.0077907  0.00786141 0.00950707 0.01025771]
[0.00711579 0.00847377 0.01190206 0.01396379 0.01407413 0.01425574]
[0.01088227 0.0112431  0.01217242 0.01348865 0.01377672 0.01440143]
[0.00591673 0.01248349 0.01582504 0.0165268  0.01700667 0.01846631]
[0.00944861 0.01088522 0.01108785 0.01405151 0.01526136 0.01577145]
[0.00595091 0.00951198 0.01611257 0.01683352 0.01793539 0.01858391]
[0.00851419 0.00875206 0.01212665 0.01251547 0.01417154 0.01599645]
[0.00393812 0.00964231 0.01094525 0.01098165 0.01222231 0.01270171]
[0.00832757 0.01188292 0.01380152 0.014207   0.01452333 0.01526681]
[0.0111939  0.01155493 0.01213111 0.01287844 0.01307144 0.01339487]
[0.00163875 0.00607319 0.01086944 0.01227048 0.01234698 0.01246657]
[0.00866575 0.00897087 0.01035035 0.01054024 0.01141442 0.01180436]
[0.00752565 0.01054032 0.01207556 0.01227928 0.01304721 0.01419896]
[0.00208535 0.0110659  0.01206355 0.01493966 0.01537059 0.01732499]
[0.00393465 0.00466652 0.00710024 0.00766989 0.01007322 0.01040971]
[0.00090461 0.00779887 0.00877848 0.01179399 0.01188337 0.01192776]
[0.00053395 0.00137835 0.00494615 0.01136223 0.01256636 0.01635516]
[0.00273539 0.00742831 0.00999187 0.01179827 0.01312168 0.01437992]
[0.01071509 0.01074754 0.01121471 0.01362702 0.01580079 0.01580302]
[0.00810237 0.00959627 0.0104233  0.01059704 0.01329894 0.01494069]
[0.00421115 0.00682412 0.00817618 0.01186119 0.01258852 0.0127146 ]
[0.00647117 0.00682785 0.00785136 0.0078684  0.00876685 0.00888708]
[0.0054587  0.00898989 0.01065553 0.01167698 0.0120416  0.01493735]
[0.00318569 0.00573048 0.00627597 0.0065557  0.00928183 0.01292462]
[0.00631016 0.01353713 0.01377786 0.01446573 0.01529837 0.01612753]
[0.0112726  0.01186682 0.01307427 0.01315074 0.01479649 0.01495052]
[0.00164171 0.01092002 0.01375236 0.01398245 0.01748851 0.0191533 ]
[0.00393924 0.00838392 0.00839699 0.01195304 0.01245164 0.01313742]
[0.00446322 0.00640674 0.0067399  0.00746805 0.01040537 0.01051146]
[0.00204198 0.00724548 0.0076699  0.00955983 0.01037607 0.01229561]
[0.01010801 0.01117676 0.01453922 0.01569886 0.01619272 0.01628776]
[0.01145816 0.01262274 0.01420591 0.01481432 0.01500652 0.01530881]
[0.00863336 0.00879169 0.01411287 0.01514647 0.01733101 0.01868346]
[0.00670367 0.00958592 0.01309304 0.01471738 0.01610743 0.01664416]
[0.00874607 0.00965458 0.01177575 0.01181315 0.01416358 0.01442198]
[0.0053922  0.00617449 0.00759726 0.01072289 0.01082266 0.01175796]
[0.01005422 0.01013224 0.01072856 0.01083819 0.01091499 0.01202569]
[0.00441575 0.00797263 0.00944691 0.01492514 0.01721892 0.01848293]
[0.00176384 0.00765147 0.01024194 0.01028858 0.0109305  0.01190816]
[0.00302421 0.00712932 0.01547461 0.01572254 0.01606765 0.01940516]
[0.00720285 0.01668079 0.01675736 0.01822406 0.0182693  0.01943368]
[0.01037307 0.01237519 0.01575572 0.01783512 0.01832386 0.01848431]
[0.00961279 0.00963339 0.010349   0.0104868  0.01142402 0.0116467 ]
[0.00662386 0.00947511 0.01312155 0.01364835 0.01368612 0.01410759]
[0.00955479 0.01028273 0.01428412 0.01477476 0.01638747 0.01993275]
[0.0085079  0.00893503 0.01428652 0.01436802 0.01728866 0.01837453]
[0.01015187 0.01144789 0.01209525 0.0138429  0.01441206 0.01473735]
[0.00588417 0.01011484 0.01325704 0.01453758 0.01799949 0.02032897]
[0.01164369 0.01190644 0.01290917 0.01427337 0.01460987 0.01712854]
[0.00676353 0.00716919 0.00779583 0.00842233 0.0087947  0.00963998]
[0.00363447 0.00538827 0.00873892 0.00948224 0.00953757 0.01000299]
[0.0032727  0.00369375 0.00709561 0.01226093 0.01296776 0.0130422 ]
[0.00805358 0.00881731 0.00972002 0.01093788 0.01094889 0.01163019]
[0.00793131 0.00936715 0.0101555  0.0102732  0.01178968 0.01349749]
[0.01323501 0.01596712 0.01721177 0.01723771 0.01774277 0.01829595]
[0.0040605  0.00523383 0.00622843 0.00853246 0.00990329 0.01272209]
[0.0036056  0.00663792 0.00919709 0.00945834 0.00968235 0.01002521]
[0.00506572 0.00507871 0.00992106 0.01092093 0.01094252 0.01295071]
[0.00917998 0.0095744  0.01487073 0.01642441 0.02025304 0.02061264]
[0.00454768 0.00794259 0.01183093 0.01305052 0.01404993 0.01454426]
[0.00598903 0.01322581 0.01494306 0.0176202  0.01767231 0.02017469]
[0.00577878 0.00709687 0.00734366 0.00813029 0.00985754 0.0117169 ]
[0.00655195 0.00863795 0.00976746 0.01057139 0.01424107 0.0148174 ]
[0.00696614 0.00853689 0.00869335 0.00946458 0.00985656 0.011196  ]
[0.00698624 0.00706598 0.00954495 0.01001157 0.01009828 0.0120102 ]
[0.00634287 0.00660482 0.00744451 0.00780405 0.00785196 0.00924263]
[0.00434431 0.0075837  0.00850372 0.00999214 0.01148168 0.01169969]
[0.00142257 0.00817296 0.00827739 0.00989531 0.01214943 0.01483317]
[0.01387116 0.01470249 0.01493817 0.01517827 0.01527432 0.01702326]
[0.00947419 0.00977231 0.00998179 0.01055086 0.01128828 0.01165717]
[0.00393276 0.00664163 0.00702848 0.00817508 0.00927523 0.00937614]
[0.00406704 0.01121625 0.0117707  0.01225284 0.01249769 0.0126231 ]
[0.00835256 0.00937981 0.00957995 0.01082723 0.01198474 0.0120792 ]
[0.00329608 0.00897621 0.01031771 0.01089566 0.01261627 0.0132984 ]
[0.00317136 0.00813106 0.00893761 0.01102416 0.01235366 0.01311932]
[0.00443279 0.00687513 0.00702461 0.01018564 0.01080125 0.01114229]
[0.00315823 0.0049979  0.01086307 0.01298716 0.01524439 0.01655551]
[0.00501932 0.00507225 0.00639901 0.00794748 0.00852623 0.01172609]
[0.00827468 0.01016457 0.01034487 0.010449   0.01046794 0.0114559 ]
[0.00506763 0.00720183 0.00737152 0.00825872 0.00948754 0.01122676]
[0.00216046 0.00411745 0.00525812 0.00619809 0.00731292 0.00771316]
[0.00299694 0.00413229 0.00467843 0.00482036 0.00486038 0.00608642]
[0.00219739 0.00460524 0.00573908 0.006798   0.00689132 0.00748594]
[0.00124808 0.00192012 0.00578588 0.00695473 0.00705871 0.00746249]
[0.00231009 0.00384671 0.00556227 0.00707956 0.00763689 0.00948705]
[0.00174042 0.00402879 0.00425258 0.00452249 0.00814226 0.01007907]
[0.00460918 0.01182967 0.01189212 0.01241214 0.01283036 0.0129492 ]
[0.00398971 0.00439819 0.00849472 0.00874771 0.00956549 0.00989182]
[0.00533694 0.00575449 0.00582228 0.00628201 0.0099569  0.01165762]
[0.00301448 0.00744825 0.00910106 0.01213462 0.01402846 0.0140387 ]
[0.00440568 0.00611471 0.0062844  0.0077809  0.00795509 0.0081939 ]
[0.00442504 0.00481184 0.00648147 0.00677296 0.00719357 0.00776295]
[0.00341991 0.00683932 0.00689539 0.0079806  0.00977637 0.0105533 ]
[0.00731653 0.00781346 0.00827099 0.00930449 0.00942901 0.01212693]
[0.0023396  0.00263644 0.00429841 0.00712049 0.00992727 0.01010567]
[0.00575358 0.00764574 0.00815611 0.00836362 0.00916846 0.00944284]
[0.00397571 0.00658917 0.00954952 0.01083009 0.01135347 0.01151893]
[0.00437291 0.00629936 0.00690877 0.00881677 0.00892358 0.00895523]
[0.00285125 0.00332274 0.00465568 0.00472183 0.00565867 0.00570334]
[0.00061637 0.0043264  0.00602007 0.00819688 0.00839519 0.0094634 ]
[0.00576162 0.00638919 0.00724084 0.00851632 0.00952994 0.00976451]
[0.00316238 0.00594463 0.00708395 0.00852909 0.00861464 0.00867737]
[0.00356973 0.00413318 0.00636967 0.00864319 0.00926722 0.00984952]
[0.00461608 0.00519903 0.00887745 0.01043722 0.01101269 0.01122245]
[0.00509411 0.00642234 0.00659565 0.0067205  0.01066785 0.0111417 ]
[0.00588931 0.00618089 0.00713534 0.00724541 0.00828253 0.00888111]
[0.00510443 0.00702833 0.00940933 0.00996849 0.01105308 0.01133938]
[0.00675338 0.00758547 0.00850822 0.01023706 0.01068149 0.01072936]
[0.00490356 0.00749432 0.00998669 0.01062874 0.01158966 0.01276706]
[0.00208357 0.00411124 0.00452368 0.0063005  0.0073937  0.00751782]
[0.00204289 0.00232073 0.00330043 0.00346312 0.00350265 0.00391212]
[0.00611962 0.00820481 0.00850167 0.00885767 0.0097339  0.01016551]
[0.00352953 0.00520232 0.00614932 0.00625231 0.00659499 0.0088135 ]
[0.00637911 0.00890408 0.00917965 0.01059901 0.01101028 0.01115916]
[0.00260626 0.00637943 0.0067164  0.00707888 0.00816054 0.0086122 ]
[0.00440323 0.00744766 0.00843455 0.00856086 0.00858616 0.00955546]
[0.006141   0.00765016 0.00779228 0.0082003  0.01145191 0.01198437]
