[0.00325269 0.00734131 0.0074495  0.00902763 0.00972354 0.00993756]
[0.00451907 0.00472552 0.00482293 0.00724657 0.00949183 0.01068159]
[0.00533228 0.0062878  0.00736436 0.00768132 0.00881528 0.00964583]
[0.00162609 0.00698623 0.0077092  0.00884544 0.00936859 0.01079482]
[0.00387117 0.0052475  0.00568652 0.00670247 0.00726401 0.00997215]
[0.00726648 0.0076583  0.01130934 0.01185209 0.01285105 0.01391999]
[0.00471192 0.00605342 0.0069655  0.00983915 0.00999502 0.01116001]
[0.00260678 0.00654618 0.00780817 0.00810653 0.00863472 0.00884465]
[0.00577215 0.00751115 0.0080693  0.00834278 0.00985365 0.00988424]
[0.0066917  0.00791303 0.00820751 0.00892838 0.00987573 0.01004726]
[0.0065317  0.00766489 0.0093133  0.00941899 0.00968239 0.01024433]
[0.00385079 0.00404999 0.00740014 0.00748626 0.00781253 0.0083624 ]
[0.00779873 0.00795415 0.00852529 0.00896809 0.0107911  0.01084823]
[0.0075323  0.00836984 0.00860629 0.0089076  0.00921797 0.00929653]
[0.00466369 0.00659188 0.0077962  0.00788683 0.00826767 0.00952923]
[0.00548039 0.00607587 0.00768457 0.00886211 0.00893526 0.00922196]
[0.00430527 0.00686615 0.00774146 0.01025596 0.01146409 0.01194946]
[0.00616036 0.00715868 0.00920387 0.01027624 0.01045868 0.01160181]
[0.00330821 0.00464514 0.00547775 0.00731054 0.00743293 0.00775719]
[0.00189152 0.00539229 0.00721889 0.0076099  0.00984775 0.01043694]
[0.00291382 0.00295013 0.00346208 0.0070563  0.00885332 0.00924921]
[0.0064922  0.00660134 0.0071832  0.00737863 0.00774686 0.0080143 ]
[0.00251379 0.00747557 0.01084565 0.0119461  0.01205893 0.01322395]
[0.00954929 0.0101221  0.01056815 0.01320517 0.01370045 0.01419714]
[0.00905386 0.01022849 0.01097275 0.0114086  0.01189032 0.01242561]
[0.0030219  0.00821839 0.00845284 0.00910175 0.01100696 0.01102015]
[0.0009807  0.00469702 0.00596192 0.00724704 0.00988278 0.01007775]
[0.00714934 0.01026225 0.01127628 0.01163689 0.01188117 0.01193462]
[0.00621042 0.0064621  0.00736753 0.00758362 0.00993872 0.01045675]
[0.00556593 0.01084449 0.01129228 0.01149423 0.0129926  0.01321727]
[0.00690283 0.0071601  0.00717673 0.00973857 0.01028104 0.01112395]
[0.0039597  0.00770037 0.00796918 0.00835174 0.00912295 0.00935662]
[0.00121741 0.00557541 0.00558269 0.00566665 0.0065002  0.00696568]
[0.00411299 0.00454475 0.00500993 0.00575345 0.00735693 0.00930616]
[0.00293589 0.00432467 0.00475551 0.00673588 0.00724949 0.00829127]
[0.00356369 0.00545864 0.00568466 0.00675197 0.00711762 0.00730216]
[0.00653023 0.00751886 0.00874235 0.00910705 0.0098692  0.00990955]
[0.0048257  0.00492646 0.00719372 0.00904968 0.01061926 0.01090625]
[0.00307774 0.00527238 0.0054893  0.00552838 0.00568819 0.00584889]
[0.00429902 0.0054521  0.0069533  0.00726085 0.00792608 0.00796677]
[0.00460826 0.00488823 0.00525501 0.00684703 0.00765607 0.00766365]
[0.00253137 0.00542386 0.00565622 0.00787639 0.00837596 0.00857649]
[0.00347425 0.00556064 0.00631298 0.007044   0.00774608 0.00943191]
[0.00476862 0.0058496  0.00639654 0.00733183 0.00755846 0.00814333]
[0.00486705 0.00581405 0.00637671 0.00687517 0.00783206 0.00792061]
[0.00575011 0.00614444 0.00628101 0.00738578 0.00758212 0.00873261]
[0.00642859 0.00678297 0.00708042 0.00828429 0.00845205 0.00870259]
[0.00375894 0.00427773 0.00499326 0.00542494 0.00832201 0.00967203]
[0.00485446 0.0049417  0.00685327 0.00748782 0.0075696  0.00768383]
[0.00247973 0.00273421 0.00532468 0.00593158 0.0063507  0.00754783]
[0.00266907 0.00424845 0.0059185  0.00719039 0.00739859 0.00763456]
[0.00427429 0.00450362 0.00458976 0.00512258 0.00514264 0.00548566]
[0.00351316 0.00368807 0.0037977  0.00428674 0.00579531 0.00635225]
[0.00583833 0.00585796 0.00644138 0.0067246  0.00731545 0.00805772]
[0.00647606 0.00713443 0.00824409 0.00936193 0.00990855 0.01005982]
[0.0014513  0.0029433  0.00401475 0.00818465 0.00908905 0.00944119]
[0.0029307  0.00613503 0.00856068 0.00866515 0.00893717 0.00960697]
[0.00528778 0.00540306 0.00555374 0.00659467 0.00698457 0.00832615]
[0.00191894 0.00261102 0.00491625 0.0058315  0.0069231  0.00746924]
[0.00523248 0.00597284 0.00598621 0.00609011 0.00732881 0.0079309 ]
[0.00369983 0.00536796 0.00544139 0.00628003 0.00669733 0.00702428]
[0.00226384 0.00673641 0.00808599 0.0084213  0.0096804  0.01071358]
[0.0015756  0.00513417 0.00527941 0.00639508 0.00674932 0.00768954]
[0.00465342 0.00670603 0.00691515 0.00759633 0.00760524 0.00855408]
[0.00763809 0.0103467  0.01150563 0.01296972 0.01387316 0.0139972 ]
[0.00432457 0.00501763 0.00580534 0.00782305 0.00915003 0.0097483 ]
[0.00267143 0.00431679 0.0058967  0.00667391 0.00709493 0.00867939]
[0.00183538 0.00586548 0.00595824 0.00696699 0.00699922 0.00730402]
[0.00264617 0.00451282 0.0059448  0.00676861 0.00879885 0.00934045]
[0.00489442 0.00564749 0.0057211  0.00653494 0.00670263 0.00770289]
[0.00276602 0.00473386 0.00525446 0.00613767 0.00649491 0.0071847 ]
[0.00290492 0.00431679 0.0050353  0.00579587 0.00655099 0.00738784]
[0.00253403 0.00319515 0.00489837 0.00538962 0.00600961 0.00613661]
[0.00373446 0.00504589 0.00539606 0.0055982  0.00601878 0.0071718 ]
[0.00374763 0.00440922 0.00515933 0.00633301 0.00672258 0.00792497]
[0.00590135 0.0073239  0.01182715 0.01203188 0.01394431 0.0141666 ]
[0.00184666 0.00523865 0.00621063 0.00647059 0.00669052 0.00685327]
[0.0072524  0.00783425 0.00809065 0.00895842 0.00915744 0.00932155]
[0.00184341 0.00384688 0.00442636 0.00527119 0.00568678 0.00609305]
[0.00214404 0.00350675 0.00374184 0.00389587 0.00411535 0.00414945]
[0.00066208 0.00066519 0.00181782 0.00192759 0.00221813 0.00273368]
[0.00286774 0.00293407 0.00434905 0.00491374 0.00507703 0.00508899]
[0.00443559 0.00524293 0.00544672 0.00605289 0.00619586 0.00657575]
[0.00169101 0.00289215 0.00411107 0.00499844 0.00528284 0.00559514]
[0.00131228 0.0036767  0.00521568 0.00606008 0.00697787 0.00733939]
[0.00295495 0.00332583 0.00402445 0.00407002 0.00501243 0.00531907]
[0.00203732 0.00242481 0.00277563 0.00300482 0.00308103 0.00462963]
[0.00200099 0.00224538 0.00266028 0.00290717 0.00307027 0.00348735]
[0.00166522 0.0022102  0.00240908 0.00252865 0.00337134 0.00354955]
[0.00237089 0.00377285 0.00426135 0.00447932 0.00515006 0.00526805]
[0.00263927 0.00398207 0.00597421 0.00645335 0.00670376 0.00676493]
[0.00244588 0.00531908 0.00575129 0.00576941 0.00584882 0.00605428]
[0.00298461 0.0032162  0.00351057 0.00386656 0.00412661 0.00504714]
[0.00170615 0.00265986 0.0044348  0.00446991 0.00516213 0.00599346]
[0.00233532 0.00255509 0.00351431 0.00394817 0.0053045  0.00654534]
[0.00203482 0.00339489 0.00368581 0.004192   0.0044272  0.00546281]
[0.00353788 0.00362009 0.00374187 0.00470823 0.00546063 0.00592763]
[0.00168852 0.0033532  0.00364722 0.00427361 0.00463251 0.00498492]
[0.0020853  0.00298531 0.00311036 0.00540168 0.00547766 0.00601553]
[0.00245241 0.00297393 0.00376451 0.00491413 0.0049465  0.00504446]
[0.00327906 0.00546621 0.00580299 0.00624285 0.00625813 0.00661554]
[0.00206202 0.00252754 0.00255241 0.0025677  0.00343666 0.00345189]
[0.00091788 0.00164414 0.0020093  0.0031621  0.00346041 0.00358306]
[0.00329037 0.00346033 0.003983   0.00481538 0.00489941 0.00510237]
[0.00304587 0.00388367 0.00429692 0.00432407 0.00444108 0.00456828]
[0.00184991 0.00327452 0.00347782 0.00372217 0.00439058 0.00460405]
[0.00140817 0.00251992 0.00262269 0.00278816 0.00324535 0.00331169]
[0.00299561 0.00328298 0.00369039 0.00394803 0.00400316 0.00454432]
[0.0012373  0.00125768 0.00129316 0.00287119 0.00296332 0.00434435]
[0.00150924 0.0018208  0.00201185 0.00234855 0.00379798 0.00398991]
[0.00260048 0.00488171 0.00565415 0.00576798 0.00703271 0.00712696]
[0.00123597 0.00425683 0.00435388 0.00457945 0.00461504 0.00527981]
[0.00237675 0.00486278 0.00540234 0.00573345 0.00661493 0.0069361 ]
[0.00136247 0.00190683 0.0058638  0.00595158 0.00617628 0.00640524]
[0.00309862 0.00568554 0.00856818 0.00931115 0.0099956  0.01001504]
[0.00567825 0.00603136 0.00656214 0.00677129 0.00721279 0.00762854]
[0.00262912 0.00326212 0.00483819 0.00521707 0.00628374 0.00658537]
[0.00112979 0.00540429 0.00583103 0.00707161 0.00826645 0.00851395]
[0.00335067 0.00430372 0.00557349 0.00671395 0.00702424 0.0074283 ]
[0.00102057 0.00213303 0.00486624 0.00544127 0.00559262 0.00760227]
[0.00399594 0.00526192 0.00674314 0.00701165 0.0075055  0.0077973 ]
[0.00518831 0.00528949 0.00679088 0.00761068 0.00773431 0.00812136]
[0.00498244 0.00571716 0.0058379  0.0058575  0.00630475 0.00735184]
[0.00476211 0.00480024 0.00661737 0.00700102 0.00703457 0.00809171]
[0.00433705 0.00524973 0.00574637 0.00686705 0.00701637 0.00749201]
[0.00224566 0.00318968 0.00349054 0.00401818 0.00572847 0.00594657]
[0.00306167 0.00584532 0.00597646 0.00607952 0.00856275 0.00857918]
[0.0058609  0.00620428 0.00698688 0.0071992  0.00743389 0.00753684]
[0.0035716  0.00905466 0.00949806 0.00973642 0.01002674 0.01132139]
[0.00488845 0.00636096 0.00683461 0.00864112 0.00935177 0.00948519]
[0.00181911 0.00190847 0.00334462 0.00343358 0.00358582 0.00404047]
[0.00508194 0.00587255 0.00612694 0.00662629 0.00696785 0.00725068]
[0.00268829 0.0036172  0.0040703  0.00672932 0.00688498 0.00690349]
[0.0031679  0.00356653 0.00362651 0.00384033 0.00408517 0.00415219]
[0.00202675 0.00261436 0.00329274 0.00367763 0.00386268 0.00416323]
[0.00154932 0.00167398 0.00276391 0.00290152 0.00331703 0.00422966]
[0.00106236 0.00230498 0.00322448 0.00344696 0.00363943 0.00385844]
[0.00115119 0.00288712 0.00353097 0.00372619 0.00414833 0.0041677 ]
[0.00267687 0.00426883 0.00428917 0.00494105 0.00495725 0.00509402]
[0.00256922 0.00411577 0.00419761 0.00436992 0.00493255 0.00501422]
[0.0021166  0.0032204  0.00388925 0.00390865 0.0041386  0.004519  ]
[0.00362987 0.00544147 0.00640615 0.00655637 0.00705878 0.00710937]
[0.00266285 0.0035276  0.00425662 0.00489501 0.00490867 0.00668944]
[0.00386785 0.00397798 0.00421726 0.00437478 0.00452254 0.00553111]
[0.00273277 0.00282439 0.00348404 0.00402284 0.00413543 0.00427442]
[0.00119981 0.00275642 0.0028261  0.00325909 0.00343315 0.00386588]
[0.00444926 0.00496723 0.00510375 0.00543022 0.00632983 0.00674156]
[0.00221762 0.00319526 0.00349403 0.0036117  0.00374322 0.00408516]
[0.0020332  0.00363551 0.00387358 0.00495336 0.005115   0.00561265]
[0.00274439 0.00345051 0.00383557 0.00408087 0.0044445  0.0045818 ]
[0.00219841 0.0030525  0.00447111 0.00533661 0.00549578 0.00582852]
[0.00267047 0.0028439  0.00286022 0.00319947 0.00359782 0.00427545]
[0.00345404 0.00420684 0.00451192 0.00479814 0.00485941 0.00508325]
[0.00228469 0.00358328 0.00361874 0.00452597 0.00498748 0.00501024]
[0.00442315 0.00472256 0.00489799 0.00623333 0.00669658 0.00712541]
[0.00129208 0.00308132 0.00313704 0.00363848 0.00473646 0.00495349]
[0.00265164 0.00332846 0.00354795 0.00461771 0.00552908 0.00564791]
[0.00342473 0.00357078 0.00376237 0.0048343  0.00567697 0.006148  ]
[0.00061757 0.00312522 0.00364987 0.00407826 0.00490195 0.00493162]
[0.00295506 0.00578315 0.00579895 0.00656926 0.00677838 0.00681923]
[0.00210437 0.00453615 0.00475484 0.00545526 0.00561608 0.00646374]
[0.00267392 0.00542504 0.00836871 0.0083991  0.0088727  0.00894663]
[0.00192515 0.00365337 0.00423933 0.00634928 0.00655876 0.00668403]
[0.00249334 0.0062529  0.00702893 0.00793047 0.00847079 0.00885653]
[0.00092404 0.00110423 0.00385106 0.00387679 0.00398266 0.0043574 ]
[0.00267382 0.00268832 0.00318057 0.00363169 0.00502512 0.00504505]
[0.0040989  0.0042115  0.00444467 0.00511266 0.00560053 0.005605  ]
[0.00159898 0.00377934 0.00400274 0.00411354 0.00424204 0.00462467]
[0.00248058 0.00249445 0.00357847 0.00401338 0.00423319 0.00516361]
[0.00116406 0.00167359 0.00244814 0.0031435  0.00389843 0.00428376]
[0.00382709 0.00383181 0.00526877 0.00586687 0.00620723 0.00624788]
[0.00343457 0.00452038 0.00623461 0.00671748 0.00676802 0.00722783]
[0.00198915 0.00271614 0.00334058 0.00493039 0.006176   0.0070592 ]
[0.00437748 0.0051406  0.00558403 0.00587658 0.00615444 0.00622845]
[0.00251396 0.00449879 0.00484698 0.00674733 0.00709846 0.00718089]
[0.00193219 0.00570074 0.00605454 0.00689604 0.0070433  0.0070584 ]
[0.00361988 0.00548987 0.00593969 0.00717462 0.00720848 0.00721975]
[0.0047171  0.00497071 0.00544858 0.00563763 0.00569441 0.00583296]
[0.00387453 0.00400044 0.00425405 0.00530941 0.00611772 0.00690309]
[0.00363133 0.00423192 0.00447387 0.00452245 0.00564704 0.00575389]
[0.00513955 0.00549067 0.00600353 0.00630246 0.00675985 0.00683537]
[0.00259321 0.00283096 0.00471036 0.00638819 0.00652243 0.00689152]
[0.00178095 0.00210333 0.00324856 0.0034978  0.00390529 0.0042597 ]
[0.00044102 0.0028204  0.00417079 0.00444056 0.00490028 0.0055621 ]
[0.00076761 0.00113654 0.00269333 0.00286653 0.00287998 0.0030726 ]
[0.00205571 0.00329532 0.00366023 0.00439439 0.00445055 0.00466626]
[0.00133496 0.00462142 0.0046588  0.00494659 0.00506698 0.00553042]
[0.0025046  0.00313963 0.00388124 0.00410639 0.00485477 0.00533724]
[0.00389221 0.00397057 0.00403753 0.00423658 0.00436612 0.00538492]
[0.00232051 0.00423312 0.00533342 0.00636613 0.00698049 0.00699334]
[0.00326598 0.00382932 0.00523226 0.0055312  0.00579211 0.00606428]
[0.00262522 0.00273686 0.00305456 0.00331303 0.00432108 0.00519012]
[0.0013198  0.00184245 0.00193951 0.00271885 0.00315175 0.00386927]
[0.00051431 0.0021064  0.00332051 0.00361366 0.00432658 0.00468371]
[0.00110152 0.00234476 0.00458736 0.00522383 0.00641634 0.00664995]
[0.00314332 0.00338333 0.00432424 0.0043818  0.00453613 0.00538489]
[0.00172631 0.0039447  0.00413875 0.00479475 0.00483648 0.00502766]
[0.00092416 0.00162627 0.00378218 0.00483898 0.00517558 0.00646777]
[0.00249917 0.00286653 0.00346269 0.00353424 0.00386123 0.00458058]
[0.00286294 0.00368346 0.00420682 0.0049107  0.0049223  0.00516676]
[0.00400369 0.0040812  0.00481243 0.00526089 0.0053485  0.00568837]
[0.00391237 0.00582913 0.00590262 0.00672652 0.00695032 0.00713913]
[0.00333612 0.00347641 0.00410665 0.00439378 0.00500384 0.00535374]
[0.00375942 0.00556693 0.00561443 0.00563165 0.00684647 0.00792126]
[0.00413871 0.00537544 0.00552725 0.00596919 0.00724046 0.00792911]
[0.00449286 0.00495181 0.00629771 0.007083   0.00711574 0.00776815]
[0.00119733 0.00289221 0.0031593  0.00319166 0.00355538 0.00391217]
[0.00187645 0.00347279 0.00379902 0.00392396 0.00453672 0.0050237 ]
[0.00617038 0.0073286  0.00839285 0.00859698 0.00873016 0.00945235]
[0.00315806 0.0047782  0.00558647 0.00584581 0.00625707 0.0069133 ]
[0.00545033 0.00718509 0.00747    0.00812356 0.0092567  0.01120401]
[0.00849016 0.00900941 0.00922246 0.01044893 0.0114323  0.01313152]
[0.00314046 0.01006829 0.01034999 0.01150158 0.01189072 0.01207688]
[0.00505135 0.00584269 0.00645034 0.00935186 0.00985092 0.01066393]
[0.0040731  0.00672719 0.00728865 0.00843711 0.00929461 0.01006284]
[0.00258797 0.00587933 0.00630017 0.00662253 0.0077662  0.0078719 ]
[0.00778884 0.00841113 0.00886634 0.00890325 0.00978646 0.01095624]
[0.00442677 0.00574026 0.00575885 0.00676826 0.00810085 0.00816535]
[0.00848025 0.00966777 0.01009771 0.01034295 0.01142437 0.01152359]
[0.00284797 0.00800598 0.00949948 0.00953821 0.01004857 0.01012539]
[0.00668828 0.00732761 0.00816099 0.00876347 0.00909229 0.00909919]
[0.00524851 0.00700273 0.00781578 0.00855481 0.00863959 0.0096392 ]
[0.00426801 0.0081356  0.00908991 0.00946364 0.01084311 0.0134551 ]
[0.00733497 0.00775218 0.00861335 0.00880091 0.00895902 0.00977114]
[0.0030272  0.00424282 0.00976229 0.00995558 0.01026362 0.01085792]
[0.00648542 0.00751579 0.00762199 0.00779361 0.0094518  0.0099185 ]
[0.01335961 0.01349391 0.01365677 0.01382483 0.01493148 0.01578174]
[0.0058509  0.00689509 0.00882683 0.0098188  0.0114133  0.01281036]
[0.00792713 0.0111662  0.01165441 0.01260967 0.01354429 0.01454096]
[0.00619805 0.00771536 0.00841407 0.00886767 0.01004461 0.01020532]
[0.00757286 0.00783854 0.00857045 0.00876644 0.00882801 0.00921129]
[0.00479157 0.00627197 0.00649019 0.00699137 0.00712967 0.01019943]
[0.00549248 0.0084222  0.0086526  0.00915482 0.00920697 0.00965405]
[0.00401614 0.00527938 0.00784148 0.00831015 0.00886328 0.00925457]
[0.00332265 0.00536027 0.00699927 0.00718819 0.00769967 0.00773069]
[0.0033676  0.00465979 0.00530094 0.00631642 0.00774617 0.00819354]
[0.00521521 0.00583357 0.00601855 0.00754211 0.00803409 0.00819957]
None
[0.00314198 0.00358022 0.00426261 0.00571734 0.00616622 0.00626847]
[0.00387833 0.00463011 0.00556919 0.00566056 0.00635095 0.00644823]
[0.00386277 0.00420684 0.00627904 0.00630935 0.00686679 0.00753529]
[0.0037665  0.00400238 0.00475366 0.00583082 0.00749022 0.00757306]
[0.00450102 0.00509555 0.0053549  0.00546742 0.00635206 0.00641034]
[0.00435653 0.00680933 0.00714977 0.00751103 0.00783466 0.00961897]
[0.0034798  0.00414694 0.00582875 0.00626631 0.00687857 0.00688823]
[0.00722143 0.00785123 0.0094498  0.01001606 0.01020282 0.01059861]
[0.00414324 0.00676612 0.00875393 0.00881653 0.00906945 0.00952155]
[0.00527041 0.00638311 0.00765864 0.00894062 0.00962083 0.00971606]
[0.00247518 0.00553571 0.00954738 0.01239292 0.01343284 0.01348272]
[0.00177601 0.00524018 0.00581026 0.00703963 0.00891687 0.00946808]
[0.00817305 0.00881901 0.0091967  0.00940054 0.00981058 0.01149352]
[0.0045307  0.00624087 0.00624749 0.00692064 0.00702679 0.00709694]
[0.00518841 0.00591542 0.00674217 0.00715677 0.00779541 0.00813138]
[0.00249596 0.00405334 0.00502848 0.00699287 0.0073683  0.00856318]
[0.00788207 0.00857199 0.00878721 0.00885753 0.00906971 0.01113924]
[0.00354612 0.00557538 0.00770088 0.00847379 0.00909394 0.00956387]
[0.00563389 0.0061251  0.0063046  0.00702746 0.0070862  0.00760494]
[0.00328696 0.0039584  0.00572868 0.00632283 0.00759102 0.00821605]
[0.0056946  0.00685101 0.00701594 0.01009597 0.01066495 0.0106989 ]
[0.00216819 0.00558902 0.00695583 0.00757093 0.00761418 0.00866555]
[0.00122976 0.00491045 0.00593905 0.00957846 0.01037934 0.01075287]
[0.00289868 0.00782303 0.00816414 0.00868162 0.00925639 0.01061002]
[0.00447073 0.00540636 0.00546492 0.00590212 0.00734626 0.0080799 ]
[0.00426082 0.00559321 0.0065383  0.00657634 0.00696062 0.0082423 ]
[0.00773041 0.00802799 0.00823464 0.00851227 0.00966022 0.00977872]
[0.00283134 0.00421403 0.00582052 0.00704509 0.00796753 0.00857768]
[0.00490854 0.00647333 0.00851521 0.00896076 0.00970988 0.01048777]
[0.00653135 0.00799244 0.00823171 0.00848256 0.00928374 0.00944148]
[0.00740485 0.0078826  0.008635   0.00916151 0.0098377  0.0102965 ]
[0.00615549 0.00742444 0.00746733 0.00853159 0.00881824 0.00921408]
[0.00262304 0.00284806 0.00328383 0.0052815  0.00584682 0.00589222]
[0.00276192 0.00719496 0.00806698 0.00894349 0.00905355 0.00993152]
[0.00345438 0.00415372 0.00619247 0.00649248 0.00755866 0.00775438]
[0.00524461 0.00827546 0.00952972 0.01014396 0.01045608 0.01068253]
[0.00564222 0.00628886 0.00644368 0.00727487 0.00789975 0.00858129]
[0.00703287 0.00744755 0.01149419 0.01288336 0.01381829 0.01384363]
[0.00667266 0.007109   0.00723987 0.00935132 0.0096093  0.01002146]
[0.00320693 0.00351927 0.00379808 0.00442353 0.00498994 0.00557491]
[0.00487376 0.00678848 0.00861401 0.008904   0.00947922 0.01038553]
[0.0072075  0.00772345 0.00795893 0.00804066 0.00835641 0.00894992]
[0.00665058 0.01023014 0.01105257 0.01147737 0.01166629 0.01224762]
[0.00922085 0.00968354 0.00983491 0.01054484 0.01097866 0.01203649]
[0.00434491 0.00640019 0.00797454 0.00849734 0.00980536 0.01223743]
[0.00712355 0.01043229 0.01066625 0.01113727 0.01119866 0.01138985]
[0.0027071  0.00358199 0.00458074 0.00527199 0.00561404 0.00780297]
[0.00791613 0.00820001 0.00859241 0.00868886 0.00898639 0.00989164]
[0.00172356 0.0069451  0.00816625 0.0085449  0.0098676  0.01088942]
[0.00324505 0.00330366 0.0036545  0.00779322 0.00780471 0.00800761]
[0.00360727 0.0106662  0.01154068 0.01254538 0.01255286 0.01323504]
[0.00808037 0.00851924 0.00963973 0.00988951 0.01018016 0.01020036]
[0.001996   0.00609669 0.00634337 0.00855571 0.00994749 0.01023601]
[0.00457652 0.00540745 0.00626041 0.00632655 0.00654885 0.00657219]
[0.00159186 0.00389549 0.00429456 0.00499087 0.00818745 0.00846741]
[0.0083922  0.00897743 0.00931167 0.01035192 0.01068277 0.01109851]
[0.00514845 0.00607667 0.00702448 0.00861824 0.00897504 0.00967728]
[0.00852677 0.00949169 0.01004628 0.01016334 0.01111256 0.01189619]
[0.00642559 0.00681014 0.00770713 0.00836947 0.00892032 0.00936068]
[0.00706143 0.00831821 0.0091997  0.00989965 0.00993457 0.01037807]
[0.00454395 0.00458414 0.00523884 0.00549605 0.00567932 0.00576295]
[0.00519957 0.00528947 0.00597943 0.00708215 0.00737249 0.00759466]
[0.00100293 0.00322665 0.00748766 0.00796197 0.00865023 0.00922789]
[0.00254464 0.00451391 0.00502664 0.00829147 0.00910065 0.00911325]
[0.0057712  0.00582428 0.00628637 0.00744067 0.00812038 0.00819835]
[0.00444357 0.00543791 0.00738731 0.00885134 0.00920789 0.00938107]
[0.00338061 0.00411817 0.00582121 0.00639315 0.00640625 0.00797538]
[0.00485643 0.00504915 0.0058052  0.00663411 0.00762649 0.00770419]
[0.00380312 0.00527198 0.00770823 0.00801963 0.00815586 0.00832493]
[0.00609096 0.00891057 0.00954265 0.01095958 0.01121198 0.01142233]
[0.0015449  0.00700504 0.00746014 0.00767464 0.00982973 0.01042941]
[0.00571654 0.00669026 0.00780543 0.00794491 0.00817463 0.00872283]
[0.00485241 0.00606688 0.00785057 0.00837538 0.00839076 0.00869704]
[0.00257799 0.00369711 0.00464834 0.0054723  0.00558724 0.00584709]
[0.0024846  0.00255373 0.00328656 0.00395445 0.00440597 0.00677569]
[0.00229181 0.00392558 0.00664717 0.00722558 0.00740311 0.00857898]
[0.00263149 0.00477034 0.00527482 0.00605821 0.00611874 0.00687571]
[0.00305925 0.00600642 0.00602211 0.00673282 0.0069706  0.00733959]
[0.00224636 0.00371628 0.0059122  0.00602189 0.00619483 0.00655466]
[0.00499429 0.0053403  0.00563493 0.00632286 0.00677089 0.00785882]
[0.00377811 0.00386738 0.00422135 0.00509882 0.00606319 0.00673866]
[0.00438565 0.0059067  0.00611365 0.00679545 0.00693615 0.0075123 ]
[0.00305859 0.00621987 0.00719331 0.00727202 0.00849879 0.00915471]
[0.00337921 0.0036862  0.00521885 0.00541034 0.00776045 0.00781104]
[0.00320475 0.00596801 0.00792345 0.00933794 0.00954837 0.00982534]
[0.00542385 0.00640354 0.0068831  0.00703751 0.00842508 0.00860076]
[0.00431333 0.00596054 0.00761011 0.00778042 0.00917829 0.01176787]
[0.00267209 0.00600126 0.00846805 0.00925877 0.00956937 0.01030231]
[0.00352535 0.00441568 0.00508603 0.00544755 0.00603023 0.00609684]
[0.00078273 0.00346259 0.00415134 0.00494791 0.00619287 0.00620467]
[0.0037579  0.00390914 0.00477025 0.00555211 0.00637204 0.0077047 ]
[0.00483891 0.00607679 0.0062572  0.00774735 0.00793248 0.00861207]
[0.00200228 0.00292989 0.00317964 0.00369596 0.0042668  0.0043987 ]
[0.00375329 0.00593482 0.00624736 0.0062763  0.00634932 0.00734619]
[0.00350205 0.00632457 0.00735798 0.0079106  0.0080627  0.00877253]
[0.00231436 0.00379097 0.00566249 0.0063554  0.00638258 0.00665698]
[0.00408344 0.00652976 0.00720883 0.00790356 0.00795235 0.00875608]
[0.00148386 0.00263095 0.00317817 0.00386952 0.00444696 0.00525673]
[0.00249901 0.00311257 0.0043334  0.0057751  0.00655325 0.00692444]
[0.0020021  0.00251276 0.00304031 0.00324551 0.00408503 0.00415205]
[0.00478812 0.00614033 0.00730461 0.00764289 0.00771511 0.00899395]
[0.00310338 0.00359784 0.00450358 0.00462686 0.00537719 0.00539865]
[0.00134351 0.00224444 0.00365748 0.00463855 0.00547467 0.0056033 ]
[0.00241828 0.00301995 0.0036318  0.00402905 0.00505884 0.00511935]
[0.00111321 0.00236932 0.00395007 0.00476529 0.00540001 0.0054508 ]
[0.00047438 0.00272528 0.00455069 0.00488578 0.0050679  0.00510196]
[0.00157668 0.00228685 0.00337751 0.00362064 0.00441739 0.00477813]
[0.00206776 0.0038037  0.00433047 0.00464619 0.00552737 0.00558238]
[0.00254629 0.00336252 0.00388909 0.00481786 0.00529535 0.00570951]
[0.00479095 0.00666755 0.00678289 0.00725849 0.00776804 0.00777952]
[0.00240641 0.00417621 0.00502709 0.00655097 0.00753714 0.00814857]
[0.00160591 0.00227047 0.00320146 0.00360663 0.00383871 0.00417286]
[0.00076232 0.00326338 0.00432599 0.00544828 0.00588797 0.00627872]
[0.00436072 0.00516021 0.00697374 0.00764159 0.00905157 0.00916951]
[0.0047102  0.00528519 0.005406   0.00628335 0.00648763 0.00695275]
[0.00303983 0.00435692 0.00467222 0.00570868 0.00582684 0.00591785]
[0.00222824 0.00688751 0.0069834  0.00847008 0.00855306 0.00904151]
[0.00335076 0.00556099 0.00739319 0.00819732 0.00854325 0.00858306]
[0.00406514 0.00667878 0.00771315 0.00772551 0.00780326 0.00811474]
[0.00546238 0.00695999 0.00701915 0.00776795 0.00803554 0.00808792]
[0.0037001  0.00396699 0.00447673 0.00531532 0.00585555 0.00619476]
[0.00151015 0.00168483 0.00341967 0.00344235 0.00404325 0.00408749]
[0.00241412 0.00333183 0.00529815 0.00607101 0.00695566 0.00734981]
[0.00176552 0.00453733 0.00479637 0.00486945 0.00520272 0.00525868]
[0.0061607  0.00642494 0.00666677 0.00705478 0.00711529 0.00714414]
[0.00538474 0.00557385 0.0057058  0.0061116  0.00776228 0.007931  ]
[0.00510213 0.00514453 0.00540153 0.00808361 0.00849917 0.00948536]
[0.00420364 0.00673696 0.00783765 0.00789637 0.0081415  0.00987769]
