[0.00322597 0.00439809 0.005572   0.006589   0.00736637 0.0080453 ]
[0.00148614 0.00200789 0.00216312 0.00506668 0.0051357  0.00550991]
[0.00494731 0.00541164 0.00548308 0.00649781 0.00670399 0.00674553]
[0.0048398  0.00507177 0.00516058 0.00583875 0.0066155  0.00677765]
[0.00200861 0.00251871 0.00281721 0.00331943 0.00364539 0.00386516]
[0.00336979 0.00415944 0.00451774 0.00536337 0.00574817 0.006073  ]
[0.00498462 0.00536775 0.00589733 0.00598519 0.00676437 0.00689427]
[0.00419391 0.00532016 0.00607429 0.00664277 0.00675241 0.00686652]
[0.00317948 0.00347472 0.00478963 0.00560385 0.00652661 0.00671081]
[0.00677477 0.00736667 0.00756994 0.00857181 0.00978683 0.01019554]
[0.00378635 0.00514166 0.00524586 0.00588176 0.00597703 0.00611561]
[0.00326764 0.00411052 0.00450468 0.00463249 0.00477968 0.00533425]
[0.00052159 0.00287523 0.00371672 0.00445433 0.00465337 0.00547931]
[0.00452405 0.00512699 0.00517271 0.00579412 0.0058151  0.00587992]
[0.00283984 0.00498458 0.005014   0.00549586 0.00566441 0.00580851]
[0.00384207 0.00409805 0.00478399 0.00521836 0.00540157 0.00540284]
[0.00541348 0.00568429 0.00724115 0.00752226 0.0076985  0.00852144]
[0.00346594 0.00425638 0.00471315 0.00515385 0.0061106  0.00621609]
[0.00140075 0.00153484 0.00329677 0.00343759 0.0042216  0.00460667]
[0.00239352 0.00408667 0.00496661 0.00532007 0.00563361 0.00575424]
[0.00265008 0.00449164 0.00484149 0.00548049 0.00549194 0.00621163]
[0.00333939 0.003934   0.00413894 0.00512184 0.00523177 0.0053114 ]
[0.00387133 0.00397855 0.00422206 0.00435003 0.00459904 0.00463962]
[0.00365808 0.00403522 0.00416449 0.00535825 0.00555937 0.00607021]
[0.00387371 0.0042352  0.00424657 0.00495543 0.00599131 0.00627896]
[0.00129691 0.00230159 0.00279895 0.00304422 0.00333447 0.00366198]
[0.00239641 0.00285338 0.00335924 0.003369   0.00350735 0.0035227 ]
[0.00337245 0.00387264 0.00532314 0.00599053 0.0062434  0.00631486]
[0.00278317 0.00377449 0.00386322 0.00491123 0.00501366 0.00515043]
[0.00275414 0.00368707 0.00411123 0.00428716 0.00523397 0.00555192]
[0.00430848 0.00445572 0.00482402 0.00539213 0.00600848 0.00627633]
[0.00295202 0.00368652 0.003721   0.0037885  0.00464977 0.00487278]
[0.00241936 0.00277736 0.00315003 0.0034156  0.00353562 0.00390633]
[0.00174592 0.00189518 0.00219142 0.00243141 0.00270839 0.00275768]
[0.00143473 0.00188227 0.00196337 0.0023889  0.00254151 0.0030857 ]
[0.00153544 0.00173466 0.00248208 0.0025911  0.00265425 0.00279534]
[0.00249598 0.00353849 0.00388465 0.00408151 0.00503915 0.00536545]
[0.00235447 0.00250305 0.00372754 0.00400878 0.0049026  0.00507529]
[0.00192444 0.00243447 0.00314891 0.00363258 0.00410557 0.00421325]
[0.00178101 0.00260192 0.00284244 0.00299697 0.00331356 0.0035993 ]
[0.00250693 0.00362718 0.0036888  0.00499985 0.00520706 0.0054118 ]
[0.00297506 0.00426933 0.00583771 0.00612684 0.00638981 0.00639383]
[0.00287988 0.00385844 0.00391022 0.00412231 0.00439839 0.00463112]
[0.00208206 0.00309784 0.00432709 0.00437554 0.00456827 0.00472231]
[0.00250282 0.00258522 0.002907   0.00296817 0.00352318 0.00389383]
[0.00266532 0.00328876 0.00388795 0.00392175 0.0052174  0.00525256]
[0.00388007 0.00391181 0.00411683 0.00413804 0.0046077  0.00488201]
[0.00274612 0.00390083 0.00414583 0.00515971 0.00521836 0.00539433]
[0.00226237 0.00343004 0.0036758  0.00400277 0.00483009 0.00486919]
[0.00164317 0.0024179  0.00246416 0.00272178 0.00284528 0.00338356]
[0.00080019 0.00135655 0.00221108 0.00246633 0.00284476 0.00305646]
[0.00114229 0.00148356 0.00234169 0.00306147 0.00354204 0.00386856]
[0.00186678 0.00333467 0.00343799 0.00397639 0.00406931 0.00490047]
[0.00153697 0.00162768 0.00195733 0.00213974 0.00272439 0.00299021]
[0.0027366  0.00420187 0.0043378  0.00442645 0.00480339 0.00496083]
[0.00178817 0.0023313  0.0025043  0.00258395 0.00358794 0.00392096]
[0.00156452 0.00179404 0.00235394 0.0034019  0.0038768  0.00393521]
[0.00162211 0.00244614 0.00321583 0.00364034 0.00374712 0.00402481]
[0.00305172 0.00314979 0.00409196 0.00431302 0.00448885 0.00459432]
[0.00304024 0.00316365 0.0034141  0.00342062 0.00348926 0.0039491 ]
[0.00198156 0.00273809 0.00292198 0.00313861 0.00328318 0.00336482]
[0.00117413 0.00258703 0.00304368 0.0032391  0.003335   0.00341269]
[0.00213576 0.0023202  0.00243821 0.00290206 0.00315656 0.00356181]
[0.00243252 0.00290656 0.00294841 0.00338237 0.00347983 0.0042235 ]
[0.00175785 0.0026113  0.00301342 0.00314068 0.00325396 0.00330457]
[0.00155748 0.00186888 0.00203662 0.00311621 0.00317966 0.00364204]
[0.00328684 0.00354037 0.00365102 0.00366688 0.00386036 0.00428762]
[0.00172559 0.0025623  0.00272008 0.00277162 0.00291    0.00294965]
[0.00190231 0.00211423 0.00276919 0.00379564 0.00392287 0.0039282 ]
[0.00352853 0.00365267 0.00372307 0.00449693 0.00458726 0.00513696]
[0.00149    0.00249497 0.00370542 0.00389826 0.00393557 0.0042556 ]
[0.00278067 0.00345338 0.00364587 0.00366039 0.00435868 0.00449087]
[0.00197062 0.00273931 0.00460955 0.00513552 0.00531237 0.00551553]
[0.00242903 0.00295732 0.00312476 0.00321677 0.00344767 0.00393835]
[0.00210838 0.00251874 0.00291959 0.00302356 0.00348193 0.00357844]
[0.0031651  0.00338741 0.00355907 0.00363521 0.00366735 0.0039281 ]
[0.00042436 0.00240238 0.00263096 0.00270087 0.00325306 0.00333714]
[0.00169858 0.00360662 0.00367662 0.00369346 0.004008   0.00412299]
[0.00313003 0.00360714 0.00361362 0.00371945 0.00387781 0.00406384]
[0.00116241 0.00281256 0.00286554 0.00372126 0.00392072 0.00409965]
[0.00175683 0.00257283 0.00259788 0.00290566 0.00294507 0.0030371 ]
[0.00104447 0.00214163 0.0023234  0.00255819 0.00284007 0.0029424 ]
[0.00060822 0.00230225 0.00288088 0.00393804 0.00414336 0.00429735]
[0.00275862 0.00376819 0.00439183 0.00441984 0.0046427  0.00465298]
[0.00191919 0.00304111 0.00308801 0.0032905  0.00358402 0.00362644]
[0.00245091 0.00293367 0.00347803 0.00362747 0.00426433 0.00428095]
[0.00177045 0.00237872 0.00241502 0.00276199 0.00313733 0.00398569]
[0.00230171 0.00258099 0.00262355 0.00352306 0.0037368  0.00386541]
[0.00194033 0.00217318 0.00269933 0.0027852  0.00283859 0.00339049]
[0.00154666 0.0034836  0.00401852 0.00421449 0.00433969 0.00459642]
[0.00112729 0.00209261 0.00233614 0.00244226 0.00317312 0.00343464]
[0.00206754 0.00217193 0.00273898 0.00275652 0.00357043 0.00386661]
[0.00236647 0.00301    0.00429265 0.00499591 0.00554378 0.00567742]
[0.00187839 0.00215983 0.002769   0.00327747 0.00333042 0.00339979]
[0.00206836 0.00232536 0.00242795 0.00293196 0.00326663 0.00350478]
[0.00158011 0.00199498 0.00212464 0.00238318 0.00246739 0.00257482]
[0.00092893 0.00200653 0.00228957 0.0025344  0.00295898 0.00327138]
[0.00286588 0.00330048 0.00337412 0.00366194 0.00387673 0.00392857]
[0.00118513 0.00141588 0.00224371 0.0025781  0.00258215 0.00324754]
[0.00324362 0.00444896 0.00453331 0.00461416 0.00464031 0.00496414]
[0.00205711 0.00343277 0.00357081 0.00374304 0.00389791 0.00445205]
[0.00276736 0.002841   0.00325722 0.00366658 0.00376354 0.00385927]
[0.00126832 0.00197541 0.00198096 0.00201247 0.00233133 0.002684  ]
[0.00265436 0.00285371 0.00317492 0.00336906 0.00404069 0.0043182 ]
[0.00188885 0.00189757 0.00233706 0.00264825 0.00277024 0.00366172]
[0.00174326 0.00304392 0.00357379 0.00374575 0.00433965 0.00440162]
[0.00163169 0.00334054 0.00410127 0.00412626 0.00444614 0.00470032]
[0.00139327 0.00288825 0.00347413 0.00378153 0.00390857 0.00401359]
[0.00192741 0.00216535 0.00225682 0.00231919 0.00284656 0.00323262]
[0.00188258 0.00192155 0.00196811 0.00215717 0.00216491 0.00231995]
[0.00312499 0.00341898 0.0037083  0.00425793 0.00443199 0.00477893]
[0.00225745 0.00319648 0.00334752 0.00340816 0.00385366 0.00389687]
[0.00380257 0.0038944  0.00402397 0.00403975 0.004626   0.00475976]
[0.00241054 0.00246526 0.00336482 0.00396463 0.00464774 0.00484933]
[0.00368958 0.00426581 0.00470618 0.00550221 0.00551146 0.00558994]
[0.00153786 0.00224049 0.002789   0.0031698  0.00372174 0.00380738]
[0.00114436 0.00287161 0.00289324 0.00307236 0.00336163 0.00361994]
[0.0019112  0.0023058  0.00250571 0.00351605 0.00423687 0.0044783 ]
[0.00356329 0.00369463 0.00394069 0.00404674 0.00465182 0.00485379]
[0.00081543 0.00270256 0.00307565 0.00389846 0.00411945 0.00420141]
[0.0038173  0.00441889 0.00470216 0.00542353 0.00576975 0.0058685 ]
[0.00323018 0.00381792 0.00426516 0.00454002 0.00465094 0.0047415 ]
[0.00220797 0.00329207 0.00339663 0.00435781 0.00507613 0.00549241]
[0.00064253 0.00237845 0.00306315 0.00393619 0.00397178 0.00419673]
[0.00209899 0.00211698 0.00304509 0.00445761 0.00558174 0.00604246]
[0.00254923 0.00340624 0.00409183 0.0041177  0.00435206 0.00452744]
[0.00222418 0.00271222 0.00281128 0.0031361  0.00375545 0.00382909]
[0.00245938 0.00247928 0.00318555 0.00371271 0.00373359 0.0038767 ]
[0.00388934 0.00408445 0.00410856 0.0041864  0.00426504 0.00487776]
[0.00232307 0.00296411 0.00297917 0.00394531 0.00408532 0.00427874]
[0.00093949 0.00099849 0.00187911 0.00198994 0.00264259 0.00289582]
[0.00288444 0.00327603 0.00334602 0.00359667 0.00382248 0.00396814]
[0.00106525 0.00142397 0.00151175 0.00243151 0.00252377 0.00312455]
[0.00179671 0.0020319  0.00222225 0.00278626 0.00281561 0.00315524]
[0.00078698 0.00104781 0.00116216 0.00128943 0.00187101 0.00211101]
[0.00220557 0.00255677 0.00257531 0.00268495 0.0027115  0.0027796 ]
[0.00098241 0.00128591 0.00158764 0.00174208 0.00185273 0.00200221]
[0.00087391 0.00123963 0.00125331 0.0012723  0.00132131 0.00157419]
[0.00064466 0.00123094 0.00169436 0.00181881 0.00190196 0.00212572]
[0.00242116 0.00338581 0.00339024 0.00351252 0.00369246 0.00375166]
[0.00078691 0.00083385 0.00129024 0.00199695 0.00257477 0.00332026]
[0.00147736 0.0028206  0.00305233 0.00311359 0.00321521 0.0032331 ]
[0.00219279 0.002284   0.00368151 0.00369312 0.00371219 0.00375728]
[0.00159    0.0024934  0.00265955 0.00335084 0.00353832 0.00386632]
[0.00114281 0.00148865 0.00162543 0.00163179 0.001844   0.00191232]
[0.00097068 0.00110077 0.00111921 0.00193258 0.00196489 0.00206848]
[0.00130751 0.00187069 0.00234303 0.00294172 0.00301981 0.00314917]
[0.00141493 0.00165648 0.00197367 0.00241296 0.0027195  0.0027972 ]
[0.00148003 0.00305399 0.00337816 0.00363604 0.00408313 0.00427523]
[0.00232984 0.00311009 0.00333304 0.00345312 0.00371057 0.00394455]
[0.00116173 0.00186636 0.0022236  0.00227656 0.00243977 0.002568  ]
[0.00087656 0.00089641 0.00110572 0.00120761 0.00128095 0.00187288]
[0.00054253 0.00091842 0.00100345 0.00149757 0.00159227 0.00176884]
[0.00058598 0.00123255 0.00244649 0.00275063 0.00280004 0.00310531]
[0.00110566 0.00201969 0.00239298 0.0027712  0.00297737 0.00347859]
[0.00154969 0.00255169 0.00276951 0.0028412  0.0031498  0.00327449]
[0.00156399 0.00208585 0.00240695 0.00245838 0.00246487 0.00293691]
[0.00152353 0.00202837 0.00218704 0.00223961 0.00256772 0.00265228]
[0.00070862 0.00111238 0.00118505 0.00170508 0.00202143 0.00211402]
[0.0003048  0.00046591 0.00086959 0.00088484 0.00168875 0.00182227]
[0.00095376 0.00124425 0.0014095  0.00143744 0.00148593 0.00210574]
[0.00073311 0.0012774  0.00273401 0.00316557 0.0032691  0.00341175]
[0.00219172 0.00268009 0.00279786 0.00312144 0.00320903 0.00355673]
[0.0021468  0.00411037 0.00556807 0.00565365 0.00686242 0.00686439]
[0.00273536 0.00362549 0.00370182 0.0037139  0.00385499 0.00404732]
[0.00128943 0.00172489 0.00255001 0.00259266 0.0029073  0.00309677]
[0.0028755  0.00311465 0.00339993 0.00356889 0.00367808 0.00372943]
[0.00155706 0.00215508 0.00286334 0.00308409 0.00343526 0.00387415]
[0.00116993 0.00130117 0.00159099 0.0018885  0.00320218 0.00332869]
[0.00106107 0.00143215 0.00177984 0.002617   0.00266724 0.00267977]
[0.00363919 0.00375909 0.00384632 0.00393249 0.00452949 0.00467196]
[0.00167319 0.00189285 0.00224227 0.00263175 0.00282703 0.00316741]
[0.00157074 0.00224008 0.00267944 0.00295581 0.0034985  0.00386411]
[0.00164821 0.00257491 0.00320507 0.00334997 0.00381402 0.00470702]
[0.0012272  0.00211748 0.00240083 0.00290028 0.00314293 0.00315932]
[0.00234119 0.00327986 0.00455303 0.00499614 0.0050259  0.00527673]
[0.00388057 0.00554741 0.00569877 0.00594566 0.00695084 0.00695713]
[0.0025384  0.00287087 0.0031402  0.00326165 0.00382376 0.00458647]
[0.00308901 0.00342324 0.0044388  0.0046715  0.00496395 0.00536239]
[0.00236024 0.00318968 0.00330669 0.00347478 0.00362134 0.00381368]
[0.00116829 0.00233705 0.00295673 0.0030727  0.00347676 0.00353475]
[0.00084445 0.00099999 0.00106115 0.00127953 0.00183703 0.00213504]
[0.00191909 0.00227696 0.00228252 0.00245637 0.00268487 0.00270948]
[0.00088128 0.00119777 0.00148627 0.0019156  0.00194565 0.00244751]
[0.00076971 0.00084659 0.00109587 0.00125919 0.00151395 0.00158162]
[0.00192755 0.00283979 0.00307828 0.00317775 0.00336908 0.00356735]
[0.00030358 0.00126681 0.00186083 0.00213614 0.00218865 0.0022783 ]
[0.00149222 0.00207464 0.00215158 0.00262165 0.00326243 0.00335876]
[0.00160321 0.00187294 0.00320291 0.00330253 0.00353788 0.00400294]
[0.00094724 0.00270298 0.00383032 0.00396452 0.00404501 0.00420246]
[0.00278819 0.00282628 0.00286638 0.00293182 0.00335248 0.00367691]
[0.00112493 0.00179261 0.00240317 0.00272451 0.00305114 0.00317345]
[0.00126238 0.00177719 0.0019641  0.0023242  0.00234921 0.00238399]
[0.00102875 0.00118695 0.00182964 0.00194106 0.00227904 0.00234739]
[0.00103604 0.00119293 0.00130464 0.00168201 0.00208385 0.00240595]
[0.00196043 0.00264409 0.00266198 0.00281892 0.00315488 0.00332599]
[0.00143547 0.00162875 0.0019775  0.00205653 0.00235241 0.00254624]
[0.00123216 0.00142157 0.00268969 0.00271606 0.00361692 0.00392592]
[0.00082697 0.00145878 0.00159801 0.00176535 0.00194479 0.00201196]
[0.00023748 0.00092139 0.00129596 0.00150718 0.00159555 0.00179074]
[0.00099208 0.00168519 0.00241393 0.00245762 0.00249259 0.0028123 ]
[0.00252793 0.00369467 0.00372436 0.0038639  0.00416056 0.00424076]
[0.000904   0.00103922 0.00149207 0.00159046 0.00174926 0.00282114]
[0.00177559 0.00224706 0.00298037 0.00301877 0.00413491 0.00466359]
[0.00328207 0.00387215 0.00406805 0.00414662 0.00422781 0.00506665]
[0.0033133  0.00345168 0.00414157 0.00431625 0.00436231 0.00492825]
[0.00186383 0.00399219 0.00408357 0.00411006 0.00417812 0.00435612]
[0.00213108 0.00218067 0.00309425 0.00316277 0.00322386 0.0033363 ]
[0.00255841 0.00386228 0.00466282 0.00477993 0.00525879 0.00563061]
[0.00288628 0.00333905 0.00396266 0.00462058 0.0047344  0.00490117]
[0.0041535  0.00711771 0.00720817 0.00733368 0.00752107 0.00768084]
[0.00446042 0.00479994 0.00553521 0.00563797 0.00579709 0.00666566]
[0.00538461 0.00632576 0.00649691 0.00651048 0.00775696 0.00869116]
[0.00307952 0.00519627 0.00520457 0.00522067 0.00543328 0.00671291]
[0.00038744 0.0018244  0.00204186 0.00207677 0.0023958  0.00253426]
[0.00126325 0.00260992 0.00265951 0.00304635 0.00331919 0.00336893]
[0.00144082 0.0029946  0.00383407 0.00478551 0.00498065 0.0055181 ]
[0.00166742 0.00384448 0.00440823 0.00535276 0.00598182 0.00600224]
[0.00191657 0.00454103 0.00482915 0.00501977 0.00509445 0.00605265]
[0.00062264 0.00357435 0.00407109 0.00426454 0.00449682 0.00463709]
[0.00146302 0.0056364  0.0060848  0.00782013 0.00907775 0.00944275]
[0.00373387 0.00396221 0.0039802  0.00624155 0.00627278 0.00653828]
[0.00397327 0.00438526 0.00514027 0.00539256 0.00561135 0.00654609]
[0.00187123 0.00349392 0.004005   0.00428118 0.00534618 0.00570964]
[0.00235558 0.00345858 0.00455244 0.0052626  0.00561859 0.00602526]
[0.00223083 0.0036832  0.00435188 0.00579219 0.00658043 0.00734365]
[0.00155739 0.00267621 0.00275445 0.00360761 0.00407419 0.00451208]
[0.00143352 0.00290766 0.00381738 0.00422093 0.00428148 0.00531207]
[0.00180014 0.00252033 0.00260378 0.00306994 0.00328177 0.00339174]
[0.0024355  0.00277244 0.00386574 0.0052543  0.00543433 0.00589447]
[0.00357702 0.00411854 0.00425227 0.00456031 0.00500232 0.00562489]
[0.00201109 0.00232695 0.00314403 0.00375341 0.00534293 0.00636948]
[0.00269863 0.00357652 0.00379215 0.00410331 0.00467161 0.00480354]
[0.00206089 0.00329508 0.00346753 0.00404095 0.00411114 0.0041204 ]
[0.00051208 0.00192047 0.0025613  0.00275792 0.00301715 0.00395535]
[0.00183644 0.00290976 0.00358926 0.00441393 0.00449974 0.00472627]
[0.00352995 0.00354622 0.00433081 0.00449692 0.00460697 0.00460979]
None
[0.00182947 0.00242973 0.00310008 0.00392869 0.00422908 0.00539616]
[0.00039181 0.00295597 0.00382418 0.00498425 0.00584142 0.00624151]
[0.00154382 0.00164389 0.00248567 0.00339988 0.00483479 0.00514101]
[0.00238777 0.00262108 0.00356874 0.00593663 0.00641046 0.00697302]
[0.0034065  0.00405402 0.00448454 0.00448608 0.0047722  0.00484194]
[0.00232607 0.00440434 0.00499097 0.00578729 0.00674867 0.00753491]
[0.00181711 0.00459707 0.00467428 0.00760173 0.00810409 0.00837476]
[0.00381637 0.00520117 0.00688189 0.0070716  0.00737129 0.00771177]
[0.00365867 0.00640787 0.00672849 0.00728355 0.00765758 0.00790267]
[0.00277893 0.00353098 0.00356843 0.00703745 0.00742082 0.00782416]
[0.0050437  0.00600427 0.00647294 0.00774999 0.00778685 0.00779203]
[0.00400393 0.0042957  0.0043353  0.00597405 0.00616869 0.00726584]
[0.00382122 0.00604611 0.00645832 0.00674156 0.00677369 0.00734915]
[0.0071311  0.00743997 0.0077109  0.00814194 0.00818001 0.008441  ]
[0.00468376 0.00484398 0.00684908 0.0069926  0.00782225 0.00813872]
[0.00319658 0.00861907 0.00887875 0.00903362 0.00929811 0.0099549 ]
[0.0039363  0.00679341 0.0072543  0.00855206 0.00873584 0.01031967]
[0.00522206 0.00653031 0.0066372  0.00769615 0.00776001 0.00807641]
[0.0037527  0.00454309 0.00508322 0.00522399 0.00528186 0.00563409]
[0.00459706 0.00501703 0.00605604 0.00642418 0.00676765 0.00700108]
[0.00322331 0.00410527 0.00496476 0.00520903 0.00639682 0.00659761]
[0.00275012 0.00345205 0.00357732 0.00437868 0.00481953 0.00519227]
[0.00429058 0.00563307 0.00622848 0.00728025 0.00740047 0.00743895]
[0.00077769 0.00175725 0.00479564 0.00719405 0.00734551 0.00735191]
[0.00671542 0.00753324 0.00758362 0.00849262 0.00858884 0.00875761]
[0.00243368 0.00316216 0.00437711 0.00463754 0.00503273 0.0056263 ]
[0.00220241 0.00302226 0.00359656 0.00555377 0.00570379 0.00574405]
[0.00294044 0.00340785 0.0035585  0.00373807 0.00601032 0.00623074]
[0.00183343 0.00267349 0.00294665 0.00360573 0.00399451 0.00443574]
[0.00172212 0.00466171 0.00470575 0.00529977 0.00632264 0.00665565]
[0.00103088 0.00474701 0.00504567 0.00550607 0.00605548 0.0060604 ]
[0.00178654 0.00680183 0.00758624 0.0078824  0.00794557 0.00798137]
[0.00364535 0.00391652 0.00437912 0.00447151 0.00479501 0.00531145]
[0.00199068 0.00503797 0.00535389 0.0054085  0.00542632 0.00626799]
[0.00312941 0.00403293 0.00425179 0.00450642 0.00497012 0.00595136]
[0.00343709 0.00434024 0.00600307 0.00770187 0.00774645 0.00783726]
[0.00221658 0.00235545 0.00254404 0.00313453 0.00467112 0.00539582]
[0.00483372 0.00710729 0.00743724 0.00744746 0.00782604 0.00827473]
[0.00314133 0.00317529 0.00347744 0.00507668 0.00510419 0.00605783]
[0.00171598 0.00351734 0.00635436 0.00642746 0.00648569 0.00659795]
[0.0046554  0.00598255 0.00668434 0.00710705 0.00715266 0.00830803]
[0.00095983 0.00504124 0.00529294 0.00575965 0.00611864 0.00619261]
[0.00483102 0.00768228 0.00846173 0.00852193 0.01017896 0.01045347]
[0.00480695 0.00491243 0.00520427 0.00621041 0.00624342 0.00648736]
[0.00448409 0.0057075  0.00584601 0.00601526 0.00802531 0.00805282]
[0.0035647  0.00409701 0.00585043 0.00599019 0.00601369 0.00616924]
[0.00309545 0.00461654 0.00485235 0.00486601 0.00523246 0.00592275]
[0.00398323 0.00612653 0.00684123 0.00720982 0.00791243 0.00854975]
[0.00448351 0.0050296  0.00575933 0.0060345  0.00646487 0.00818892]
[0.00443358 0.00636446 0.00654826 0.00733013 0.00805658 0.00902543]
[0.0028516  0.00363972 0.00588158 0.00639387 0.00650942 0.00790845]
[0.00622609 0.00649223 0.0072302  0.00767047 0.00818361 0.00855156]
[0.00230266 0.00504325 0.00509771 0.00527947 0.00540271 0.00626322]
[0.00365629 0.00434428 0.00445695 0.00586437 0.00693544 0.00702656]
[0.00409466 0.00621051 0.00691765 0.00763208 0.00764187 0.00769415]
[0.00533336 0.00693276 0.00734082 0.00775441 0.00856108 0.00862664]
[0.00400224 0.00589256 0.00940061 0.00940992 0.00988125 0.01021512]
[0.00794474 0.00917072 0.00964359 0.01039573 0.01090822 0.01108938]
[0.00533068 0.00929232 0.00941284 0.00966267 0.00966877 0.01236881]
[0.00486765 0.00516714 0.00544997 0.006861   0.00877592 0.00907026]
[0.0052512  0.00530291 0.00558147 0.0063982  0.00646509 0.00685393]
[0.00493707 0.00523238 0.00536062 0.00645522 0.00660773 0.00690922]
[0.00046584 0.00146378 0.00155652 0.00168897 0.00193719 0.00227549]
[0.00275558 0.00372848 0.00486326 0.00486508 0.0057826  0.00598567]
[0.00444145 0.00538857 0.00545236 0.00566372 0.00667442 0.00765133]
[0.00409963 0.00510293 0.00603732 0.00624551 0.00680512 0.00710684]
[0.00423734 0.0044797  0.00460727 0.00536743 0.00576935 0.00587964]
[0.00203762 0.002816   0.00386497 0.00427616 0.00525476 0.00576101]
[0.0042594  0.00480865 0.00500904 0.00714516 0.0076842  0.0077466 ]
[0.00611818 0.00653292 0.00657014 0.00677922 0.00679111 0.00680323]
[0.00547935 0.00560136 0.00657582 0.00726099 0.0073077  0.00793847]
[0.00343923 0.00494891 0.00535957 0.00536104 0.0054843  0.00568096]
[0.00410788 0.00443266 0.00451647 0.00488545 0.00556502 0.00678881]
[0.00315301 0.00359134 0.00378484 0.00408741 0.00459714 0.00494306]
[0.00296093 0.00331198 0.00391663 0.00423999 0.00434769 0.00477017]
[0.00363243 0.00367609 0.00475386 0.00518394 0.00589096 0.00605607]
[0.00236751 0.00348621 0.00481458 0.00484987 0.00547602 0.00631693]
[0.00487314 0.00506098 0.0055967  0.00618656 0.00645945 0.00653812]
[0.00142168 0.00283184 0.00334871 0.00428858 0.00559418 0.0056242 ]
[0.00174665 0.00413471 0.00530758 0.00727659 0.00745565 0.00797614]
[0.00259971 0.00267187 0.00420129 0.0042255  0.00477732 0.00595434]
[0.00375264 0.00414715 0.00550256 0.00569708 0.00582437 0.00591313]
[0.00293915 0.00379154 0.00408595 0.0041545  0.00442673 0.00470669]
[0.00179321 0.00440685 0.00479818 0.00480924 0.00564025 0.00601024]
[0.00200987 0.00414003 0.00499649 0.00707705 0.00713961 0.00736681]
[0.00487994 0.00631346 0.00706465 0.00759022 0.00765059 0.00765647]
[0.00371396 0.00652894 0.00707676 0.00764683 0.00787264 0.00790494]
[0.00510078 0.00510581 0.0064935  0.00689908 0.00730774 0.00751362]
[0.00407434 0.00441769 0.00445345 0.00508856 0.00570437 0.00579518]
[0.00410748 0.00588671 0.00687515 0.00692429 0.00803393 0.00814573]
[0.00435429 0.0046043  0.00539813 0.0054234  0.00627772 0.00644076]
[0.00230792 0.00396251 0.00424065 0.0044507  0.00452535 0.00489767]
[0.00321295 0.00482737 0.00502474 0.00508951 0.00560556 0.00616373]
[0.00580843 0.00597752 0.00619644 0.00686534 0.00822059 0.00834073]
[0.0032566  0.0045647  0.00457024 0.00467456 0.00474588 0.00495719]
[0.00332753 0.0036889  0.00475051 0.00505314 0.00559076 0.00560597]
[0.00139466 0.00481834 0.00488244 0.00559667 0.00567697 0.00573129]
[0.00213975 0.00451131 0.00527283 0.00545021 0.00613501 0.00619273]
[0.00477709 0.00549619 0.00639191 0.00641034 0.00673534 0.00688773]
[0.00611432 0.00688598 0.00772125 0.00780524 0.008106   0.00824502]
[0.0010909  0.00122692 0.00266794 0.00445436 0.00540034 0.00603701]
[0.00420753 0.00449277 0.00569083 0.00588145 0.00617636 0.00634116]
[0.0025262  0.00307105 0.00360253 0.00415146 0.00438312 0.00553443]
[0.00096969 0.00287659 0.00349539 0.0040552  0.00413088 0.00505269]
[0.00290099 0.00317172 0.00334222 0.00370988 0.00373174 0.00451102]
[0.00372365 0.0041379  0.00445627 0.00451168 0.00488376 0.00587761]
[0.00279302 0.00385609 0.00386259 0.00416771 0.00534497 0.00542015]
[0.00251307 0.0031567  0.00369772 0.00380072 0.00527884 0.00529886]
[0.00286333 0.00394018 0.00495191 0.00552438 0.00615446 0.00623784]
[0.00168637 0.00213454 0.00276299 0.00307043 0.00369329 0.00401418]
[0.00305491 0.00368304 0.00389572 0.00538942 0.00636195 0.00684329]
[0.00388425 0.00435217 0.00525589 0.00586427 0.00669038 0.00681694]
[0.00394578 0.00591664 0.00674701 0.00678431 0.00679861 0.00699969]
[0.00319857 0.00345447 0.00384138 0.00407999 0.00443583 0.00447986]
[0.00402462 0.00485372 0.00569156 0.00581248 0.00628364 0.0062873 ]
[0.00246488 0.00401787 0.00543238 0.00604636 0.00657221 0.00696863]
[0.00050051 0.00148289 0.00205341 0.00243831 0.00362104 0.00531501]
[0.00152185 0.00183893 0.00473468 0.00484068 0.0048483  0.00490022]
[0.00283665 0.00362765 0.00400654 0.00440908 0.00486304 0.00554507]
[0.00382683 0.00393179 0.00429228 0.0044169  0.00441869 0.00459143]
[0.00117953 0.00265618 0.00572932 0.00596341 0.00598379 0.00607819]
[0.00212091 0.00216718 0.00325858 0.00326445 0.00432791 0.00467688]
[0.00220297 0.00356376 0.00383277 0.00422343 0.00464684 0.00510943]
[0.00255345 0.00440072 0.00440699 0.00462746 0.00487271 0.00524691]
[0.00167036 0.00277794 0.00383304 0.00643469 0.00665124 0.00668364]
[0.00356207 0.00498613 0.00541597 0.0055301  0.00573504 0.00607317]
[0.00341823 0.00440283 0.0045541  0.00597314 0.00712764 0.00727203]
[0.00206033 0.00566895 0.00570235 0.00587925 0.00621166 0.00623667]
