[0.00591879 0.00690793 0.00869235 0.01035941 0.01057544 0.01074208]
[0.00385654 0.00546835 0.00556928 0.00686297 0.0069932  0.00700398]
[0.00313777 0.00446407 0.00537505 0.006022   0.00623239 0.00647028]
[0.00326047 0.00342527 0.00460212 0.00541243 0.00608077 0.00653984]
[0.00160235 0.00264205 0.00358311 0.00411398 0.00504396 0.00534132]
[0.0011787  0.00400442 0.004408   0.00625063 0.00693193 0.00722704]
[0.00420057 0.00587544 0.00670197 0.00764231 0.00784559 0.00789066]
[0.00651524 0.00699668 0.00764135 0.00801927 0.00888154 0.00917788]
[0.00172295 0.00594781 0.00611943 0.00679013 0.00681732 0.00758965]
[0.00302485 0.0042851  0.00531455 0.00564553 0.00650366 0.00893994]
[0.00389185 0.00495094 0.00604119 0.00645724 0.00710521 0.00720569]
[0.00305514 0.00327243 0.0035502  0.00370933 0.00462721 0.0049107 ]
[0.00568081 0.00572664 0.00593788 0.00637045 0.00687717 0.00702105]
[0.00722691 0.00729329 0.00778505 0.00801781 0.00817286 0.00841005]
[0.00590157 0.00738414 0.00775996 0.00792199 0.0082224  0.00839703]
[0.00427116 0.00627168 0.00674774 0.00829483 0.00845664 0.00855628]
[0.00583464 0.00603157 0.00666914 0.00707304 0.0088442  0.00902569]
[0.00233509 0.00306459 0.00401057 0.00506815 0.00510124 0.00511356]
[0.00264604 0.00395238 0.00432555 0.00468381 0.00481698 0.00499961]
[0.00279134 0.00311775 0.00390159 0.00452142 0.0068227  0.00771808]
[0.00459041 0.00602379 0.00624071 0.00651338 0.00673381 0.00780511]
[0.00402385 0.00519081 0.00617609 0.00623771 0.00749691 0.00797368]
[0.00057351 0.00427963 0.00583633 0.0058715  0.0067066  0.00704565]
[0.00250624 0.00262512 0.00532018 0.00596202 0.00731816 0.00818914]
[0.0023914  0.00495691 0.00547152 0.00753543 0.00845636 0.00885925]
[0.00188295 0.00336704 0.0038281  0.00410626 0.00416605 0.004215  ]
[0.00254705 0.00337004 0.00431255 0.00446535 0.0049974  0.00576908]
[0.00151888 0.00357498 0.00397226 0.00534246 0.00591668 0.00596911]
[0.00534695 0.00642659 0.00710339 0.00735868 0.0075275  0.00767255]
[0.00271111 0.00456081 0.00632892 0.00693881 0.00717858 0.00726299]
[0.00431922 0.00548871 0.00700871 0.00767717 0.00778459 0.00781264]
[0.00234279 0.0025911  0.00322047 0.00621017 0.00625493 0.00651821]
[0.00192392 0.00218678 0.00232708 0.0030575  0.00337693 0.00344643]
[0.00283326 0.00285255 0.00360984 0.00391451 0.00415061 0.00459146]
[0.00112633 0.00303779 0.00372714 0.00412353 0.00434495 0.00454497]
[0.00373273 0.00463284 0.00506616 0.00524176 0.00545515 0.0056484 ]
[0.00173908 0.00398294 0.00408981 0.00440045 0.00456061 0.00576523]
[0.00461499 0.00472601 0.00474945 0.00524337 0.0060098  0.00621039]
[0.00432021 0.00632271 0.00701    0.00726852 0.00738586 0.00758961]
[0.00309995 0.00352074 0.00358384 0.00375239 0.00454345 0.00480111]
[0.00168901 0.00424488 0.00642325 0.00684882 0.00775003 0.00815774]
[0.0043429  0.00474786 0.00547616 0.00607516 0.00640736 0.00707554]
[0.00236981 0.00528238 0.00539304 0.0054387  0.00574454 0.00638678]
[0.00452461 0.00508788 0.00579947 0.00676657 0.00707518 0.00723441]
[0.00335179 0.00350483 0.00372092 0.00376931 0.00410996 0.00483006]
[0.00161366 0.00271199 0.00347518 0.00349251 0.00523296 0.00533124]
[0.00192157 0.00281476 0.00372103 0.00443608 0.00456624 0.0050741 ]
[0.0030436  0.00363304 0.00401144 0.00465607 0.00507378 0.00580203]
[0.00468918 0.00557111 0.0058968  0.00676241 0.00693559 0.00706526]
[0.00236136 0.00258409 0.00328889 0.00381581 0.00460781 0.00497059]
[0.00226267 0.00256573 0.00334867 0.00418233 0.00452636 0.00507526]
[0.00168441 0.00170714 0.00467803 0.00468376 0.00572016 0.00576638]
[0.00257647 0.00393288 0.00489074 0.00489119 0.0055384  0.00579527]
[0.00265402 0.00324605 0.00357964 0.00363267 0.00363716 0.00437488]
[0.00118067 0.00278661 0.0039045  0.00515775 0.00520597 0.00586602]
[0.00204347 0.00370224 0.00456159 0.00463022 0.00510195 0.00522802]
[0.0016591  0.00281363 0.00284689 0.0031629  0.00329654 0.00528938]
[0.00174892 0.00274365 0.00393518 0.00429065 0.00490258 0.00568938]
[0.00200042 0.0027953  0.00294565 0.0033602  0.00347667 0.00356735]
[0.00261518 0.00278308 0.003146   0.00320634 0.00350875 0.00360217]
[0.0004441  0.0013496  0.00148691 0.00190903 0.00197572 0.00224416]
[0.00130968 0.0021623  0.00357676 0.00369708 0.00382228 0.00411051]
[0.00258572 0.00377871 0.00380662 0.00438724 0.00486535 0.00489109]
[0.00151321 0.0019421  0.00222394 0.00294408 0.00371224 0.00384364]
[0.00225668 0.00290302 0.00378661 0.00476565 0.00630911 0.00650517]
[0.00138183 0.00219706 0.00247087 0.00303648 0.00474099 0.00517992]
[0.00228558 0.00267929 0.0034304  0.00365026 0.00386339 0.00406797]
[0.00221713 0.00296902 0.00393008 0.0046443  0.00501198 0.00512391]
[0.00238565 0.0029114  0.00296841 0.00314722 0.00328575 0.00363246]
[0.00139617 0.00161258 0.0025777  0.00316706 0.0033706  0.00387107]
[0.00244569 0.00299912 0.00339541 0.00351034 0.00382443 0.00407489]
[0.00096271 0.00376707 0.00377381 0.00427019 0.0043786  0.00450999]
[0.0027544  0.00280995 0.00322446 0.0041547  0.004441   0.0054308 ]
[0.00100593 0.00194879 0.00285688 0.00317343 0.00327987 0.00368615]
[0.0013899  0.002003   0.00213114 0.00278193 0.00323062 0.00336848]
[0.00212711 0.00231725 0.00386566 0.00469798 0.00484762 0.0051117 ]
[0.00201321 0.00325785 0.00343812 0.0034738  0.00475354 0.00524467]
[0.00362138 0.0039918  0.00406842 0.00420741 0.00432654 0.00438876]
[0.00207288 0.00282088 0.00291943 0.00319517 0.00355221 0.00373732]
[0.0017283  0.00246564 0.00247885 0.00280407 0.00310211 0.00388873]
[0.00069857 0.00088948 0.00092881 0.00098771 0.00140027 0.00143329]
[0.00078852 0.00094486 0.00111838 0.00126484 0.00165902 0.00172739]
[0.00210338 0.00325984 0.00473098 0.00476397 0.00499744 0.00513472]
[0.00168654 0.00191399 0.00226974 0.00259858 0.0026428  0.00399296]
[0.00202392 0.00224606 0.00250814 0.00282477 0.00347177 0.00357061]
[0.00377065 0.00444111 0.00446564 0.00456298 0.00476121 0.0049006 ]
[0.0009082  0.00216402 0.00271084 0.00282177 0.00297809 0.00397434]
[0.00176508 0.00239732 0.00265506 0.00267113 0.00318791 0.00321022]
[0.00097071 0.00180184 0.00221161 0.00234107 0.00267109 0.00281658]
[0.00330662 0.0036687  0.00401396 0.00443157 0.00472722 0.00517766]
[0.00365132 0.00380658 0.00405119 0.00405247 0.00450517 0.00453534]
[0.00354684 0.00412529 0.00433064 0.004542   0.00510236 0.00527594]
[0.0026955  0.00343788 0.00403079 0.00434088 0.00460952 0.00523118]
[0.00106032 0.00323119 0.00586643 0.00592162 0.00596587 0.00602213]
[0.00241844 0.00349451 0.00352106 0.00385906 0.00393957 0.00397842]
[0.00208172 0.00228767 0.00276378 0.00304571 0.00312342 0.00375289]
[0.00184557 0.00228546 0.00247836 0.00324878 0.00382038 0.00383717]
[0.00078082 0.0008006  0.0019166  0.00372993 0.00421049 0.00424067]
[0.00166416 0.0028407  0.0029378  0.00414509 0.00417467 0.00445317]
[0.0013087  0.00267075 0.00437908 0.00588347 0.00609541 0.00627084]
[0.00084006 0.00340394 0.00487415 0.00523831 0.00539984 0.00598131]
[0.00216015 0.00420518 0.00457702 0.00467601 0.00501792 0.00542077]
[0.00100685 0.00161973 0.00165037 0.00201488 0.0022552  0.00245031]
[0.00124691 0.00219943 0.00351243 0.00354353 0.00389138 0.00426474]
[0.00253647 0.00267551 0.00316501 0.00344868 0.00372299 0.00393136]
[0.00180601 0.00275678 0.00330691 0.00387405 0.0038884  0.0042927 ]
[0.00225674 0.00326911 0.00458689 0.00496263 0.00505723 0.0051198 ]
[0.0028544  0.00333289 0.00366133 0.00414559 0.00450501 0.00452948]
[0.00211083 0.00270044 0.00323952 0.00383404 0.00395979 0.00403691]
[0.00299039 0.0030082  0.00309299 0.00317836 0.00374654 0.0039324 ]
[0.00157978 0.00448549 0.00473428 0.00512552 0.00527867 0.00541146]
[0.00304842 0.00345498 0.0039248  0.00431997 0.00435072 0.00455803]
[0.00243996 0.0036959  0.00413904 0.00444017 0.0049269  0.00496094]
[0.00163706 0.00348006 0.00406812 0.00463094 0.00467141 0.00472274]
[0.002936   0.00301615 0.0032596  0.00328814 0.00433678 0.00460832]
[0.00225611 0.00251519 0.00305204 0.00334301 0.00372664 0.00389392]
[0.00123093 0.00311211 0.00320976 0.00342969 0.0035154  0.00353494]
[0.00246662 0.00310731 0.00319712 0.00472958 0.00482685 0.00497597]
[0.00292806 0.00388958 0.00400845 0.00404673 0.00406802 0.00409332]
[0.00315442 0.00425345 0.00442585 0.00455888 0.00461092 0.0053378 ]
[0.00263723 0.00328763 0.00406926 0.00463836 0.00468456 0.0047304 ]
[0.00357003 0.0042172  0.00422735 0.00443605 0.00457788 0.00537616]
[0.00151049 0.00166732 0.0028417  0.00308154 0.00425543 0.00434921]
[0.00160539 0.00274895 0.00300585 0.00361391 0.00366847 0.00385215]
[0.00319828 0.00414495 0.0045041  0.00470219 0.00474802 0.004784  ]
[0.00154972 0.00190809 0.00266101 0.00277878 0.00345768 0.00370197]
[0.00267176 0.00315572 0.00347726 0.00409175 0.00433752 0.00439734]
[0.0016453  0.00167817 0.00174602 0.00252599 0.00284635 0.00294244]
[0.00245867 0.00303005 0.00384454 0.00422828 0.00439867 0.00442339]
[0.00094047 0.00134027 0.00211442 0.00260018 0.00271283 0.00288875]
[0.00130133 0.00156465 0.00172756 0.0022332  0.00254603 0.00269233]
[0.00114689 0.00241008 0.00262227 0.0027855  0.0038401  0.00398486]
[0.00143972 0.0029399  0.00303398 0.0033588  0.00365559 0.00370062]
[0.00103799 0.00190026 0.00215602 0.00259142 0.00260368 0.00275698]
[0.00102943 0.00120809 0.00124659 0.00148312 0.00162714 0.00184853]
[0.00060226 0.00083254 0.00112558 0.00138631 0.0015037  0.00165164]
[0.00081015 0.00106891 0.00114111 0.00125739 0.00137804 0.00163076]
[0.0009089  0.00095684 0.00116375 0.00171711 0.00177424 0.00187296]
[0.00095109 0.00095631 0.00128872 0.00144307 0.00221331 0.00253317]
[0.00188151 0.00201862 0.00226027 0.00273079 0.00303553 0.00328015]
[0.00102958 0.00238336 0.00260567 0.00302978 0.00331473 0.00339642]
[0.00106852 0.00237862 0.00289652 0.00291505 0.00346929 0.00360397]
[0.00109919 0.00244867 0.00314338 0.00339474 0.0035489  0.00361616]
[0.00206279 0.0022824  0.00232391 0.00292164 0.00345977 0.00404877]
[0.00185259 0.00203406 0.00222314 0.00229604 0.00258213 0.00317966]
[0.00095469 0.00127149 0.00194414 0.00207613 0.0020779  0.00250147]
[0.00217379 0.00272798 0.00335564 0.00340657 0.00415203 0.00427908]
[0.00199198 0.00256261 0.00263385 0.00385484 0.00392783 0.00426606]
[0.00312696 0.00328851 0.00380353 0.00392288 0.00397099 0.0045026 ]
[0.00293255 0.00407307 0.00467903 0.00486323 0.00510318 0.00528039]
[0.00178417 0.00260844 0.00347373 0.00349457 0.00365401 0.00388534]
[0.00141447 0.00147267 0.0021006  0.00223041 0.00248335 0.00282305]
[0.00215133 0.00236943 0.0028801  0.00289184 0.0029931  0.00326857]
[0.00257385 0.00294332 0.00347912 0.0037316  0.00395354 0.00417001]
[0.00092407 0.00106596 0.00116835 0.00130657 0.00232288 0.00399983]
[0.00337232 0.0034198  0.00350763 0.00368233 0.00399275 0.00445988]
[0.00082753 0.00126126 0.00139547 0.0015238  0.0016213  0.00247803]
[0.00263259 0.00263357 0.003121   0.00332361 0.00362131 0.00364621]
[0.00103197 0.00125006 0.00133912 0.00154319 0.00163214 0.00194454]
[0.00177436 0.00238361 0.00268454 0.00287634 0.00307952 0.00361675]
[0.00126515 0.0021404  0.0029227  0.00298415 0.00305685 0.0030934 ]
[0.00111288 0.00129247 0.00201419 0.00227586 0.00261566 0.00277676]
[0.00177304 0.00280423 0.00295788 0.00440732 0.00449827 0.00483081]
[0.00343884 0.004285   0.00483732 0.00486746 0.00540621 0.00596541]
[0.00176966 0.00217159 0.00239668 0.00278774 0.00350571 0.00364035]
[0.00129549 0.00132973 0.00192729 0.00246938 0.00386536 0.00392225]
[0.00171438 0.00246803 0.00321371 0.00355694 0.00405437 0.0046183 ]
[0.00225641 0.00313665 0.00361864 0.0039347  0.00416069 0.00452263]
[0.00127867 0.00242461 0.003091   0.00318329 0.00397704 0.00406171]
[0.00170382 0.00237327 0.00240019 0.00263643 0.0032478  0.00363075]
[0.00160543 0.00268406 0.0048557  0.0055374  0.00592727 0.00609712]
[0.00093299 0.00135889 0.00172336 0.00184483 0.0025102  0.00280285]
[0.00053261 0.00209306 0.00299495 0.00420838 0.00450225 0.00477964]
[0.00055609 0.0014421  0.00150287 0.00213963 0.00253657 0.00268754]
[0.00352422 0.00370305 0.00386991 0.0040256  0.00405685 0.00432325]
[0.00340685 0.00411875 0.00417604 0.0047422  0.004773   0.00496563]
[0.0023174  0.00420605 0.00449422 0.00473985 0.00558068 0.00562651]
[0.00256598 0.00355499 0.00362266 0.00373064 0.00384489 0.00420286]
[0.0012604  0.002709   0.00385405 0.00409591 0.00462842 0.00500571]
[0.00223854 0.00261444 0.00317681 0.00322276 0.00408386 0.00426144]
[0.00232504 0.00306105 0.00314232 0.00359489 0.00462154 0.00472902]
[0.0032877  0.00352144 0.00455159 0.00478498 0.00482601 0.00504565]
[0.00119844 0.00136264 0.00225875 0.00251363 0.00268369 0.0026915 ]
[0.00273804 0.00437439 0.00464358 0.00484278 0.00518864 0.00519077]
[0.00072623 0.00142223 0.00145073 0.00244296 0.00247931 0.0026702 ]
[0.00217694 0.00318941 0.00328467 0.00491833 0.00510436 0.00529508]
[0.00304602 0.00378335 0.00481384 0.00483349 0.004866   0.00496965]
[0.00293117 0.00367496 0.00421195 0.00428416 0.00491528 0.00538099]
[0.00315168 0.00399283 0.00482855 0.00486085 0.00511914 0.00567722]
[0.00346033 0.0039913  0.00448355 0.00487149 0.00489584 0.00494901]
[0.00152386 0.00189934 0.00200241 0.00239973 0.00310599 0.0034966 ]
[0.00208041 0.00291433 0.00511212 0.005779   0.00624641 0.00626693]
[0.00428674 0.00449183 0.00532617 0.00534077 0.00551519 0.00554466]
[0.00197511 0.00215149 0.00230598 0.00253198 0.00259861 0.0031994 ]
[0.00143029 0.00185612 0.00338618 0.00350087 0.00437537 0.00441189]
[0.00029017 0.00070272 0.00101574 0.00132801 0.00151602 0.00161226]
[0.00048599 0.00085871 0.00212677 0.00283168 0.00321944 0.00333464]
[0.00378207 0.0045802  0.00469046 0.00489232 0.00514373 0.00588088]
[0.00127514 0.00186553 0.00224002 0.00358249 0.00426965 0.00435439]
[0.00304447 0.0030918  0.00336523 0.00356544 0.00412746 0.00500981]
[0.00146622 0.00193187 0.00299339 0.00333338 0.00353198 0.00368561]
[0.00269686 0.0028847  0.00319419 0.00365233 0.00410651 0.00460631]
[0.0017084  0.00241987 0.00365086 0.00454047 0.00481266 0.00490696]
[0.00227103 0.00286801 0.0036479  0.00378175 0.00383716 0.00419983]
[0.00303482 0.00373031 0.00388736 0.0044832  0.0057155  0.00617072]
[0.00229501 0.00455971 0.00516335 0.00562786 0.00618795 0.00652989]
[0.00197914 0.0026295  0.00273871 0.00324429 0.00416128 0.00420658]
[0.00304558 0.00347904 0.0036022  0.00402764 0.00466232 0.00479515]
[0.00292569 0.00325124 0.00364644 0.00453493 0.00474244 0.00497956]
[0.00109138 0.0028121  0.00360732 0.00507878 0.00513793 0.00519773]
[0.00307135 0.00400902 0.00443371 0.005748   0.00611847 0.00648391]
[0.00459874 0.00619752 0.00640935 0.00698331 0.00764604 0.0077581 ]
[0.00440923 0.00766305 0.00862521 0.00875717 0.00970872 0.00999939]
[0.0025533  0.00518306 0.00814898 0.00824809 0.00829235 0.00841558]
[0.0014388  0.00238512 0.00307693 0.00457426 0.00474422 0.00503103]
[0.0011527  0.00297062 0.0042892  0.00436226 0.00438091 0.00483289]
[0.004579   0.00714145 0.00791637 0.0086103  0.00892561 0.00907916]
[0.00278182 0.00359199 0.00387135 0.00488989 0.00491475 0.00631892]
[0.0034112  0.00377054 0.00397651 0.00429741 0.00480239 0.0065588 ]
[0.00260033 0.00567502 0.00580527 0.00663107 0.00702707 0.00886885]
[0.0025956  0.00513097 0.00515447 0.00560764 0.00643641 0.00645184]
[0.00393258 0.00417955 0.00481787 0.00598899 0.00605048 0.00634978]
[0.00184901 0.00289189 0.00297323 0.00360693 0.00425677 0.00461807]
[0.00439893 0.00507709 0.00609251 0.00652729 0.0071591  0.00989868]
[0.00498633 0.00512947 0.00573417 0.00626864 0.00744202 0.00821275]
[0.00441266 0.00640747 0.00738249 0.00757314 0.00770506 0.00941679]
[0.00078565 0.00176271 0.00269509 0.00442745 0.00453036 0.0055536 ]
[0.00504565 0.00520081 0.00521886 0.00531564 0.00763204 0.00785661]
[0.00327711 0.0038957  0.0050991  0.00578273 0.00595855 0.00601777]
[0.00181484 0.00190776 0.00432182 0.00450965 0.00532541 0.00534861]
[0.00302626 0.00461008 0.00492765 0.00497319 0.00548405 0.00595236]
[0.00682705 0.00738661 0.00785191 0.00809132 0.00947413 0.00984593]
[0.00287253 0.00323872 0.00344377 0.00346903 0.00364973 0.00500055]
[0.00262226 0.00309129 0.00309633 0.00433253 0.00446731 0.00449981]
[0.00175509 0.00398217 0.00434744 0.00447322 0.00504159 0.00548571]
[0.00357319 0.00390955 0.00411939 0.00434795 0.00480796 0.00494471]
[0.00239938 0.0024569  0.00381315 0.00426583 0.00452915 0.00528828]
None
[0.00272842 0.00435955 0.00528589 0.00562886 0.00640085 0.00668593]
[0.00238179 0.00483955 0.00500259 0.00544425 0.00548931 0.00562223]
[0.00296428 0.00380692 0.00438495 0.00526515 0.00568174 0.00581841]
[0.0022641  0.00506295 0.0059826  0.00679407 0.00727857 0.00757196]
[0.00399482 0.00614569 0.00727528 0.00795693 0.00821523 0.00871259]
[0.00142792 0.00469444 0.00490228 0.00490536 0.00715556 0.00756241]
[0.00330992 0.00420425 0.00537469 0.00564725 0.005727   0.00584694]
[0.00346013 0.00408708 0.00418571 0.0049864  0.00737077 0.00840789]
[0.00459677 0.00539674 0.00726204 0.00732594 0.008219   0.00866731]
[0.00295687 0.00683076 0.00690733 0.00691298 0.00697707 0.00699652]
[0.00308532 0.00700759 0.01004056 0.01025416 0.01040049 0.01102356]
[0.00279069 0.00342883 0.00367734 0.00436529 0.0056604  0.00610529]
[0.00479782 0.00594385 0.00637787 0.00715304 0.00792526 0.0084972 ]
[0.00262085 0.0050794  0.00630355 0.00682696 0.00839551 0.00852097]
[0.0061206  0.00658451 0.00694201 0.00741223 0.00796514 0.00815968]
[0.00647978 0.00733717 0.00818764 0.00819136 0.00844702 0.00854622]
[0.00609636 0.00758131 0.00868231 0.00869267 0.00919161 0.00968142]
[0.00446418 0.0062988  0.00652374 0.00658849 0.00757529 0.00774556]
[0.00383326 0.0052827  0.00570008 0.00604926 0.00684649 0.00692448]
[0.00410672 0.00514354 0.00573504 0.00724688 0.00796315 0.00804112]
[0.0053309  0.0066988  0.00696492 0.00782224 0.00794193 0.00795353]
[0.00353772 0.00646677 0.00657174 0.00680833 0.00738127 0.00759479]
[0.00567777 0.00680973 0.00704211 0.00710892 0.00733338 0.00775666]
[0.00581313 0.00682599 0.0071103  0.00741171 0.00854714 0.00887126]
[0.00477302 0.00509938 0.0057617  0.00775364 0.00800879 0.008678  ]
[0.00362475 0.00424276 0.00491273 0.0056251  0.00604063 0.0071607 ]
[0.00309485 0.00345072 0.00428999 0.00482431 0.00488386 0.00509983]
[0.00260878 0.00488008 0.00526878 0.0054184  0.00576366 0.00589304]
[0.00071531 0.00437561 0.0060825  0.00708756 0.0070884  0.00739682]
[0.00086508 0.00319314 0.0081193  0.00851643 0.00901954 0.0091509 ]
[0.00549276 0.00793008 0.00812112 0.00824617 0.00857405 0.00880598]
[0.00275499 0.00514872 0.00636048 0.00656358 0.00725179 0.00792226]
[0.0022917  0.00257841 0.00321221 0.00335783 0.00384118 0.00389058]
[0.00305408 0.0043271  0.00478722 0.00509165 0.00533649 0.00545821]
[0.00365226 0.0038434  0.00384535 0.00490159 0.00506218 0.00587146]
[0.0050554  0.00567261 0.00646551 0.00677834 0.00748121 0.00783979]
[0.00278678 0.00336391 0.00433729 0.00434157 0.00446098 0.0050573 ]
[0.00398575 0.00652532 0.00657756 0.00773523 0.00796327 0.00821299]
[0.00347602 0.00367932 0.00421112 0.00504906 0.00550807 0.00569963]
[0.00258236 0.00263338 0.00424273 0.00431955 0.00470606 0.00487496]
[0.00418945 0.00766325 0.00788134 0.00789739 0.00814393 0.0082139 ]
[0.0042159  0.00525002 0.00579219 0.00594302 0.00615947 0.00701803]
[0.00481379 0.00732042 0.00751455 0.00782602 0.00790188 0.0080608 ]
[0.00287037 0.00563562 0.00593007 0.0069557  0.00699714 0.00758671]
[0.00424793 0.00448473 0.0051562  0.00600679 0.00632133 0.00648104]
[0.00310581 0.00485011 0.00559672 0.00564305 0.00572254 0.00598834]
[0.00309978 0.0035353  0.00397164 0.00400176 0.00428587 0.00453133]
[0.00112088 0.00337528 0.00436429 0.00650578 0.00678519 0.00689056]
[0.00380022 0.00456575 0.00525618 0.00621817 0.00708636 0.007105  ]
[0.00349008 0.00557737 0.00580801 0.00668368 0.00715973 0.00745428]
[0.00435556 0.00595957 0.00605587 0.00614013 0.0063896  0.00669109]
[0.00294909 0.0031915  0.00351952 0.00475358 0.00482083 0.00571369]
[0.00252713 0.00368041 0.00374523 0.0051651  0.005208   0.00525413]
[0.0049228  0.00509273 0.00543635 0.00571669 0.00670562 0.00680174]
[0.00290213 0.00501502 0.00552951 0.00594423 0.00595537 0.0062445 ]
[0.00176885 0.00506218 0.00610467 0.00625058 0.0062552  0.00756107]
[0.00539441 0.00650769 0.00782379 0.00803486 0.0086824  0.00968938]
[0.0048914  0.00660618 0.00669439 0.00690781 0.00706078 0.00717082]
[0.00133244 0.00436162 0.00829961 0.00926771 0.00966933 0.01016547]
[0.00435514 0.00521105 0.00619078 0.00786284 0.00786944 0.00849596]
[0.0036258  0.00400326 0.00405871 0.00460263 0.00507743 0.00516981]
[0.00216652 0.00267807 0.00279187 0.00512    0.00625802 0.00626936]
[0.0036336  0.00421153 0.00456731 0.00533062 0.00541369 0.0055681 ]
[0.00496445 0.00544031 0.00565032 0.00599005 0.0059978  0.00605051]
[0.00381909 0.00437094 0.0044783  0.00628286 0.00632039 0.00643484]
[0.00351817 0.00506393 0.00524155 0.0064396  0.00681909 0.00684483]
[0.00482328 0.00574196 0.00585356 0.00669768 0.00706584 0.00723056]
[0.00172264 0.00218634 0.00324908 0.00380936 0.00403189 0.00508005]
[0.00407725 0.00553946 0.00567762 0.00618319 0.00645266 0.0071825 ]
[0.00361751 0.00612476 0.00630487 0.00649159 0.00678643 0.00686286]
[0.00435536 0.00441966 0.00520484 0.0055882  0.00567193 0.0057068 ]
[0.00223353 0.00316497 0.00418309 0.00509365 0.005446   0.00585061]
[0.00260473 0.00323205 0.00376013 0.00423303 0.00430996 0.0050429 ]
[0.00400342 0.00425462 0.00472506 0.0063318  0.00634968 0.00644023]
[0.00231263 0.00257299 0.00274898 0.00609337 0.00615211 0.006234  ]
[0.00193484 0.00315771 0.00410453 0.00450054 0.00451563 0.0045408 ]
[0.00207571 0.00282121 0.00293982 0.00294278 0.00319138 0.00389672]
[0.00384783 0.00456901 0.00513948 0.00526074 0.00603887 0.00638256]
[0.00280597 0.00384644 0.00470321 0.0047884  0.00508144 0.00508695]
[0.00330395 0.00394837 0.0048461  0.00504091 0.00521088 0.007232  ]
[0.00190151 0.00281201 0.0038271  0.00409862 0.00428649 0.0043154 ]
[0.00208723 0.00216866 0.0024859  0.0041895  0.00425495 0.00470452]
[0.00381669 0.00507487 0.00580273 0.00616617 0.00621037 0.00743119]
[0.0042999  0.00464975 0.004672   0.00498145 0.00506915 0.00558516]
[0.0031383  0.00335224 0.005296   0.00546654 0.00562427 0.00576929]
[0.00478032 0.00487536 0.00591482 0.00618461 0.00639843 0.00686424]
[0.00242422 0.00376618 0.00433742 0.00508311 0.00525948 0.00558685]
[0.00358842 0.00502865 0.00574255 0.00584879 0.00594759 0.00611941]
[0.00292679 0.00366673 0.00390133 0.00418944 0.004217   0.00450905]
[0.00437866 0.00453904 0.00528723 0.00555544 0.00615747 0.00627928]
[0.00270486 0.00302085 0.00311864 0.00331605 0.00355955 0.0038254 ]
[0.00345069 0.00489799 0.00501028 0.00529059 0.00550302 0.00560914]
[0.00115662 0.00231389 0.00277576 0.00281269 0.00282106 0.00290169]
[0.00527495 0.00590602 0.0061593  0.00635434 0.0063788  0.00655495]
[0.00252781 0.00414634 0.00446284 0.00470649 0.00506897 0.00530399]
[0.00249619 0.00324416 0.00374894 0.00409974 0.00418036 0.00440012]
[0.00191951 0.00224828 0.00276053 0.00388288 0.00467169 0.00467596]
[0.00416811 0.00483146 0.00507004 0.00615321 0.0064381  0.00684639]
[0.00323411 0.00350468 0.00483563 0.00507166 0.00553157 0.00557743]
[0.00245608 0.00251326 0.00347621 0.00372684 0.00462851 0.00466847]
[0.00098491 0.00395106 0.00435724 0.00460119 0.00472039 0.00492962]
[0.00225486 0.00235001 0.0030569  0.00380567 0.00514765 0.00578498]
[0.00122136 0.00299118 0.00362572 0.00370698 0.00441008 0.0045389 ]
[0.00076259 0.0018454  0.0025894  0.00356664 0.00402092 0.00405311]
[0.00088126 0.00124781 0.00134677 0.0018044  0.00271091 0.0032472 ]
[0.00245354 0.00269185 0.00272628 0.00323001 0.00329714 0.00359135]
[0.00240278 0.00334125 0.00425024 0.0050218  0.00510991 0.00517448]
[0.00107935 0.0029775  0.00466811 0.00548804 0.00564962 0.00638004]
[0.00270857 0.00297693 0.00405157 0.0044482  0.0046772  0.00476817]
[0.00190473 0.00264329 0.00345441 0.00397254 0.00407002 0.00434655]
[0.00314769 0.00353616 0.00596603 0.00603678 0.00654003 0.00686649]
[0.00387084 0.0039268  0.00453863 0.00499714 0.00511825 0.00529112]
[0.00210415 0.00313117 0.00405416 0.00427132 0.00541951 0.00546864]
[0.00448025 0.00604593 0.00664103 0.00672103 0.00676362 0.00717953]
[0.00227395 0.00366269 0.00413373 0.0042556  0.00460634 0.00539303]
[0.00470975 0.00501322 0.00578285 0.00684668 0.0072768  0.00805071]
[0.00256235 0.00419799 0.00446017 0.00492862 0.00555032 0.00599367]
[0.00350064 0.00472811 0.00478693 0.00551866 0.0056448  0.0057792 ]
[0.00296903 0.00342556 0.00508569 0.00524871 0.00606551 0.00621616]
[0.00341769 0.00371083 0.00412286 0.00420631 0.00466531 0.00482169]
[0.00331417 0.00391424 0.00406705 0.00501647 0.00541358 0.00545332]
[0.00113945 0.00174925 0.00213786 0.00216905 0.0024162  0.0028714 ]
[0.00276132 0.00301357 0.00427177 0.00442272 0.00458765 0.00475456]
[0.00222632 0.0031074  0.00346507 0.00372143 0.00424348 0.00469761]
[0.00299451 0.00320887 0.00345859 0.00353553 0.00515761 0.00548042]
[0.00265629 0.00431575 0.00433995 0.00534258 0.00631434 0.00668682]
[0.00392354 0.00429988 0.00433302 0.00438664 0.00500443 0.00633245]
[0.00229826 0.00363697 0.00455832 0.00496024 0.00501522 0.00537546]
