[0.00189459 0.00424245 0.00684799 0.00706203 0.00827501 0.00850393]
[0.00359691 0.00475041 0.00573002 0.00665331 0.01058731 0.0107007 ]
[0.00370225 0.0050633  0.00662398 0.01121647 0.01126187 0.01168479]
[0.00401838 0.00746682 0.01017436 0.01167987 0.01258291 0.01553933]
[0.00208994 0.00346993 0.00617399 0.00769957 0.00917415 0.00925734]
[0.00252916 0.00645266 0.01180048 0.0121909  0.0175629  0.01901975]
[0.00234583 0.00567601 0.01010705 0.01273928 0.01323098 0.01354806]
[0.00307465 0.00546879 0.00715591 0.00854711 0.00944971 0.01018755]
[0.00252245 0.01077263 0.01132047 0.01465935 0.01553553 0.0176511 ]
[0.00385696 0.00409869 0.01544411 0.01589321 0.01619111 0.01838884]
[0.00281675 0.00473731 0.00664664 0.0072784  0.01019037 0.01077664]
[0.00262716 0.0065442  0.00684635 0.00815752 0.00822287 0.00975577]
[0.00359132 0.0054538  0.00563391 0.00648895 0.00991314 0.01048125]
[0.0034732  0.00469289 0.00917936 0.01036099 0.01134221 0.01277189]
[0.0036157  0.00695738 0.00865192 0.01005793 0.01017579 0.01224187]
[0.00281029 0.00556532 0.01231977 0.01268938 0.01332088 0.0139854 ]
[0.00582032 0.01090545 0.01119718 0.01244041 0.01387049 0.01486428]
[0.00253425 0.00472598 0.00813394 0.0118926  0.01258298 0.01271076]
[0.00186253 0.00538993 0.00654159 0.00689406 0.00954676 0.01041915]
[0.00416972 0.00436002 0.00670322 0.00768561 0.00843185 0.01074253]
[0.00328769 0.0106842  0.01123676 0.01344028 0.01370626 0.0144421 ]
[0.00263183 0.00672575 0.01004909 0.01073925 0.01319543 0.01411582]
[0.00293401 0.00916547 0.01003886 0.01026456 0.01091804 0.01542905]
[0.00617156 0.00653295 0.00944396 0.01091699 0.01386689 0.01392008]
[0.00271673 0.00701407 0.00872531 0.00970719 0.01014643 0.01691317]
[0.00272633 0.00323196 0.00580934 0.00586695 0.00722302 0.00761942]
[0.00266392 0.00872291 0.00937403 0.01005582 0.01320495 0.01368704]
[0.0028557  0.00638507 0.00880071 0.00901145 0.0112016  0.01131005]
[0.00314262 0.00470427 0.00573428 0.00910446 0.01498478 0.01540295]
[0.00411801 0.00558825 0.00757824 0.00829817 0.01001986 0.01193101]
[0.00352289 0.00899401 0.01274748 0.01347447 0.0146438  0.01532349]
[0.00388139 0.01098997 0.01124345 0.01195179 0.01221537 0.01293769]
[0.00189927 0.00250308 0.00477414 0.00635218 0.0080899  0.00819253]
[0.0017829  0.00241441 0.00625753 0.00814635 0.00974899 0.01083771]
[0.00322581 0.00394402 0.00978882 0.01026153 0.01274507 0.01504954]
[0.00287802 0.00744422 0.01049977 0.01097275 0.01141773 0.01244619]
[0.00309273 0.00698499 0.00756661 0.00800874 0.01039178 0.01233053]
[0.00390461 0.00597574 0.00828029 0.00913626 0.01221328 0.01712843]
[0.00417709 0.00549622 0.00614743 0.0073011  0.0128678  0.01347544]
[0.00419635 0.0070112  0.00764574 0.00813829 0.01286532 0.01351882]
[0.00203313 0.00310035 0.00951594 0.0099211  0.01092816 0.01130149]
[0.00273462 0.0050648  0.0088692  0.01115294 0.01220503 0.01411259]
[0.00243138 0.00958897 0.01247156 0.01285265 0.01472975 0.01492253]
[0.00339118 0.00706783 0.00892652 0.01070684 0.01477432 0.01612123]
[0.00583118 0.00655037 0.01354072 0.01416041 0.01456485 0.01613545]
[0.0018978  0.00370215 0.01173322 0.01295435 0.01471338 0.01507784]
[0.0018616  0.00319557 0.00710371 0.00772585 0.00989489 0.01072753]
[0.00555393 0.00730692 0.01079031 0.01091025 0.0112266  0.01562334]
[0.00330941 0.00804732 0.00909022 0.00914623 0.01010073 0.01029793]
[0.00465254 0.01275621 0.01364554 0.01472107 0.01601153 0.01717308]
[0.00607819 0.01243007 0.01350983 0.01671129 0.01886693 0.01964004]
[0.00448809 0.00576125 0.01062464 0.01252692 0.01325341 0.01840174]
[0.00469921 0.00545111 0.0071955  0.00810177 0.00848618 0.00858104]
[0.00437714 0.00570466 0.00976482 0.010766   0.01186958 0.0127635 ]
[0.00315353 0.00600235 0.01026456 0.01114931 0.01204365 0.01268951]
[0.00145062 0.00351807 0.00638218 0.00679409 0.00836351 0.00848576]
[0.00262665 0.00682119 0.00739827 0.00835931 0.0087881  0.00945985]
[0.00551118 0.00904516 0.0101646  0.01084484 0.01284679 0.0136225 ]
[0.00059082 0.0020807  0.00480987 0.00791656 0.00868157 0.00899541]
[0.00269399 0.00852752 0.01120144 0.01144765 0.01411358 0.01459091]
[0.00232438 0.00294942 0.00491537 0.01163091 0.01374717 0.01420456]
[0.00427018 0.00626744 0.00999389 0.01114116 0.01214532 0.01268359]
[0.00210055 0.004712   0.00617508 0.01039867 0.01098891 0.01162568]
[0.00546538 0.00687972 0.01020794 0.01287045 0.01348961 0.01412668]
[0.00476536 0.00806601 0.01586522 0.01634728 0.01663597 0.0174224 ]
[0.00611791 0.00718865 0.00767928 0.00929794 0.01016396 0.01075685]
[0.00481666 0.0061284  0.00700329 0.0095846  0.0097998  0.01286912]
[0.00098592 0.00559725 0.00671671 0.0069399  0.00884269 0.00981078]
[0.00259818 0.00298185 0.00628464 0.0067508  0.00689065 0.01102036]
[0.00163252 0.00175385 0.00438964 0.00574047 0.00738992 0.00986559]
[0.00332243 0.00356761 0.00490886 0.0110277  0.01284673 0.01339105]
[0.00411491 0.00738    0.00911668 0.00945033 0.01235983 0.01525373]
[0.00472952 0.00583334 0.01036073 0.01291115 0.01344128 0.01622823]
[0.00367843 0.00594654 0.00596318 0.00746283 0.00944086 0.0094674 ]
[0.00181785 0.00758611 0.00833425 0.00895038 0.00906929 0.01043184]
[0.00087901 0.00303722 0.0037373  0.00424007 0.00820843 0.00906961]
[0.00260873 0.00308199 0.00713039 0.00766558 0.00968749 0.01082999]
[0.00217599 0.00451559 0.00614607 0.00655177 0.00784749 0.00914474]
[0.00280321 0.00335019 0.00352031 0.00728213 0.00860803 0.00890637]
[0.00148696 0.00245455 0.00396019 0.00505391 0.00592829 0.00662879]
[0.00017564 0.00037096 0.00125009 0.00255312 0.00323571 0.00445463]
[0.00246765 0.00360369 0.00365061 0.00518318 0.00561233 0.00581596]
[0.00122533 0.00214449 0.00520779 0.00545649 0.00766744 0.00872483]
[0.00135406 0.00620203 0.00638923 0.00826021 0.00857873 0.00923454]
[0.00181654 0.00189487 0.00228959 0.00253227 0.00289493 0.00678003]
[0.00136798 0.00192889 0.00401219 0.00405512 0.00942301 0.01087475]
[0.00202458 0.00504108 0.00576661 0.0061446  0.00627831 0.00681397]
[0.00082872 0.0014931  0.00282211 0.00348586 0.00486533 0.00537231]
[0.00070934 0.00094542 0.00196355 0.00390354 0.00419573 0.00429164]
[0.00173478 0.00201106 0.00266783 0.00280194 0.00344198 0.00492094]
[0.0018321  0.00389112 0.00532329 0.00678762 0.00687816 0.00702768]
[0.00068893 0.00270969 0.00376589 0.00503265 0.00603909 0.00673694]
[0.00088444 0.0028625  0.00386513 0.00408547 0.00614129 0.00632704]
[0.00084563 0.00287836 0.00478622 0.00796986 0.00839572 0.01020768]
[0.00088368 0.00325621 0.00394821 0.00417536 0.00436733 0.00565249]
[0.00107691 0.00268789 0.00337641 0.00437976 0.00589717 0.00624198]
[0.00125332 0.00181452 0.00255953 0.00318928 0.0038319  0.00445318]
[0.00094504 0.00168796 0.00377034 0.00474125 0.00673078 0.00864352]
[0.00164863 0.00503992 0.0068535  0.00686335 0.00825493 0.00836978]
[0.00107292 0.00321193 0.0055508  0.00615977 0.00679176 0.00735355]
[0.00119242 0.0038978  0.00404569 0.00586905 0.00611411 0.00822432]
[0.00107696 0.00651277 0.00667945 0.00894523 0.00912406 0.00931594]
[0.00036835 0.00271813 0.00391975 0.00413595 0.00445101 0.00522472]
[0.00082612 0.00252793 0.00413696 0.00449333 0.00673483 0.00695257]
[0.00101664 0.00188101 0.00201004 0.00317897 0.00470086 0.00602243]
[0.00104364 0.00180277 0.0031036  0.00471732 0.00495224 0.00503868]
[0.0014183  0.00208151 0.00414615 0.00552982 0.00660445 0.0078975 ]
[0.00134909 0.0024824  0.00532786 0.00751083 0.00823712 0.00917536]
[0.00107458 0.00305909 0.0041387  0.00524462 0.00668728 0.0067651 ]
[0.00148249 0.00296312 0.00411248 0.00431096 0.00623777 0.00665475]
[0.00089428 0.00461372 0.00623768 0.00810292 0.00883183 0.00890024]
[0.00176334 0.00365663 0.00386039 0.00395383 0.00504978 0.00584964]
[0.00132839 0.00598869 0.00696272 0.00760062 0.00787231 0.00844646]
[0.00151323 0.00389048 0.00483578 0.00689155 0.00800936 0.00873719]
[0.00222769 0.00348251 0.00444618 0.00768124 0.00930382 0.00955   ]
[0.0017142  0.00655475 0.00763341 0.00852861 0.00983378 0.00990877]
[0.00162439 0.00359445 0.00452633 0.00497206 0.00527731 0.0054038 ]
[0.00075408 0.00445084 0.00478034 0.00564038 0.00721875 0.00827596]
[0.00069822 0.00157052 0.00361066 0.00436136 0.00504417 0.0071339 ]
[0.00161599 0.00360143 0.00716166 0.00878499 0.01113024 0.01126007]
[0.00179262 0.00283666 0.00359145 0.00516314 0.00623282 0.00670024]
[0.00375464 0.01249887 0.01450232 0.01531658 0.01622678 0.01764735]
[0.00265579 0.00558946 0.00622135 0.00751588 0.00755252 0.00771874]
[0.00203856 0.00473865 0.00518069 0.00672679 0.00977788 0.01016546]
[0.00136895 0.00650354 0.00707545 0.00811804 0.00893824 0.01094458]
[0.00118538 0.00526894 0.00784264 0.00834229 0.00859627 0.00901778]
[0.00140643 0.00368388 0.00472767 0.00600276 0.00604519 0.0063023 ]
[0.00268916 0.01108168 0.01151384 0.01415147 0.01560542 0.016414  ]
[0.00429706 0.00455292 0.006233   0.00744023 0.01300383 0.01358468]
[0.00132234 0.00278789 0.00356977 0.00838743 0.00853098 0.01214713]
[0.00265737 0.0083692  0.01112259 0.01183469 0.01213431 0.01227635]
[0.00166822 0.00483213 0.0060904  0.00845381 0.00888158 0.01068535]
[0.00104189 0.00190816 0.00481655 0.00540297 0.00738613 0.00765691]
[0.00197655 0.00218696 0.00406848 0.006245   0.00796094 0.00875156]
[0.0018238  0.00285459 0.00287766 0.00600715 0.00601189 0.00675675]
[0.00387843 0.00446217 0.00453787 0.00475964 0.00754887 0.00796673]
[0.00340053 0.00432368 0.00511913 0.00643997 0.00751742 0.00820037]
[0.00093423 0.00254782 0.00506548 0.00529422 0.00552766 0.00582093]
[0.00207413 0.00574223 0.00671437 0.00730169 0.00885494 0.00934219]
[0.00100377 0.00266852 0.00337565 0.00450956 0.00483577 0.00826242]
[0.00221812 0.00285386 0.00405993 0.00411321 0.00584835 0.00792249]
[0.00175506 0.00229327 0.00415549 0.00583573 0.0063911  0.00778756]
[0.00381541 0.00559607 0.00570322 0.00612274 0.00637458 0.00776665]
[0.00297002 0.00481414 0.00568177 0.00834242 0.01069394 0.01093294]
[0.00173464 0.00262394 0.00610893 0.00718125 0.00902361 0.0097885 ]
[0.0026461  0.00456765 0.00713315 0.00752391 0.00890968 0.00986415]
[0.00153668 0.00184165 0.00711863 0.00757816 0.00896883 0.00932832]
[0.0046385  0.00658337 0.00716562 0.0084949  0.00986586 0.01132399]
[0.00275365 0.00300562 0.00364824 0.00735493 0.00764644 0.0078638 ]
[0.00422709 0.00483977 0.00496546 0.00917397 0.00967723 0.00992003]
[0.00366081 0.00491267 0.00493245 0.00557884 0.00611728 0.00790797]
[0.00124254 0.00349408 0.00432289 0.00523923 0.00707774 0.00757639]
[0.00295433 0.00659728 0.00684978 0.00724525 0.01120644 0.01244638]
[0.00201589 0.00946587 0.01079614 0.01085464 0.0112156  0.01156244]
[0.00085961 0.00297592 0.00454875 0.00723949 0.0092923  0.01042955]
[0.00393739 0.00712971 0.00740417 0.0087187  0.00913361 0.00953179]
[0.00611299 0.00658543 0.009805   0.01272356 0.01519891 0.0153582 ]
[0.00318009 0.00689814 0.00750549 0.00838554 0.00857811 0.00883387]
[0.0019905  0.00423853 0.00428979 0.00455908 0.00606828 0.00717107]
[0.00118746 0.00398555 0.00536066 0.00551879 0.00735234 0.00996976]
[0.00256335 0.00412868 0.00481434 0.00607777 0.0068919  0.00719291]
[0.00180652 0.00483099 0.00694158 0.00857456 0.00937034 0.00955902]
[0.00289755 0.00636615 0.00672964 0.01087535 0.0114469  0.01237897]
[0.00376688 0.00680807 0.00705869 0.0098653  0.01098423 0.01177966]
[0.00204029 0.00648754 0.00690826 0.00695994 0.01006889 0.0101319 ]
[0.00213805 0.00359909 0.00466373 0.00539776 0.00788279 0.00858939]
[0.00248241 0.00363026 0.00476344 0.00598619 0.00738605 0.00912416]
[0.00105309 0.0042254  0.00454762 0.00607103 0.00649173 0.00715679]
[0.00125044 0.00313359 0.00326384 0.00337875 0.00623173 0.00671533]
[0.00335854 0.00387776 0.00429259 0.00453654 0.00474176 0.00489071]
[0.00453779 0.00609613 0.00776427 0.00826988 0.00952591 0.0116141 ]
[0.00174453 0.00225017 0.00314811 0.00432992 0.00498033 0.00517516]
[0.0017148  0.00317559 0.00434385 0.00537177 0.00875423 0.00959261]
[0.00391291 0.00605776 0.00668873 0.00741452 0.00830751 0.00924021]
[0.00210577 0.00492882 0.00617818 0.00623836 0.00722589 0.00812175]
[0.0020774  0.00250537 0.00399978 0.00634685 0.00717689 0.00788358]
[0.00245154 0.0028273  0.00445015 0.0050373  0.00523523 0.00545607]
[0.00572918 0.00818109 0.00857533 0.01028672 0.01186048 0.01226282]
[0.00166035 0.00297463 0.00311931 0.00642177 0.00849484 0.01040142]
[0.00366577 0.00426236 0.00488204 0.00665198 0.00733384 0.0081648 ]
[0.00437841 0.00841691 0.00877202 0.00916254 0.01016392 0.01167353]
[0.00143377 0.00226722 0.00381659 0.0059841  0.00675895 0.00877902]
[0.00431223 0.00467204 0.00595052 0.00740213 0.00786873 0.0079492 ]
[0.00510959 0.00689671 0.00740485 0.00871847 0.01022683 0.01249989]
[0.00193898 0.00200048 0.00659091 0.00771904 0.00835499 0.00910237]
[0.00226942 0.00979803 0.01039988 0.01101009 0.01132465 0.01133641]
[0.00183741 0.00283823 0.00483063 0.0050844  0.00636446 0.00704695]
[0.00133566 0.00359614 0.00473422 0.00511087 0.00603175 0.00802309]
[0.00380321 0.00545595 0.00563573 0.00804318 0.0081775  0.0083987 ]
[0.00517985 0.00731315 0.00786036 0.00866507 0.0125402  0.01337996]
[0.00410267 0.00611875 0.00638916 0.00720643 0.00738439 0.01007146]
[0.00434214 0.0065373  0.00721693 0.00847992 0.01131634 0.01257043]
[0.0039007  0.00548971 0.00563364 0.00581359 0.00746317 0.00802083]
[0.00312723 0.00434715 0.00480033 0.00535077 0.00616263 0.00776804]
[0.00240742 0.00645717 0.00682731 0.00753643 0.00917702 0.01037064]
[0.00334353 0.00373194 0.00463845 0.005666   0.00680766 0.00827551]
[0.00205487 0.00290629 0.00712714 0.0075583  0.00772904 0.00990294]
[0.00211201 0.00551216 0.0069496  0.0069522  0.00733745 0.00740428]
[0.00335555 0.00619278 0.00805468 0.0083961  0.01211683 0.01276048]
[0.00320346 0.00498286 0.00855209 0.00953398 0.0101024  0.01032985]
[0.00243805 0.00314442 0.00445226 0.00479242 0.0055182  0.0061455 ]
[0.00293058 0.00451367 0.00613952 0.00645373 0.00819047 0.00902997]
[0.00127829 0.00232372 0.0030054  0.00475427 0.00575486 0.00785482]
[0.00137679 0.00320633 0.00691744 0.00762806 0.00952858 0.01179067]
[0.00279852 0.00287577 0.00326451 0.00730839 0.00740261 0.00978169]
[0.0041259  0.00577674 0.00703338 0.00712059 0.00831362 0.00845842]
[0.00281489 0.00475658 0.00515542 0.00576057 0.00648964 0.00770652]
[0.00254058 0.00369202 0.00649714 0.00767334 0.00787033 0.00805705]
[0.00201659 0.0030847  0.00314877 0.00480107 0.00481769 0.0064207 ]
[0.00221227 0.00413287 0.00553249 0.00917989 0.01026422 0.01082332]
[0.00946635 0.01088654 0.0110753  0.01430626 0.01464896 0.01625735]
[0.00930437 0.01023368 0.01155966 0.01371078 0.01476714 0.0171464 ]
[0.00400727 0.00893866 0.00912443 0.0093153  0.01112063 0.01123676]
[0.01414586 0.01520023 0.0177582  0.01959971 0.02049078 0.02164257]
[0.0065831  0.00813382 0.00837988 0.00867822 0.00986032 0.01011661]
[0.00523758 0.00845243 0.00906843 0.00972833 0.01013612 0.01283369]
[0.00510455 0.01158492 0.01197231 0.01338852 0.01398265 0.01506481]
[0.00501855 0.00562893 0.01522556 0.01571226 0.01684115 0.01862786]
[0.00374096 0.00909442 0.01087779 0.01178315 0.01221807 0.01331072]
[0.00785576 0.00877271 0.01220606 0.01267701 0.013051   0.01385293]
[0.00352532 0.00433125 0.00584506 0.00679668 0.00797467 0.00856731]
[0.00568977 0.01066847 0.0108128  0.01138053 0.01366567 0.01428548]
[0.00483149 0.00627837 0.00768128 0.00799633 0.00875207 0.01173596]
[0.00437763 0.00558816 0.01040045 0.01354494 0.01512259 0.01526612]
[0.00781971 0.01452891 0.01580272 0.01701915 0.01930369 0.01945481]
[0.01110039 0.01186629 0.01326672 0.01455197 0.01465074 0.01854318]
[0.00349101 0.00573577 0.00940619 0.01403802 0.01483142 0.01637365]
[0.00665733 0.00964446 0.00981436 0.01018619 0.01056423 0.01077967]
[0.00330976 0.00420424 0.0065134  0.00806198 0.0081776  0.01112858]
[0.00679867 0.00784201 0.01148949 0.0131166  0.01533538 0.01721392]
[0.00527902 0.00596179 0.00668591 0.00909443 0.01199611 0.01318261]
[0.00481362 0.00701618 0.01085308 0.01102343 0.01119407 0.01868049]
[0.00251902 0.00378906 0.00678334 0.00739339 0.00902402 0.00917814]
[0.00570759 0.00669073 0.00691657 0.00805097 0.00888385 0.01086917]
[0.00374727 0.00447222 0.00466691 0.00629478 0.00990926 0.01046339]
[0.00404474 0.00500768 0.00736257 0.00752182 0.00831413 0.0088156 ]
[0.00230511 0.0064865  0.00922989 0.00971546 0.01084801 0.01149151]
None
[0.00268701 0.00344935 0.00870405 0.01095906 0.01107388 0.01167195]
[0.00285579 0.00589765 0.00662869 0.00798282 0.0085636  0.0085977 ]
[0.00230313 0.00315121 0.00888193 0.00943212 0.01240226 0.01260019]
[0.00268558 0.00473906 0.00540809 0.0076552  0.00962521 0.01123507]
[0.00339092 0.00370151 0.00477393 0.00636451 0.00694471 0.00972732]
[0.00216478 0.00396305 0.00535944 0.00737707 0.0092981  0.01201542]
[0.00087655 0.00144957 0.00788572 0.00853151 0.00901972 0.0091349 ]
[0.00191778 0.00582169 0.0059475  0.00621083 0.00728534 0.00812558]
[0.00330098 0.01165805 0.01275611 0.01455616 0.01764897 0.01915236]
[0.00476338 0.00961504 0.00964074 0.01370866 0.01481715 0.01587438]
[0.00240975 0.00455029 0.00617094 0.00749045 0.00780427 0.00782241]
[0.00195923 0.00602089 0.00808155 0.00983738 0.01114606 0.01128671]
[0.00288793 0.00373082 0.00445995 0.00820088 0.00821939 0.0087611 ]
[0.0022729  0.00587779 0.00881179 0.00952874 0.00974489 0.01033159]
[0.00139148 0.006517   0.008578   0.01026707 0.0109183  0.01128597]
[0.00223293 0.00711023 0.00883942 0.01053415 0.01076035 0.0117596 ]
[0.0039828  0.00832032 0.01012863 0.01020871 0.01081125 0.01194303]
[0.00321377 0.00826844 0.00950573 0.01021666 0.01509152 0.01649899]
[0.00274614 0.00403422 0.00421118 0.00530516 0.00623315 0.00787311]
[0.00139442 0.00621022 0.00846328 0.00875413 0.01014167 0.01066563]
[0.00181846 0.00742606 0.00795782 0.01202592 0.01337973 0.01504975]
[0.00177428 0.00528525 0.00658993 0.00916827 0.01049283 0.01113526]
[0.00365699 0.00711203 0.00806251 0.00854387 0.0092365  0.01254068]
[0.00348313 0.00888428 0.01035943 0.01133032 0.01453496 0.01512283]
[0.00277009 0.01091914 0.01176874 0.01190519 0.01255442 0.01265717]
[0.00133553 0.00550438 0.00568369 0.00580059 0.00712377 0.00765812]
[0.00149814 0.00722766 0.00771103 0.01009903 0.01037623 0.011147  ]
[0.00131411 0.00527305 0.00740639 0.00761266 0.00882539 0.01183759]
[0.00148318 0.00675022 0.00765618 0.0093573  0.00976817 0.01165083]
[0.00213051 0.00713642 0.01001773 0.01259059 0.01325573 0.01515749]
[0.00342141 0.01201795 0.01208515 0.01237923 0.01354719 0.01358716]
[0.00282173 0.00517277 0.00638837 0.01130674 0.01191154 0.0121663 ]
[0.00232549 0.00892289 0.01049258 0.01070245 0.01146191 0.01195956]
[0.00160307 0.00302005 0.00555807 0.0076821  0.00778051 0.00982938]
[0.00074164 0.0037746  0.00899015 0.00941705 0.0097923  0.01045313]
[0.00235665 0.00680713 0.00936189 0.0100074  0.01062049 0.01178686]
[0.0027145  0.0080321  0.00875397 0.00924386 0.01061557 0.01193445]
[0.00482862 0.0091316  0.01100963 0.01181604 0.01280607 0.01372352]
[0.0026562  0.0080669  0.01293925 0.01321847 0.01352984 0.01413077]
[0.00231838 0.00617043 0.00798509 0.00947399 0.00966091 0.01026895]
[0.00274033 0.00573936 0.01003003 0.0128261  0.01402529 0.01586705]
[0.00159353 0.00191382 0.00296296 0.00661121 0.01096803 0.01150555]
[0.00269505 0.00411472 0.00521336 0.00903052 0.00984461 0.01092537]
[0.00450175 0.00745745 0.01055002 0.01215232 0.01323398 0.014805  ]
[0.00411255 0.00543961 0.00801364 0.01171098 0.01242074 0.01253179]
[0.0022773  0.0058411  0.00708521 0.00738112 0.01172031 0.01252384]
[0.00237017 0.00386776 0.0065797  0.00684349 0.00719202 0.00761827]
[0.00193101 0.00597211 0.00806834 0.01030973 0.01061559 0.01088591]
[0.00156755 0.00353616 0.00416419 0.00789982 0.00817676 0.01010327]
[0.00181546 0.00746083 0.00788188 0.01046879 0.0125221  0.01285922]
[0.00274166 0.00400917 0.00910033 0.01095572 0.01109238 0.01175039]
[0.00430703 0.00527452 0.00659063 0.00670439 0.00738038 0.00970268]
[0.00203513 0.00630135 0.00670624 0.01230122 0.01266769 0.01377977]
[0.00136344 0.0027749  0.00660702 0.00727333 0.0076105  0.00890576]
[0.00174064 0.00735716 0.00739374 0.00871638 0.00952079 0.01005306]
[0.00147753 0.0072744  0.01192852 0.01324527 0.01358335 0.0144121 ]
[0.00517009 0.00712826 0.00772894 0.01196815 0.01255149 0.01335663]
[0.0034647  0.0067643  0.01112991 0.01230078 0.01265455 0.01536041]
[0.003237   0.00529454 0.00687874 0.00786882 0.00905932 0.01043827]
[0.00355087 0.00466664 0.00913889 0.01078543 0.01139644 0.0143123 ]
[0.00221034 0.0049054  0.00762141 0.01108997 0.01240649 0.0126126 ]
[0.00199835 0.00498257 0.00553168 0.00623115 0.00769397 0.00866733]
[0.00108501 0.00495149 0.00975968 0.01040611 0.01248676 0.01319283]
[0.00137867 0.00198341 0.00995614 0.01020048 0.01038144 0.01203884]
[0.00306158 0.00512374 0.00812191 0.01012385 0.01147312 0.01223854]
[0.00379449 0.00491239 0.01261803 0.01264144 0.01349517 0.01442135]
[0.00339711 0.00562274 0.00611856 0.00730376 0.00886091 0.00946236]
[0.00232138 0.00298043 0.00377267 0.00400807 0.0066242  0.0074434 ]
[0.00116813 0.00536356 0.00564311 0.0072649  0.01029554 0.01122662]
[0.00144514 0.00315612 0.00530298 0.00572418 0.00735355 0.00806783]
[0.00100505 0.00324088 0.00524904 0.00603885 0.0066485  0.00954883]
[0.00175571 0.00552233 0.00769821 0.01067054 0.01086285 0.01130028]
[0.0020767  0.00584688 0.00815789 0.00856301 0.0100484  0.01030334]
[0.00159185 0.00256089 0.00598446 0.00620791 0.00677746 0.0076166 ]
[0.00117804 0.0029458  0.00540564 0.00578347 0.00635473 0.0072146 ]
[0.00111443 0.00116935 0.00505248 0.00585054 0.00711987 0.00730111]
[0.00027644 0.00296741 0.00307575 0.00436308 0.00591275 0.00865923]
[0.00109047 0.0042156  0.00581987 0.00648704 0.00693606 0.00739334]
[0.00149213 0.00588451 0.00667759 0.00745368 0.008936   0.00929682]
[0.00076327 0.00312787 0.00552125 0.00583913 0.0072     0.00763229]
[0.00236054 0.00297334 0.00608658 0.00904715 0.00946122 0.01005064]
[0.00066983 0.00420946 0.00602052 0.00774555 0.00856848 0.0087738 ]
[0.00124177 0.0012964  0.00454359 0.00692424 0.00801107 0.01052251]
[0.00068157 0.0030642  0.00564854 0.0070781  0.0087885  0.00935455]
[0.00100488 0.00349756 0.00380551 0.00442253 0.00519725 0.00585509]
[0.00092551 0.00389554 0.00466957 0.00679777 0.00891478 0.00899446]
[0.00223766 0.00576436 0.00602001 0.00652644 0.00849252 0.00960042]
[0.00261804 0.00360661 0.00567423 0.00753868 0.01010671 0.01101355]
[0.00143851 0.00406997 0.00500865 0.00507294 0.00631314 0.00677792]
[0.00147122 0.00335558 0.00528437 0.00615747 0.00770616 0.00850219]
[0.00158135 0.00191676 0.00245862 0.00293947 0.00768876 0.00829528]
[0.00090041 0.00573288 0.00666922 0.00684525 0.00712847 0.0078182 ]
[0.00048359 0.00136502 0.00250034 0.0028813  0.00468742 0.00542564]
[0.00136351 0.00422431 0.00611498 0.00649309 0.00681208 0.00723118]
[0.00187344 0.00523733 0.00573473 0.00623902 0.00631286 0.0066302 ]
[0.0017441  0.00247513 0.00334022 0.00439427 0.00503069 0.0056508 ]
[0.00118921 0.0018677  0.00248856 0.00479183 0.00503757 0.00517736]
[0.00073151 0.00295113 0.00322412 0.00421102 0.00453413 0.0061785 ]
[0.00060994 0.00270844 0.00505111 0.00574033 0.00848062 0.00978663]
[0.0009043  0.00158573 0.00174449 0.00600677 0.00614799 0.00630384]
[0.00109022 0.00178125 0.00371597 0.00508697 0.00685316 0.00725171]
[0.00141594 0.00234682 0.00320823 0.00339583 0.00391086 0.00534046]
[0.00058801 0.00152272 0.003777   0.00384459 0.00475736 0.00511764]
[0.00152738 0.00164508 0.00196081 0.00322163 0.00511138 0.00599998]
[0.00089712 0.00410785 0.00472321 0.00612219 0.00635779 0.00692869]
[0.0007684  0.00556951 0.00583642 0.00825032 0.00837727 0.01028277]
[0.00062016 0.00498208 0.0054441  0.00583673 0.00785061 0.00940627]
[0.00121762 0.00250572 0.00394564 0.00408752 0.00529819 0.00651083]
[0.00169752 0.00464028 0.01090597 0.01135729 0.01166352 0.01277744]
[0.000787   0.00398982 0.00568521 0.00650133 0.00680828 0.00683763]
[0.00123567 0.00274949 0.00486417 0.00502456 0.00564698 0.00675105]
[0.00108448 0.00187367 0.0082189  0.0083083  0.00877886 0.00896045]
[0.00104647 0.00350468 0.00704316 0.00715618 0.00739648 0.00748264]
[0.00097709 0.00591332 0.00684566 0.00740498 0.00841194 0.00887384]
[0.00166183 0.00181535 0.00472324 0.00577346 0.00904672 0.01050205]
[0.0022032  0.00473196 0.00696247 0.00917633 0.01106943 0.01113086]
[0.00144168 0.0027414  0.00713512 0.00738207 0.00869059 0.01037117]
[0.00163018 0.00698921 0.00878514 0.0101231  0.01059869 0.01147178]
[0.00041956 0.00429267 0.00528292 0.00551776 0.00588812 0.00722342]
[0.00220412 0.00345704 0.0049974  0.00519371 0.00609458 0.00892673]
[0.00077779 0.00754437 0.00933501 0.01070604 0.01106351 0.01214472]
[0.00044705 0.00086414 0.00120596 0.00453868 0.00486457 0.0050304 ]
[0.00166258 0.00310674 0.00655923 0.00914404 0.00920476 0.0095269 ]
[0.00147823 0.00211372 0.00355035 0.00571873 0.00682984 0.00887145]
[0.00172932 0.00349242 0.00639726 0.00716594 0.00796009 0.00844502]
[0.00162001 0.00918902 0.00942444 0.00957126 0.01009178 0.01086694]
[0.0009201  0.00269603 0.00530848 0.00799479 0.00865788 0.00901049]
[0.00086488 0.00415129 0.00654653 0.00751534 0.00913109 0.01072968]
