[0.00427377 0.00595172 0.00722763 0.00732847 0.00739081 0.00784737]
[0.0061661  0.00684146 0.00856406 0.00868708 0.00894518 0.00916482]
[0.00525535 0.0122789  0.01230013 0.01233993 0.01365266 0.01375297]
[0.00442103 0.00579003 0.0081884  0.00941807 0.00956248 0.0104543 ]
[0.00168596 0.00182763 0.00315757 0.00413896 0.00759106 0.00842853]
[0.00472986 0.00750117 0.00755552 0.00821135 0.00895341 0.01131347]
[0.00501337 0.00537656 0.00868664 0.00965826 0.01002246 0.01155348]
[0.00226762 0.00466883 0.00645695 0.00655013 0.00928168 0.01044316]
[0.00090786 0.00688681 0.00785376 0.00837398 0.00924542 0.00960212]
[0.00757213 0.00805394 0.01325411 0.0133     0.01362524 0.01363143]
[0.00658084 0.00826631 0.00953876 0.00975431 0.01146562 0.01308447]
[0.00082443 0.00088447 0.00506015 0.00550507 0.00681351 0.00836696]
[0.00313811 0.00869401 0.01075237 0.01155966 0.01179987 0.01315259]
[0.00273669 0.0062448  0.00676305 0.00706959 0.0074131  0.00751771]
[0.00787679 0.00806997 0.0094392  0.00960069 0.01006947 0.01024929]
[0.00695911 0.00929794 0.0093303  0.00975475 0.01011551 0.01013385]
[0.00072289 0.01227636 0.01233148 0.012937   0.01306136 0.01412165]
[0.01056676 0.01133354 0.01184881 0.01204455 0.01234048 0.01253495]
[0.00258139 0.00676367 0.00748919 0.00759965 0.00810012 0.00966592]
[0.00224789 0.00681981 0.00859671 0.00952695 0.00960272 0.01045101]
[0.00311253 0.00760808 0.00944567 0.01011961 0.01017973 0.01127049]
[0.01069121 0.012459   0.01270746 0.01411371 0.01428706 0.01451065]
[0.00861427 0.01203024 0.01215952 0.01315169 0.01325502 0.0144068 ]
[0.01031699 0.01082002 0.01099532 0.01174639 0.01285568 0.01379208]
[0.00676665 0.00777226 0.00842419 0.0113531  0.01164707 0.01251657]
[0.00309099 0.00400387 0.00641813 0.00692628 0.00744834 0.00759405]
[0.00121151 0.00415768 0.00719795 0.00765929 0.00809871 0.00909064]
[0.00241563 0.00549231 0.00656232 0.00881719 0.00929931 0.00996422]
[0.0053256  0.00820534 0.00845241 0.01077405 0.01286399 0.01329416]
[0.00653793 0.00755349 0.0080422  0.00887608 0.00918404 0.01023736]
[0.00518686 0.00645845 0.00836545 0.00917179 0.00944422 0.0102905 ]
[0.0042582  0.00683588 0.00717096 0.00857651 0.00860022 0.00905017]
[0.00238041 0.00410573 0.00553936 0.00556864 0.0063489  0.0067206 ]
[0.00474875 0.00643442 0.00741542 0.00818266 0.00877525 0.01107406]
[0.00315325 0.00571062 0.00669932 0.00935554 0.00965347 0.00978879]
[0.00384536 0.0074083  0.00876528 0.00926194 0.01035269 0.01043372]
[0.00643949 0.00770541 0.00892631 0.00930301 0.00996017 0.01007414]
[0.00897791 0.01132084 0.01256342 0.01295346 0.01320334 0.01335456]
[0.00486826 0.00503198 0.00631589 0.00834661 0.00846664 0.0088004 ]
[0.00221971 0.0066776  0.00678031 0.00688743 0.00692394 0.0070714 ]
[0.00625193 0.00634215 0.00654138 0.01138858 0.01200388 0.01230254]
[0.00615146 0.01069158 0.01157644 0.01354397 0.01414275 0.0141619 ]
[0.00713343 0.00719713 0.00732238 0.00791955 0.00834451 0.0090149 ]
[0.00296909 0.00449328 0.00556192 0.00582657 0.00680611 0.00697796]
[0.00494209 0.00595989 0.00703218 0.00767982 0.0081889  0.00978201]
[0.00596934 0.0064252  0.00785976 0.0078954  0.00794957 0.00851103]
[0.00449613 0.00603581 0.00606957 0.00631219 0.00636533 0.00686281]
[0.00283548 0.00421327 0.00498048 0.00773053 0.00924739 0.00986307]
[0.00527654 0.00659093 0.00722458 0.00722984 0.00824894 0.01049563]
[0.00140935 0.00388572 0.00550641 0.00571995 0.00584158 0.00635748]
[0.00118894 0.00292732 0.0038176  0.00492925 0.00530467 0.00543076]
[0.0024374  0.00351729 0.00490565 0.00845101 0.00901021 0.00932317]
[0.00169907 0.00366729 0.00518838 0.00546398 0.00622174 0.00803802]
[0.00287205 0.00308512 0.00451741 0.00459903 0.00483279 0.00507662]
[0.00624818 0.0094534  0.01074411 0.01117673 0.01122825 0.01175162]
[0.00508357 0.00529029 0.00682453 0.00710461 0.00821166 0.00841613]
[0.0062737  0.00692259 0.00762716 0.0077645  0.00784159 0.00975225]
[0.00351168 0.00487091 0.00513405 0.00539413 0.00633677 0.00706172]
[0.00249672 0.00471453 0.00480934 0.00629027 0.00655184 0.00869649]
[0.00571023 0.00581475 0.00637576 0.00690131 0.00714856 0.00795847]
[0.00406645 0.00519451 0.00713308 0.00722165 0.007242   0.0084356 ]
[0.00159638 0.00199687 0.0059295  0.00593144 0.00740556 0.00929197]
[0.00395533 0.00739476 0.00888891 0.00896812 0.00926947 0.00959439]
[0.00298603 0.00659116 0.00736337 0.00797459 0.00803057 0.00820336]
[0.00624508 0.00656651 0.00664309 0.00713426 0.00717589 0.0071881 ]
[0.00319253 0.00648284 0.00750429 0.00931976 0.00994853 0.01012652]
[0.00183777 0.00333747 0.00533681 0.00700465 0.00764752 0.00768283]
[0.00303604 0.00521335 0.00547098 0.0076944  0.00808415 0.00816448]
[0.00635558 0.00775667 0.00863506 0.00909075 0.00914638 0.01039713]
[0.00166419 0.00328414 0.00496943 0.00562944 0.00661141 0.00803866]
[0.00277811 0.00291652 0.00351553 0.0035251  0.00415121 0.00464801]
[0.00303542 0.00344344 0.00358243 0.00383349 0.00403438 0.00412835]
[0.00105332 0.00232362 0.00295064 0.00368353 0.00415601 0.00449381]
[0.00381793 0.0038938  0.00399365 0.00467244 0.00484337 0.00502134]
[0.00171236 0.00183772 0.0019136  0.0032246  0.00351795 0.00372529]
[0.00429021 0.00445125 0.0045918  0.00494796 0.00536262 0.00538573]
[0.00356689 0.00430651 0.00454494 0.00471109 0.00772223 0.0082518 ]
[0.00398961 0.00449946 0.00702953 0.00720448 0.00784072 0.00831952]
[0.00170953 0.00433672 0.00487278 0.00594174 0.00765307 0.00780411]
[0.00273944 0.00318436 0.00385653 0.00387131 0.00405719 0.00516469]
[0.00182365 0.00277032 0.00325085 0.00330203 0.00384204 0.00443021]
[0.00169095 0.00206507 0.00255035 0.00265811 0.00335995 0.00377192]
[0.00265419 0.00281542 0.00300198 0.00326874 0.00359756 0.00464963]
[0.00108208 0.00283639 0.00610904 0.00756301 0.00842648 0.0088473 ]
[0.00257712 0.00347955 0.00379343 0.00508108 0.00516002 0.00552762]
[0.00286396 0.00307669 0.00336305 0.00344471 0.003601   0.00510418]
[0.00215759 0.00234477 0.00378367 0.00429137 0.00494111 0.00509298]
[0.00161944 0.00197384 0.00300829 0.00311574 0.00340723 0.00437876]
[0.00123827 0.00192804 0.00321031 0.00366747 0.00409419 0.00445182]
[0.00369892 0.00395899 0.00400504 0.00516671 0.00643867 0.00645705]
[0.0016975  0.00205034 0.00220411 0.00241821 0.00297427 0.0033741 ]
[0.00219021 0.00383264 0.00461748 0.00466869 0.00482888 0.00484594]
[0.00111544 0.0017241  0.0033556  0.0036781  0.00381392 0.00432209]
[0.00317344 0.00327514 0.0033764  0.00473375 0.00501643 0.00535869]
[0.00019553 0.0031205  0.00359386 0.00383591 0.00444769 0.00457213]
[0.0037169  0.00452391 0.0053579  0.00559611 0.00665838 0.00683552]
[0.0025958  0.00335191 0.00496897 0.00595344 0.00640394 0.00655167]
[0.00426331 0.00490648 0.00522846 0.00633354 0.00689779 0.0069597 ]
[0.00224779 0.002438   0.00245214 0.00334659 0.0036676  0.00395345]
[0.00221399 0.00265921 0.0027695  0.00328032 0.00448637 0.00461357]
[0.00161538 0.00386252 0.00451391 0.00479164 0.00546245 0.00554322]
[0.00275181 0.00339698 0.00344243 0.00361489 0.00435888 0.00526357]
[0.00174212 0.00335784 0.00365464 0.00394228 0.00396701 0.00421356]
[0.00227413 0.00327688 0.00389922 0.00409459 0.00445026 0.00462658]
[0.00301227 0.00351867 0.00430493 0.00467991 0.00470412 0.00471804]
[0.0026788  0.0057503  0.00612878 0.00641443 0.0065717  0.00723756]
[0.00377476 0.00658251 0.00664    0.0068604  0.00725379 0.00786478]
[0.00361244 0.00492577 0.00631626 0.00801146 0.00817388 0.00817789]
[0.00157904 0.00285132 0.00447851 0.00459355 0.00462102 0.00480756]
[0.00376063 0.00445331 0.00485068 0.0048719  0.00504639 0.00516348]
[0.00218654 0.00500945 0.0059356  0.00802443 0.00899448 0.00915719]
[0.00333863 0.00524826 0.00712399 0.00720924 0.00794259 0.00813327]
[0.00487094 0.00537364 0.0061104  0.00650046 0.00740831 0.00794287]
[0.00498897 0.00506404 0.0055453  0.00613797 0.00667594 0.00793403]
[0.00303242 0.00346546 0.00493219 0.00633064 0.00638815 0.0070592 ]
[0.00433797 0.00716642 0.00792961 0.00816731 0.00879001 0.00908361]
[0.00191163 0.00347487 0.00349025 0.00399347 0.00412401 0.00475974]
[0.00331379 0.00389842 0.0047932  0.00612866 0.00664112 0.0083721 ]
[0.0050605  0.00614711 0.00869669 0.00926783 0.01079633 0.01084503]
[0.00308154 0.00509446 0.00518519 0.00528826 0.00591698 0.0065699 ]
[0.00364634 0.00405118 0.00570145 0.00663937 0.00702671 0.00748326]
[0.00574678 0.00691967 0.00804507 0.0084552  0.00855218 0.01103042]
[0.00339611 0.00517193 0.00613374 0.00632962 0.00813948 0.00960589]
[0.00435773 0.00533365 0.00539698 0.00576197 0.00605185 0.00651978]
[0.00594209 0.00648255 0.00658954 0.00773875 0.00816778 0.00917699]
[0.00394604 0.00681041 0.00796284 0.00840381 0.01066755 0.01124289]
[0.00635777 0.00829091 0.00842894 0.00921917 0.00966083 0.01047308]
[0.00483369 0.00486326 0.00487919 0.00547055 0.00661518 0.00838948]
[0.00291309 0.00339362 0.00429927 0.0048448  0.00508426 0.00539845]
[0.00290833 0.00338762 0.00378031 0.00414309 0.00457771 0.00477807]
[0.00296422 0.00355077 0.00380731 0.00391901 0.00455138 0.00472589]
[0.00337119 0.00383754 0.00400996 0.00420588 0.00432536 0.00485867]
[0.00072102 0.00158089 0.00266165 0.00271315 0.00276407 0.0033854 ]
[0.00036275 0.00085739 0.00176666 0.00184719 0.00191519 0.00195276]
[0.00157419 0.00164264 0.00196834 0.00207443 0.00246414 0.00257908]
[0.00075638 0.00080417 0.00128988 0.00143279 0.00158611 0.00167844]
[0.00112309 0.0014292  0.00155971 0.00158454 0.00200585 0.00203489]
[0.00026146 0.000832   0.00107197 0.0022296  0.0024583  0.00249705]
[0.00233827 0.00302951 0.00346342 0.00417881 0.00434557 0.00437904]
[0.00103449 0.0027043  0.00280716 0.00382361 0.00384391 0.00442484]
[0.00185186 0.00407914 0.0041262  0.00425478 0.0043096  0.00500937]
[0.0010431  0.00173437 0.00239544 0.00274987 0.00326604 0.00336698]
[0.00095016 0.00301243 0.00327576 0.00343298 0.00446244 0.00475764]
[0.00091562 0.00294691 0.00312504 0.00462917 0.00488958 0.00498845]
[0.00218411 0.0034092  0.00363299 0.00369765 0.00373631 0.00431632]
[0.00272594 0.00322925 0.00352912 0.00357018 0.00416572 0.00425246]
[0.00208128 0.00236376 0.00243995 0.00387692 0.00467374 0.00477979]
[0.00277532 0.00299051 0.00355598 0.00372966 0.00379357 0.00429831]
[0.00197613 0.00217459 0.00263787 0.00328568 0.00346326 0.00350885]
[0.00095297 0.00271373 0.00334555 0.0035846  0.00436148 0.00441952]
[0.0006141  0.00158235 0.00226    0.00282909 0.00300292 0.00313214]
[0.00149965 0.00207297 0.00266763 0.00275564 0.00321603 0.00352347]
[0.00099537 0.00191035 0.00296404 0.00330987 0.00342592 0.00356422]
[0.0022819  0.00304355 0.00313927 0.00434735 0.00437665 0.00443598]
[0.00308787 0.00344463 0.00393664 0.00397312 0.00427628 0.00447318]
[0.00125136 0.0015737  0.00172978 0.00259567 0.00364864 0.0042627 ]
[0.00181019 0.00265811 0.00281082 0.00350946 0.00428163 0.00457499]
[0.00227297 0.00238914 0.00274493 0.00313789 0.00342112 0.00408051]
[0.00126523 0.00144694 0.00151464 0.00182944 0.00183486 0.00201866]
[0.00080542 0.00148305 0.00183269 0.00218789 0.00238802 0.00241356]
[0.00138421 0.00190456 0.00216973 0.002656   0.00379689 0.00381632]
[0.00079402 0.00254684 0.00294761 0.00308413 0.00364078 0.00442109]
[0.00219548 0.00323771 0.00424745 0.00449771 0.00475807 0.00538928]
[0.00413977 0.00469256 0.00476251 0.00518217 0.00525643 0.00536086]
[0.0012652  0.00150967 0.00157372 0.00254006 0.00257238 0.00277044]
[0.00215797 0.00350833 0.00392526 0.00394259 0.00418743 0.00421174]
[0.00091877 0.00213898 0.00215202 0.00231828 0.00276027 0.00344776]
[0.00271182 0.00294281 0.00322037 0.00339492 0.0036771  0.00383235]
[0.00089778 0.00240351 0.00380302 0.00394623 0.0042831  0.00459648]
[0.00278377 0.00369066 0.00443699 0.00468871 0.00470356 0.00503237]
[0.00258812 0.00407016 0.00476436 0.00483453 0.00529253 0.00681684]
[0.00347027 0.00446294 0.00453425 0.00464663 0.00477308 0.00488055]
[0.00310117 0.00338528 0.00372655 0.0038848  0.00394093 0.00403004]
[0.00137126 0.00380999 0.0038579  0.00479229 0.00492822 0.00564168]
[0.00203438 0.00272431 0.00320337 0.00372134 0.004002   0.00435067]
[0.00199168 0.00393601 0.00448615 0.00457186 0.00491498 0.00604174]
[0.00333921 0.0039807  0.00588326 0.00621299 0.00648437 0.0066181 ]
[0.00422629 0.00432519 0.00438842 0.00510512 0.00527511 0.00530627]
[0.00341478 0.00362615 0.00423891 0.00493302 0.00502979 0.00521334]
[0.00220445 0.00338811 0.00378973 0.00388532 0.00404667 0.00420588]
[0.0025095  0.00286182 0.00542505 0.00544531 0.00606649 0.00610742]
[0.00147661 0.00208298 0.00253508 0.00256455 0.00283223 0.0030056 ]
[0.00191996 0.00202037 0.00224914 0.00288091 0.00360585 0.00372557]
[0.00304164 0.00322837 0.0033826  0.00489909 0.00543224 0.00564854]
[0.00101007 0.00117332 0.00132258 0.00169186 0.00193924 0.00195738]
[0.00299008 0.00382235 0.00411245 0.004169   0.00425216 0.00445403]
[0.00211659 0.00301141 0.00327943 0.00348299 0.00382463 0.00407024]
[0.00259187 0.00292742 0.00341837 0.0037742  0.00410649 0.00440607]
[0.00156466 0.00263658 0.00295552 0.00356388 0.00386187 0.00456206]
[0.00246436 0.00289786 0.00317366 0.00442217 0.00460602 0.00508334]
[0.00332053 0.00333662 0.00403414 0.0041317  0.00430736 0.00440883]
[0.00171115 0.00214453 0.00420638 0.0051262  0.00557682 0.00602705]
[0.00269761 0.00271646 0.00324658 0.00387862 0.0059349  0.00658058]
[0.00107478 0.00272192 0.00327364 0.00337922 0.00343171 0.00350966]
[0.00168552 0.00389515 0.00406348 0.00480806 0.00495651 0.0053559 ]
[0.00232763 0.002367   0.00509891 0.00575491 0.00593805 0.00601866]
[0.002139   0.00517389 0.00524925 0.00579908 0.00625942 0.00638877]
[0.00070929 0.00368896 0.00414115 0.00444699 0.00451507 0.00469762]
[0.00249324 0.00301905 0.00354747 0.003901   0.00409701 0.0042519 ]
[0.00247926 0.00318666 0.0041221  0.00416795 0.00457444 0.00500822]
[0.00205425 0.00335527 0.00353481 0.00369815 0.00380721 0.00390243]
[0.00250681 0.00262418 0.00265768 0.00282479 0.00317156 0.00336108]
[0.00125483 0.00156294 0.00156704 0.00221038 0.00240313 0.0031252 ]
[0.00166655 0.00364881 0.00430694 0.00436254 0.00487487 0.00499262]
[0.00383442 0.00430564 0.00436496 0.00458016 0.00474431 0.0055938 ]
[0.00508505 0.00528447 0.0057791  0.00582106 0.0060775  0.00612719]
[0.00297636 0.0033059  0.00352728 0.00439934 0.00461899 0.00473284]
[0.00209812 0.0024528  0.00303835 0.00357749 0.00388026 0.00435918]
[0.0020063  0.00225966 0.00255838 0.00317511 0.00322259 0.00372657]
[0.0028078  0.00468306 0.00509745 0.00525621 0.00553872 0.00573952]
[0.00562277 0.00590152 0.00619253 0.00727645 0.00782537 0.00923495]
[0.00266676 0.00488605 0.00538574 0.00633628 0.00653537 0.00696945]
[0.00751179 0.00832802 0.00914592 0.00953003 0.01149125 0.0119812 ]
[0.00666287 0.00744151 0.00875714 0.00883694 0.00939295 0.01003686]
[0.00301719 0.0063689  0.00733482 0.00833423 0.00893851 0.00971139]
[0.00489057 0.00498984 0.00743607 0.00760529 0.00889348 0.00898344]
[0.00175069 0.0032207  0.00458323 0.00573136 0.00574057 0.00630314]
[0.00511182 0.00622061 0.00702924 0.00730549 0.00846047 0.0093329 ]
[0.00314703 0.00371672 0.00483059 0.00532399 0.00611947 0.00620009]
[0.00468713 0.00548619 0.00677679 0.00762293 0.0082863  0.00887607]
[0.00405647 0.00487326 0.00529306 0.00640236 0.0067327  0.00728166]
[0.00419562 0.00423196 0.00554863 0.00782297 0.0088196  0.00883678]
[0.00442259 0.00509925 0.00512675 0.0051452  0.00526622 0.00696969]
[0.00230431 0.00312564 0.00611652 0.00627571 0.00687761 0.00757326]
[0.00484835 0.00497879 0.00693124 0.0073342  0.00764842 0.00774709]
[0.00334715 0.00521474 0.00582297 0.00743431 0.00788041 0.00800085]
[0.00211705 0.00400175 0.0047728  0.00507105 0.0055144  0.00582414]
[0.00231428 0.0035577  0.00474961 0.00573729 0.00574126 0.00593391]
[0.0015601  0.00372592 0.00561361 0.00584302 0.00624574 0.0063806 ]
[0.00317717 0.00591174 0.0072134  0.00779573 0.00816847 0.00817438]
[0.00322851 0.00500347 0.00520471 0.00742223 0.01005615 0.01043915]
[0.00202644 0.0028707  0.00374086 0.00568868 0.00601516 0.00621187]
[0.00298148 0.00310984 0.00342901 0.00461112 0.00461539 0.00522967]
[0.0009872  0.00157139 0.00194441 0.00275271 0.00332715 0.00336061]
[0.00255062 0.00277209 0.00287511 0.0035158  0.00356931 0.00398924]
[0.00340352 0.00402904 0.004266   0.00444367 0.00478673 0.00520029]
[0.00309418 0.00324001 0.00482081 0.0067003  0.00675499 0.00698387]
None
[0.0039795  0.00398891 0.00486344 0.0062311  0.00628604 0.00645117]
[0.00534464 0.00545745 0.00816922 0.00862518 0.00892971 0.00918637]
[0.00368562 0.00526375 0.00557136 0.00598483 0.00607918 0.00622765]
[0.00480499 0.00486834 0.00509886 0.0059193  0.00658372 0.00697064]
[0.00353081 0.00356553 0.0043319  0.00443059 0.00460189 0.00588467]
[0.00497237 0.00539471 0.00595266 0.00806366 0.01047649 0.01103712]
[0.00556303 0.00608326 0.0063848  0.00756728 0.00808271 0.00810489]
[0.00625285 0.0069522  0.00698494 0.0077263  0.00855854 0.00889456]
[0.00379133 0.00665213 0.00853835 0.00901787 0.00971357 0.01060883]
[0.00443739 0.00653342 0.0079125  0.00827763 0.01036177 0.01239784]
[0.00460926 0.00746946 0.00871963 0.00958273 0.0110704  0.01113362]
[0.0070054  0.01013127 0.01152485 0.01222419 0.01258867 0.01453206]
[0.00677043 0.00715096 0.00901297 0.01010968 0.0103434  0.01112628]
[0.00582837 0.00763525 0.0096788  0.010101   0.01126446 0.01164017]
[0.00722247 0.00793781 0.0097993  0.00983448 0.01005347 0.0105715 ]
[0.00435917 0.00691167 0.01052907 0.01079208 0.01136236 0.01151805]
[0.00681682 0.00926432 0.01110744 0.01118607 0.01208639 0.0129495 ]
[0.00716186 0.00830216 0.00921369 0.00978255 0.00994923 0.01025302]
[0.0044655  0.00664183 0.00694361 0.00969698 0.00974727 0.00982337]
[0.0034161  0.00558274 0.00582203 0.00631636 0.00887062 0.01003527]
[0.00274387 0.00636463 0.00787039 0.00820129 0.00920909 0.0099852 ]
[0.00463518 0.00847128 0.00865705 0.00957802 0.00996424 0.01014684]
[0.00805467 0.009402   0.0095095  0.00953917 0.01039701 0.01077596]
[0.00567481 0.00666805 0.00669524 0.00800258 0.00891498 0.01033765]
[0.00393309 0.00570449 0.00786388 0.00816853 0.00999302 0.01034349]
[0.00348537 0.00576224 0.00784934 0.00788789 0.00815725 0.00839306]
[0.00301716 0.00559307 0.00613539 0.00627256 0.00704966 0.00730181]
[0.00125035 0.00359052 0.00625637 0.00726272 0.0074001  0.00740053]
[0.00403456 0.00520435 0.00544565 0.00648974 0.0081133  0.00811979]
[0.00458533 0.00575892 0.00680595 0.00791583 0.00803888 0.0086124 ]
[0.00854212 0.00983684 0.01068417 0.01090461 0.01125048 0.01180818]
[0.00318644 0.0054933  0.00603041 0.00817082 0.00824991 0.0082665 ]
[0.00606078 0.00670055 0.00850888 0.0085836  0.00862143 0.00871905]
[0.00433421 0.00888803 0.00957095 0.00965211 0.01012566 0.01013404]
[0.00265453 0.00585362 0.00596703 0.00712885 0.00777534 0.0078079 ]
[0.00337545 0.00405232 0.00437086 0.00459139 0.00495671 0.00587292]
[0.00237082 0.00353102 0.00406778 0.00423591 0.00501211 0.0051392 ]
[0.00560135 0.00675484 0.00790964 0.00837779 0.01228797 0.01282261]
[0.00709819 0.00978399 0.01001529 0.01014585 0.0110066  0.01257028]
[0.00573394 0.00694471 0.00848206 0.0095538  0.00988927 0.00991904]
[0.00557152 0.00601264 0.00721984 0.00879055 0.01131619 0.01266662]
[0.0025812  0.00499449 0.005838   0.00613444 0.00629217 0.00700327]
[0.00731447 0.00775231 0.00800941 0.00831395 0.01070661 0.01095665]
[0.0059409  0.00637962 0.00821876 0.00867741 0.01105737 0.01144472]
[0.00351346 0.00716688 0.00851304 0.0085943  0.00879408 0.00927499]
[0.00530643 0.00545839 0.00594817 0.00891684 0.00911827 0.00973478]
[0.00603528 0.00659326 0.00715717 0.0074551  0.00770329 0.00793335]
[0.00390596 0.00501093 0.00585259 0.00708845 0.00722401 0.00729003]
[0.0045511  0.00591211 0.00636195 0.01013306 0.01031764 0.01129148]
[0.00627937 0.00845857 0.0086506  0.01032252 0.01078363 0.01088783]
[0.00444105 0.00470751 0.00666152 0.00797415 0.00923871 0.01022442]
[0.00449144 0.00512981 0.00582455 0.00855615 0.0087196  0.00983784]
[0.00375337 0.00910444 0.00963638 0.00966136 0.0119529  0.01308607]
[0.00615558 0.00646798 0.0069452  0.0091904  0.01037925 0.01085201]
[0.00604177 0.00661383 0.00761715 0.00765401 0.00771719 0.01054667]
[0.0015781  0.0053309  0.00720222 0.00772679 0.00850499 0.00972524]
[0.00332727 0.00736702 0.00796036 0.00804138 0.00937613 0.00964628]
[0.0062401  0.00729801 0.01094141 0.01110107 0.01193972 0.01334852]
[0.00187942 0.00466698 0.00498699 0.00546719 0.00591219 0.00887757]
[0.00247197 0.0047504  0.00584147 0.00634867 0.00676114 0.00711199]
[0.00487688 0.00520957 0.00944817 0.00988134 0.01083546 0.01131401]
[0.00308482 0.00360918 0.00564769 0.00571907 0.00618201 0.00823343]
[0.00306543 0.00326937 0.00724323 0.00784116 0.00927119 0.00972716]
[0.00539096 0.00570518 0.00647701 0.00751678 0.00844766 0.00908075]
[0.00240924 0.00626265 0.00683607 0.00835975 0.00927338 0.00984843]
[0.00582628 0.00591083 0.00704127 0.00774115 0.00840635 0.00861459]
[0.00292682 0.00539566 0.00872714 0.01013235 0.01029561 0.0118194 ]
[0.00282915 0.00607196 0.00729739 0.00751015 0.00770011 0.00832427]
[0.00211714 0.00429985 0.00643334 0.00735479 0.00785741 0.00801602]
[0.00119384 0.00374104 0.00694296 0.00745051 0.00838147 0.00910831]
[0.00138647 0.00735406 0.00836552 0.00966755 0.0112828  0.01142447]
[0.00326752 0.0043576  0.00811392 0.00855362 0.00894846 0.00981714]
[0.00278016 0.00830622 0.00864704 0.01058002 0.01145887 0.01159221]
[0.0017604  0.00231823 0.00537441 0.00646325 0.00651578 0.00660848]
[0.00631936 0.00727721 0.00749459 0.00847128 0.0089552  0.00927538]
[0.00332426 0.00742008 0.00771751 0.00825114 0.00853607 0.00920064]
[0.00367585 0.00522155 0.00527075 0.00567515 0.00591824 0.0067481 ]
[0.00367794 0.00476388 0.00541225 0.00566388 0.00581496 0.00594847]
[0.00093062 0.00597117 0.0061317  0.00647072 0.00664311 0.00712599]
[0.00436018 0.00603741 0.00679018 0.00712711 0.00728453 0.00807994]
[0.00229491 0.00626637 0.00838356 0.00886694 0.00894057 0.00999272]
[0.0027857  0.00485635 0.00486549 0.00492563 0.00533578 0.00632682]
[0.00449155 0.00587358 0.00685055 0.00742548 0.0083114  0.00896747]
[0.00430736 0.00573229 0.0067127  0.00676035 0.00687737 0.00745015]
[0.0047511  0.00822769 0.01078399 0.0110323  0.0112575  0.01186433]
[0.00273774 0.00562894 0.00744834 0.00818173 0.0099102  0.00994184]
[0.00566844 0.00825467 0.00833042 0.00944775 0.0115014  0.01151993]
[0.00162414 0.00373077 0.00563072 0.00879626 0.00920775 0.01017438]
[0.0007228  0.00223433 0.00288612 0.00400487 0.00507745 0.00516119]
[0.00679609 0.00690456 0.0073329  0.0077577  0.00930979 0.00954646]
[0.0017681  0.00665755 0.00692702 0.00866176 0.00905383 0.00920398]
[0.00333378 0.00542267 0.00613226 0.00669148 0.00773993 0.00780079]
[0.00362465 0.00376945 0.0045205  0.00475785 0.00539857 0.00555848]
[0.00095696 0.00284565 0.00398232 0.00539428 0.00630645 0.00638483]
[0.00496647 0.0059076  0.0062138  0.0069398  0.00912817 0.0093802 ]
[0.00386746 0.00450371 0.00675355 0.00700295 0.00748815 0.0078528 ]
[0.00387563 0.00481372 0.00540238 0.00565307 0.00595537 0.00670746]
[0.00496511 0.00503984 0.00559241 0.00758642 0.00911321 0.00952881]
[0.00497417 0.00580682 0.00648538 0.00802946 0.00840775 0.0093871 ]
[0.00514773 0.00585484 0.006137   0.0073729  0.00778051 0.00911701]
[0.00457134 0.00491865 0.005467   0.0054842  0.00683101 0.00736669]
[0.00461824 0.00493259 0.00537926 0.00613079 0.00626003 0.00629893]
[0.00322553 0.00496394 0.00513709 0.00526669 0.0060759  0.00609569]
[0.00415792 0.00451409 0.00466455 0.00489981 0.00500149 0.00514992]
[0.00564766 0.00707373 0.0073081  0.0075072  0.00831232 0.00857214]
[0.00440041 0.00598486 0.00614632 0.00663526 0.0069386  0.00826995]
[0.00330975 0.00585502 0.00694239 0.00759707 0.00799054 0.00845487]
[0.00331086 0.00395388 0.00488151 0.00553315 0.00587837 0.0062617 ]
[0.00563657 0.00602571 0.00653739 0.00686486 0.00749623 0.00768657]
[0.00355661 0.0048696  0.0048719  0.00650823 0.00704774 0.00840137]
[0.00279438 0.00442382 0.00464114 0.00504602 0.00520665 0.00551223]
[0.00303056 0.00644946 0.00701605 0.00743391 0.00921718 0.0104412 ]
[0.00125392 0.00280251 0.00522859 0.0055341  0.00597924 0.00647612]
[0.00303461 0.00555485 0.00569177 0.00594635 0.00607652 0.00733849]
[0.00277323 0.00477189 0.00918279 0.00928937 0.00936345 0.01020023]
[0.00196846 0.0050066  0.00632554 0.0064492  0.00848279 0.00872982]
[0.00456792 0.00479543 0.00597133 0.00616533 0.008118   0.00866033]
[0.00262901 0.00392083 0.00451316 0.00482288 0.00491291 0.00579916]
[0.00446731 0.00575427 0.00627459 0.00677598 0.00721489 0.00892165]
[0.00483973 0.0058684  0.00785114 0.00792101 0.00839803 0.01000654]
[0.00319124 0.0038661  0.00648538 0.00670621 0.00703726 0.0071633 ]
[0.0019643  0.00255835 0.00261082 0.00345848 0.00396621 0.00401826]
[0.00213601 0.00382859 0.00490592 0.00519548 0.00576844 0.00603706]
[0.00284159 0.0038812  0.00467138 0.00469697 0.00558548 0.00625477]
[0.00394654 0.00400793 0.0045717  0.00619929 0.00742849 0.00799197]
[0.00219822 0.00307369 0.00527753 0.00532071 0.00610576 0.00637341]
[0.00410921 0.00443247 0.00647429 0.00739629 0.00937018 0.00952072]
[0.00454123 0.00554997 0.00611505 0.00670765 0.00859462 0.00962066]
