[0.00348903 0.00370828 0.00456122 0.00486822 0.00539388 0.0062676 ]
[0.00195815 0.00235781 0.00258292 0.00283336 0.00307091 0.00323199]
[0.00037244 0.00163899 0.00390216 0.00445521 0.00497498 0.00523679]
[0.00141688 0.00314824 0.00367219 0.00462309 0.00486251 0.00567117]
[0.00073544 0.00112192 0.00206345 0.0020834  0.00230167 0.0026262 ]
[0.00155038 0.00300709 0.00404416 0.00423753 0.00453238 0.0062097 ]
[0.00387474 0.00453314 0.00597481 0.00600519 0.00729823 0.00748601]
[0.00216208 0.00428303 0.00511095 0.00544884 0.00637582 0.00704044]
[0.00430295 0.00474585 0.00530044 0.0055214  0.00595303 0.00681119]
[0.00490025 0.00590763 0.00622602 0.00646085 0.00720156 0.0079159 ]
[0.00433434 0.0054564  0.00575809 0.00606388 0.00636727 0.00660473]
[0.00282075 0.00385347 0.00413541 0.00464843 0.00465956 0.00476126]
[0.00295519 0.00301837 0.00319314 0.00379459 0.00502654 0.00510157]
[0.00303999 0.00336166 0.00585937 0.00717898 0.007241   0.00752846]
[0.00267165 0.00415834 0.00429366 0.00646951 0.00815652 0.00821855]
[0.00190502 0.00383819 0.00408879 0.00509414 0.005762   0.00652107]
[0.0002285  0.00140428 0.00331954 0.00409035 0.00455414 0.00557324]
[0.00103009 0.00150512 0.00204772 0.00244778 0.00280532 0.00448925]
[0.001308   0.00159572 0.00326918 0.00352264 0.0035422  0.00360993]
[0.00306048 0.00311469 0.00338295 0.00467706 0.00531357 0.00534491]
[0.00394546 0.00409822 0.00509202 0.00536511 0.00612643 0.00636299]
[0.00356952 0.00392194 0.00406273 0.00469756 0.00598539 0.00771419]
[0.00332851 0.00394483 0.00413367 0.0044868  0.00534454 0.00596142]
[0.00308967 0.00502074 0.00640732 0.00684046 0.00703166 0.00724738]
[0.00068101 0.00147109 0.00194558 0.00336378 0.00449754 0.00543972]
[0.00235135 0.00259184 0.00279881 0.00367778 0.00384124 0.00455619]
[0.0012625  0.00298877 0.00344784 0.0055446  0.0056432  0.005886  ]
[0.00335058 0.00475263 0.00537982 0.00613469 0.00690081 0.00764694]
[0.00110872 0.00279607 0.00347217 0.00413136 0.00511528 0.00523047]
[0.00099213 0.00280521 0.00346085 0.00376064 0.00533161 0.00536124]
[0.00204836 0.00380597 0.00539864 0.0063038  0.00710837 0.00745001]
[0.00270968 0.00338133 0.00338576 0.00392091 0.00411524 0.00425387]
[0.00157459 0.00169712 0.00181016 0.00183045 0.0026534  0.00291667]
[0.00084006 0.00235041 0.00311719 0.00424794 0.00429909 0.00437068]
[0.00179899 0.0020445  0.00253952 0.00283228 0.00310571 0.00327721]
[0.00249767 0.00284828 0.00369708 0.00481177 0.00540005 0.00551693]
[0.00181137 0.00270492 0.00320275 0.00415804 0.00471314 0.00472442]
[0.00126982 0.00261077 0.00349775 0.00403579 0.00413343 0.00435994]
[0.00101308 0.00242906 0.00271367 0.00356117 0.00387425 0.00427966]
[0.00223078 0.00274429 0.00297721 0.00329275 0.00360728 0.00370156]
[0.00114916 0.00171811 0.00210776 0.00259246 0.00274233 0.00433182]
[0.00280642 0.00377383 0.00394723 0.00440067 0.00488543 0.00555915]
[0.00245414 0.00271631 0.0034956  0.00389322 0.00461059 0.00491233]
[0.00071927 0.00151441 0.00361627 0.0042773  0.00490257 0.0051864 ]
[0.00071493 0.00262674 0.0035971  0.00444323 0.0059934  0.00599729]
[0.00171532 0.00301185 0.0034112  0.00421976 0.00468608 0.00488175]
[0.00082059 0.00180555 0.00329933 0.0033611  0.00341886 0.00374499]
[0.00131399 0.00337893 0.00348444 0.00378185 0.00387177 0.00403917]
[0.00207516 0.00229238 0.00306283 0.00345841 0.00362587 0.0039549 ]
[0.00190999 0.00210463 0.00305732 0.00370036 0.0040678  0.00419186]
[0.00128096 0.00252424 0.00363963 0.00456687 0.00480468 0.00484894]
[0.00101461 0.00330188 0.00376101 0.00401488 0.00428846 0.00461244]
[0.00083374 0.00172742 0.00268652 0.00340345 0.00454008 0.00470225]
[0.002221   0.00249283 0.00253669 0.00282301 0.00325905 0.00337179]
[0.00127344 0.00206149 0.00357852 0.0041329  0.00538937 0.00665943]
[0.00135598 0.00177191 0.00260761 0.00275487 0.0036905  0.00371468]
[0.00206118 0.00292635 0.00384126 0.00504669 0.00524209 0.00528928]
[0.00191046 0.00215726 0.00241823 0.00259188 0.00274782 0.00317074]
[0.00109647 0.00171559 0.00209178 0.0031985  0.00350682 0.00414273]
[0.00307713 0.00351351 0.00354379 0.00411834 0.00415429 0.00435536]
[0.00167487 0.00168952 0.0019497  0.00197328 0.00226248 0.00287655]
[0.00173286 0.00220121 0.00268394 0.00277613 0.00288895 0.00347225]
[0.0011989  0.00166239 0.00285952 0.00340798 0.00347028 0.00373703]
[0.0008843  0.00091761 0.00141422 0.0021177  0.00226599 0.00230135]
[0.00077196 0.00230188 0.0025861  0.0026407  0.00273833 0.00277781]
[0.00122294 0.00204097 0.00243856 0.00284805 0.00325069 0.003605  ]
[0.00198704 0.00314896 0.00321134 0.00340726 0.00378444 0.00429295]
[0.00159551 0.00246283 0.00284833 0.00288055 0.00294623 0.0032925 ]
[0.0016563  0.00192697 0.0029298  0.00310453 0.00313987 0.00406214]
[0.00185086 0.00234156 0.00267463 0.00305622 0.00336601 0.00374218]
[0.00051666 0.00196006 0.00232555 0.0023693  0.00252057 0.00271438]
[0.00181535 0.00205819 0.00209387 0.00245214 0.00318542 0.00327165]
[0.0012809  0.00163082 0.00251932 0.00295509 0.00336034 0.00361997]
[0.00113371 0.00117852 0.00171246 0.00172741 0.00285369 0.00297649]
[0.00076223 0.00089493 0.00179545 0.00235587 0.00244046 0.00270412]
[0.00082092 0.00158856 0.00212594 0.00220029 0.00285775 0.00302972]
[0.00232439 0.00243313 0.00250012 0.00289211 0.00334371 0.00341642]
[0.00102074 0.00229324 0.00279704 0.00283576 0.00342519 0.0036259 ]
[0.00053741 0.00153112 0.00221352 0.00244063 0.00250228 0.00269196]
[0.00142671 0.00169865 0.0018093  0.00200845 0.00213474 0.00228536]
[0.0005212  0.00061716 0.00098007 0.0010335  0.00121303 0.00130119]
[0.00051729 0.00066909 0.00104082 0.0011232  0.00124295 0.00141943]
[0.00156196 0.00157107 0.0019973  0.00200256 0.00205455 0.00264638]
[0.00085226 0.00196457 0.00207105 0.00217161 0.00243542 0.00263397]
[0.00030388 0.00097177 0.00192809 0.00202256 0.00218318 0.00230576]
[0.00146587 0.00154733 0.00179597 0.00223367 0.00233797 0.00272771]
[0.00169333 0.00214649 0.00218935 0.00245024 0.00289585 0.00291357]
[0.00056917 0.00083608 0.00105642 0.00107256 0.00112307 0.00244011]
[0.00099812 0.00121243 0.00135432 0.00136752 0.00150729 0.00152106]
[0.00126973 0.00176106 0.00221973 0.0032443  0.00339655 0.00351548]
[0.00106969 0.00168037 0.0020804  0.00265725 0.0032659  0.0034921 ]
[0.00130782 0.0016972  0.00185621 0.00194382 0.00207225 0.00283989]
[0.00127144 0.00182601 0.00204217 0.00208892 0.00210735 0.00250852]
[0.00171877 0.00175713 0.00184897 0.00200674 0.00278135 0.00287069]
[0.00103343 0.00153198 0.00153715 0.00208583 0.00214844 0.00253771]
[0.00027129 0.00074556 0.00137529 0.00160229 0.00220905 0.00252125]
[0.00127013 0.00143074 0.00157128 0.0016407  0.00195318 0.00253376]
[0.00118727 0.00137488 0.00184225 0.00197482 0.00223297 0.00234277]
[0.00073506 0.00113328 0.00146185 0.00205197 0.00270485 0.00271782]
[0.00053911 0.00137924 0.00155999 0.00184255 0.00189994 0.00214947]
[0.00192604 0.00211724 0.00237309 0.00325673 0.00337536 0.00363027]
[0.00118657 0.00148225 0.00193321 0.00242538 0.00249346 0.00257009]
[0.0004233  0.00049938 0.00062298 0.00100704 0.00116581 0.00156461]
[0.00054616 0.00147216 0.00191596 0.00276582 0.00301445 0.00318956]
[0.00093513 0.00121369 0.00127301 0.00132191 0.00149975 0.0019908 ]
[0.00155668 0.00190996 0.00192784 0.00211391 0.00222679 0.00268087]
[0.00129266 0.00165622 0.00197955 0.00241519 0.00255034 0.00274902]
[0.00102617 0.0013491  0.00155029 0.00160793 0.00182876 0.00216069]
[0.00100776 0.00117023 0.00127609 0.00129347 0.00182546 0.00233299]
[0.00087712 0.00098118 0.00105123 0.00110708 0.00168538 0.00216318]
[0.00161968 0.00168713 0.00185631 0.00242153 0.00252875 0.00288848]
[0.00111844 0.00172399 0.00180067 0.00194726 0.00210041 0.00254019]
[0.00215186 0.0025003  0.00282434 0.00294247 0.00309964 0.00329878]
[0.00156175 0.00202842 0.00215963 0.00225472 0.00295962 0.0031212 ]
[0.00202597 0.00233936 0.00248107 0.00260019 0.00301363 0.00308005]
[0.00182033 0.00258488 0.00334485 0.00356044 0.00393174 0.00399858]
[0.00113789 0.00114295 0.00115763 0.00119366 0.00204664 0.00207369]
[0.00191547 0.00203439 0.0022265  0.00240099 0.00292058 0.00321064]
[0.00174252 0.00185442 0.00214459 0.00239245 0.00243371 0.00327718]
[0.00170452 0.00225841 0.00250605 0.00262806 0.00327897 0.00352347]
[0.0022072  0.00224122 0.00234925 0.00255818 0.00317364 0.00364268]
[0.00236003 0.00298993 0.00311122 0.00317676 0.00320072 0.00327779]
[0.00122132 0.00225557 0.00312266 0.00317453 0.00443643 0.00503912]
[0.00145362 0.00181218 0.00236907 0.00246037 0.00251488 0.00254465]
[0.00209827 0.00241372 0.00376126 0.00392619 0.00404593 0.00423985]
[0.00248975 0.00254505 0.0029805  0.00308602 0.00382579 0.00397939]
[0.00063856 0.00097464 0.00119849 0.00147232 0.00150845 0.00183383]
[0.00121099 0.00202981 0.00232629 0.00250636 0.00258908 0.00259395]
[0.00141066 0.0019765  0.00295548 0.00326777 0.00352663 0.00374814]
[0.00118378 0.00185677 0.00210253 0.00260248 0.00260628 0.00287711]
[0.0006317  0.00124852 0.00143462 0.00165668 0.0020953  0.00271611]
[0.00043109 0.00137993 0.00153702 0.00183132 0.00187653 0.00258578]
[0.00148918 0.00212301 0.00214885 0.00229227 0.00250256 0.00263368]
[0.00047427 0.00216337 0.00232559 0.00258109 0.00263823 0.00270189]
[0.00044424 0.00090675 0.00092535 0.0009558  0.00115855 0.00142103]
[0.00025287 0.00070834 0.00088527 0.00115998 0.00128878 0.00140165]
[0.00050187 0.00071435 0.00092766 0.001075   0.00129094 0.00133266]
[0.00047618 0.00049891 0.00055382 0.00110729 0.00129993 0.00130668]
[0.0003062  0.00077856 0.00119363 0.00152112 0.00155157 0.00169147]
[0.0019406  0.0021348  0.00271178 0.00284046 0.00300724 0.00300959]
[0.00136604 0.00201691 0.00241642 0.00241901 0.0024995  0.00279193]
[0.00114305 0.00144868 0.00230218 0.00274094 0.00300965 0.00322427]
[0.00050634 0.00052072 0.00133242 0.00177617 0.00182335 0.00259087]
[0.00129962 0.00238616 0.00247388 0.00322125 0.00330404 0.00350426]
[0.00129741 0.00147104 0.00150569 0.0016634  0.00175106 0.00221547]
[0.00092527 0.00093098 0.00124734 0.00131158 0.00144069 0.0014967 ]
[0.00162036 0.00189686 0.00207906 0.00238558 0.0025233  0.00270727]
[0.00122171 0.00200638 0.00246297 0.00265734 0.00274338 0.00279424]
[0.00237589 0.00260544 0.00263396 0.00279384 0.00306105 0.00380604]
[0.001265   0.00159412 0.00246004 0.00256569 0.00286919 0.00301184]
[0.00079153 0.00134284 0.00150969 0.00155763 0.00177786 0.00190498]
[0.00082811 0.00110806 0.00114572 0.001617   0.0016665  0.00170299]
[0.00059519 0.00139965 0.00146531 0.00148546 0.0017783  0.00197792]
[0.00218241 0.00274381 0.0027605  0.00280203 0.00308674 0.0031683 ]
[0.00028769 0.00041607 0.0011713  0.00154867 0.00188358 0.00210092]
[0.00143117 0.00235384 0.00310229 0.00364833 0.00399565 0.00413487]
[0.00115969 0.00171427 0.00238414 0.00254701 0.00273164 0.00350999]
[0.00220792 0.00266866 0.00279105 0.00318827 0.00326707 0.0032788 ]
[0.00065807 0.00123863 0.00193072 0.00215231 0.00258825 0.00301841]
[0.00055982 0.00117367 0.00148503 0.00176943 0.00201628 0.00202714]
[0.00040696 0.00214726 0.0026079  0.00272912 0.00325827 0.003279  ]
[0.00044939 0.00088526 0.00116767 0.00191084 0.00191481 0.00212846]
[0.0008431  0.00139798 0.00143304 0.00146854 0.00176919 0.00206471]
[0.0014433  0.00194364 0.00240422 0.0031319  0.00389351 0.00393984]
[7.66721825e-05 9.94805343e-04 1.14979641e-03 1.99655186e-03  2.04349283e-03 2.83856101e-03]
[0.00105442 0.00118197 0.00146786 0.00203361 0.00216519 0.00243285]
[0.00133069 0.00247711 0.00364366 0.00461802 0.00462214 0.00479816]
[0.00299526 0.00334012 0.00419021 0.00428528 0.00445797 0.0045452 ]
[0.0002822  0.00141125 0.00238374 0.00377828 0.00402782 0.00415636]
[0.00138303 0.00150638 0.0018836  0.00209778 0.00220904 0.00243351]
[0.00241038 0.0030437  0.00329896 0.00358076 0.00456055 0.00478699]
[0.00150088 0.00163097 0.00198269 0.00205713 0.00209578 0.00238991]
[0.00116193 0.00123799 0.00142377 0.00180204 0.00191833 0.00236375]
[0.00026223 0.00091621 0.00138137 0.0014119  0.0017854  0.00191278]
[0.00135001 0.00148454 0.00276994 0.00286357 0.00288761 0.00339489]
[0.00321827 0.00370567 0.00419047 0.00432355 0.0045472  0.00463728]
[0.00301333 0.00340311 0.00391141 0.0044446  0.00532065 0.00552635]
[0.00207774 0.00276637 0.00317174 0.00344334 0.00367456 0.003802  ]
[0.00141081 0.00229838 0.00279882 0.00290667 0.00362498 0.00374062]
[0.00206028 0.00211302 0.00226807 0.00272003 0.00273903 0.00301947]
[0.00168012 0.00180155 0.00366951 0.00481429 0.00501793 0.00509233]
[0.00084034 0.0017157  0.00207972 0.00219336 0.00246046 0.00257445]
[0.00071726 0.00079699 0.00149442 0.00168139 0.00213375 0.00227215]
[0.00207616 0.00256646 0.00355576 0.00423626 0.00472903 0.00488415]
[0.00099343 0.0016944  0.00273802 0.00286718 0.0028944  0.00321564]
[0.00094719 0.00130477 0.00177918 0.00203706 0.00214489 0.0026373 ]
[0.00070924 0.00143468 0.00168114 0.00168984 0.00186661 0.00194586]
[0.0005701  0.00068009 0.00171091 0.0018518  0.00204176 0.00257821]
[0.00056025 0.00079846 0.00243962 0.00265553 0.00276734 0.0031739 ]
[0.00226756 0.00228012 0.00252815 0.00256985 0.00330018 0.00379227]
[0.00127573 0.0014326  0.00189727 0.00191381 0.00222746 0.00222828]
[0.00083583 0.00127462 0.00173922 0.00227505 0.00267334 0.00269384]
[0.00182116 0.00215348 0.00238443 0.00240645 0.00251015 0.00283783]
[0.00209023 0.00215195 0.0024933  0.00260971 0.00262962 0.00306874]
[0.00106243 0.00122687 0.0013316  0.00144961 0.00253632 0.00271059]
[0.00290124 0.00314362 0.00331625 0.00343647 0.00379653 0.0041019 ]
[0.00088736 0.00103889 0.00216125 0.00244811 0.00249436 0.002518  ]
[0.00097661 0.00187683 0.00258061 0.00265665 0.00309982 0.00365324]
[0.00176722 0.00213447 0.0025629  0.00279386 0.0030405  0.00349319]
[0.00179673 0.00203357 0.00269549 0.00306571 0.00320882 0.00369843]
[0.00060763 0.00089598 0.00132325 0.00149896 0.00269067 0.00287114]
[0.00240067 0.00290248 0.00318008 0.00335395 0.00336925 0.00364284]
[0.00125007 0.00131005 0.00146792 0.00202747 0.0020524  0.00205338]
[0.00170135 0.0018976  0.00254697 0.00301187 0.00311109 0.00319213]
[0.00174824 0.00203297 0.00274821 0.00339539 0.00373415 0.00391738]
[0.001155   0.0026661  0.00271054 0.00353743 0.00396308 0.00398355]
[0.00219708 0.00288579 0.00293823 0.00305379 0.00326698 0.00330544]
[0.00174965 0.00187536 0.00256373 0.00268068 0.00285213 0.00293051]
[0.00211583 0.00315932 0.00320637 0.00347994 0.00350506 0.00392441]
[0.00187495 0.0021244  0.00283158 0.00290162 0.00312688 0.00364971]
[0.00301953 0.00357367 0.00511074 0.00611921 0.00650909 0.00671652]
[0.00179778 0.00459928 0.00489653 0.00499082 0.00598566 0.00633272]
[0.0036323  0.00414579 0.00493515 0.00518008 0.00543387 0.00575688]
[0.00444693 0.00524666 0.00554513 0.00691781 0.00739267 0.00760799]
[0.00214211 0.0029231  0.0034961  0.00430626 0.00437401 0.00541209]
[0.0032601  0.00387203 0.00455189 0.00600574 0.00619906 0.00626384]
[0.00232686 0.0024738  0.00292392 0.00306175 0.00394333 0.00422526]
[0.0046473  0.00513705 0.00563806 0.00632126 0.00650141 0.00662808]
[0.00242851 0.00315313 0.00402773 0.00405821 0.00443463 0.00475333]
[0.00370307 0.00399462 0.00411347 0.00465474 0.00477788 0.00499899]
[0.00535735 0.00583578 0.00590805 0.00605631 0.0061094  0.00628284]
[0.0019399  0.00339997 0.00397835 0.00405228 0.00479689 0.00496699]
[0.00401622 0.00427971 0.00485314 0.00500709 0.00584299 0.00624075]
[0.00234808 0.00463106 0.00487839 0.00582305 0.00615397 0.00629375]
[0.00152045 0.00234923 0.00375454 0.00413421 0.00423076 0.00445409]
[0.00071311 0.00222736 0.002629   0.00331049 0.00359716 0.00471891]
[0.00559624 0.00610385 0.00695342 0.00726873 0.00731356 0.00751388]
[0.00540322 0.00565454 0.00573064 0.00635147 0.00679791 0.00768319]
[0.00293754 0.00395157 0.00426597 0.00431587 0.00431861 0.00462907]
[0.00210774 0.00214331 0.00267169 0.00351288 0.00364414 0.00365334]
[0.00353932 0.00535091 0.00555256 0.00574592 0.00586722 0.00590306]
[0.00278443 0.00423361 0.00497122 0.00532323 0.00646589 0.0074568 ]
[0.00186953 0.00315007 0.00366919 0.00369967 0.00376302 0.00411587]
[0.00209163 0.00351828 0.00404468 0.00428692 0.00505628 0.00509313]
[0.002444   0.00294927 0.00338181 0.00350585 0.00406523 0.00459492]
[0.00310937 0.00325172 0.00457946 0.00485702 0.00573791 0.00581555]
[0.0030642  0.00323252 0.00425616 0.00454557 0.00473445 0.0047404 ]
None
[0.0043209  0.00486479 0.00509833 0.0059801  0.00621228 0.00665417]
[0.00122369 0.00202281 0.00280584 0.00315403 0.00361747 0.00411731]
[0.00156891 0.0023912  0.0028236  0.00345668 0.00346895 0.00410128]
[0.00349014 0.004162   0.00434036 0.00457795 0.00469356 0.00483008]
[0.00178204 0.00252394 0.00350231 0.00402941 0.00460236 0.00483694]
[0.00202516 0.00359628 0.00433963 0.00488026 0.00517797 0.0063989 ]
[0.00299102 0.00326406 0.00327312 0.00644963 0.00648939 0.00670339]
[0.00313205 0.00430213 0.00536148 0.00546263 0.0054831  0.00595679]
[0.0046742  0.00507224 0.00631767 0.0064276  0.00692159 0.00723936]
[0.00338763 0.00400097 0.00503903 0.00646555 0.00704493 0.00755579]
[0.00314651 0.00339062 0.0047048  0.00511128 0.00541818 0.00571349]
[0.00343631 0.00408002 0.00462446 0.00488154 0.00623338 0.00626456]
[0.00416989 0.00471679 0.00491187 0.00522606 0.00539629 0.0055412 ]
[0.00248371 0.00509389 0.00783078 0.00798239 0.00897374 0.00962978]
[0.0031212  0.00648606 0.00673083 0.00804507 0.00849207 0.00898025]
[0.00593796 0.00669446 0.0069401  0.00703916 0.00715838 0.00811877]
[0.00707047 0.00811722 0.00817441 0.0082278  0.00849655 0.00871292]
[0.00545494 0.00650019 0.00765605 0.00791233 0.00810051 0.00844375]
[0.00381693 0.00413898 0.0049378  0.00514323 0.00516975 0.00575788]
[0.00363933 0.0061602  0.006641   0.0071811  0.00757486 0.00791787]
[0.00556573 0.00715502 0.00771327 0.00773278 0.00794009 0.00831191]
[0.00183703 0.00428335 0.0055726  0.00679631 0.00683645 0.00688438]
[0.00151091 0.00519437 0.00544105 0.00602359 0.00603755 0.00611426]
[0.00577202 0.00652549 0.00691175 0.00697141 0.00730034 0.00732405]
[0.00468386 0.00531492 0.00548858 0.00601046 0.00606877 0.00609041]
[0.00316099 0.00346712 0.00378712 0.0039993  0.00445876 0.00467989]
[0.00171239 0.00289163 0.00467758 0.00547304 0.00586319 0.00680514]
[0.00307399 0.00412179 0.00514189 0.00631662 0.00767674 0.00845186]
[0.00519875 0.00576033 0.00684891 0.00706694 0.00707437 0.0071051 ]
[0.00330725 0.00403019 0.00671697 0.00963251 0.01020961 0.01061783]
[0.00186639 0.00373633 0.00669894 0.00675077 0.00786518 0.00794251]
[0.00395542 0.00440706 0.00507267 0.0051813  0.00541394 0.00578297]
[0.00134721 0.00219113 0.00303604 0.00397882 0.00468803 0.0047744 ]
[0.00228451 0.00422797 0.00438671 0.00447582 0.00493369 0.00498316]
[0.00174259 0.00295598 0.00319403 0.00351199 0.00403951 0.00452365]
[0.00170869 0.00564898 0.00572934 0.00588983 0.00594697 0.00612379]
[0.00283722 0.00344138 0.00442839 0.00471062 0.00479338 0.00579437]
[0.00165739 0.00267616 0.00496835 0.00515839 0.00718868 0.00891167]
[0.00054397 0.00249681 0.00489554 0.00547066 0.00551457 0.00556583]
[0.00043562 0.00438557 0.00444933 0.00459651 0.00473814 0.00525428]
[0.00182066 0.00339342 0.00633264 0.00647191 0.00700265 0.00702744]
[0.00263884 0.00530773 0.00562592 0.00586369 0.00591315 0.0060018 ]
[0.00494042 0.00632121 0.00692919 0.00696388 0.00788514 0.00816499]
[0.00234989 0.00432137 0.00650306 0.00671107 0.00682677 0.00683993]
[0.00327775 0.00460716 0.00505341 0.00549164 0.00719391 0.0077277 ]
[0.00533931 0.0054944  0.00605382 0.00644284 0.00676099 0.00684671]
[0.00218256 0.00373288 0.0040505  0.00472223 0.0047263  0.00489322]
[0.0028512  0.00424237 0.0044218  0.00497679 0.00499161 0.00512794]
[0.00246506 0.0028681  0.00421666 0.00470963 0.00532991 0.00543944]
[0.00176566 0.00561128 0.00632598 0.00654295 0.00669816 0.00690123]
[0.00416186 0.00729472 0.00739989 0.00772274 0.00798847 0.00808051]
[0.00292377 0.0043467  0.00650845 0.00772959 0.00843267 0.0084845 ]
[0.00149606 0.00556045 0.00643865 0.00784523 0.00797351 0.00843286]
[0.00358601 0.00486288 0.00546476 0.00567339 0.00624306 0.00631062]
[0.00448227 0.00469191 0.00572146 0.00615365 0.00622944 0.00723545]
[0.00450904 0.00519265 0.00537931 0.00541479 0.00572961 0.006523  ]
[0.00433833 0.00529171 0.00573952 0.00690614 0.00730962 0.00779758]
[0.00332467 0.00422681 0.00625049 0.00641477 0.00709085 0.00767749]
[0.00372758 0.0075091  0.00873856 0.00888983 0.0089169  0.00972321]
[0.00447466 0.00526146 0.00626757 0.00665894 0.00677406 0.00903913]
[0.00190777 0.00304222 0.00386907 0.00488099 0.00492935 0.00497129]
[0.00292608 0.00320742 0.00351436 0.00407019 0.00451154 0.00496982]
[0.00165268 0.00336196 0.00520458 0.00525693 0.00573263 0.00601091]
[0.00467979 0.00566599 0.00612545 0.00647322 0.00657797 0.0067307 ]
[0.00343741 0.00473953 0.00589445 0.00603958 0.00673875 0.00748362]
[0.00176257 0.00358022 0.00422964 0.00481054 0.00545199 0.00602618]
[0.00204662 0.00459299 0.00536839 0.00580212 0.00649175 0.00660803]
[0.00210674 0.00321195 0.00376358 0.00394606 0.00402174 0.00427541]
[0.00161134 0.00274525 0.00400716 0.00462333 0.00509398 0.00575205]
[0.00332763 0.00616055 0.00669088 0.00791032 0.0079221  0.00842687]
[0.0032045  0.00400204 0.00405538 0.00537984 0.00589109 0.00602149]
[0.00334195 0.00511692 0.00548355 0.00574479 0.00577323 0.00590807]
[0.00375155 0.00385906 0.0047754  0.00614789 0.00664708 0.00698534]
[0.0034004  0.00366    0.00443791 0.00479203 0.0048118  0.0053068 ]
[0.00418296 0.00474207 0.00488592 0.00516617 0.00541095 0.00556296]
[0.00190302 0.00198196 0.00225441 0.00483239 0.0052888  0.00536394]
[0.00353017 0.00477174 0.00492802 0.00528672 0.00544582 0.00577069]
[0.00528245 0.00556806 0.00580152 0.00595718 0.00622321 0.00713947]
[0.0020537  0.00351604 0.00405126 0.00477441 0.00481186 0.00530059]
[0.00274329 0.00334601 0.00464584 0.00487549 0.00539044 0.00550502]
[0.00370911 0.0044262  0.00446977 0.00491487 0.00517311 0.0053545 ]
[0.0013005  0.00289582 0.00307598 0.00363448 0.00369816 0.00435849]
[0.00291457 0.00388305 0.00447345 0.00468413 0.00476861 0.00498616]
[0.00389788 0.00408513 0.00506764 0.00547509 0.00561783 0.00578122]
[0.00302086 0.00371016 0.00555223 0.00575987 0.00593239 0.0059835 ]
[0.00399427 0.00572289 0.00707553 0.00713907 0.00720796 0.00766696]
[0.0053197  0.00558964 0.00732435 0.00740496 0.00766811 0.00800592]
[0.0035615  0.00408396 0.00566331 0.00616637 0.00644254 0.00662469]
[0.00322277 0.00325108 0.00340523 0.00399088 0.00469336 0.00481929]
[0.00254015 0.00270061 0.00297962 0.00310897 0.00313787 0.00414049]
[0.00269925 0.00364381 0.00416025 0.00560744 0.00564549 0.00642741]
[0.00114414 0.00217989 0.00331497 0.00333449 0.00451569 0.00480573]
[0.00111217 0.00199228 0.00223317 0.00272392 0.00280336 0.00303824]
[0.00341168 0.00503362 0.00600326 0.00601379 0.00621069 0.00624443]
[0.00275904 0.00456204 0.00512572 0.00537556 0.00641429 0.00644439]
[0.00187929 0.0021492  0.00293853 0.00309764 0.00325605 0.00355643]
[0.00490751 0.00499407 0.00531924 0.005404   0.00550137 0.00563292]
[0.00079714 0.00179389 0.00245357 0.00263964 0.00298733 0.00332642]
[0.00244727 0.00274163 0.00285868 0.00350425 0.00359391 0.00431412]
[0.00379652 0.00398563 0.00413335 0.00437969 0.00481817 0.00512044]
[0.00181064 0.00330741 0.00368779 0.0038917  0.00433633 0.00441784]
[0.00377743 0.00427052 0.00434655 0.00458159 0.00464128 0.00488587]
[0.00167416 0.0017497  0.00320084 0.00442194 0.00479082 0.00481201]
[0.00169092 0.00195437 0.00272982 0.00300587 0.00369618 0.00408191]
[0.00327393 0.0041569  0.00427455 0.004323   0.00467604 0.00575535]
[0.00471614 0.00483991 0.00550613 0.00584149 0.00589521 0.00601952]
[0.00262592 0.00269712 0.00335648 0.00426186 0.0048169  0.00494933]
[0.0025534  0.00314805 0.00326802 0.00415899 0.00425749 0.00440766]
[0.00477442 0.00504415 0.00543949 0.00568696 0.00580514 0.00629486]
[0.00184202 0.00227523 0.002807   0.00308384 0.00327104 0.00339788]
[0.00270118 0.00408398 0.00450058 0.00465522 0.00507383 0.00517185]
[0.00482065 0.00632709 0.00644114 0.00828026 0.00834817 0.00845545]
[0.00180706 0.00228433 0.00265778 0.0027937  0.00289611 0.00299617]
[0.00075343 0.00229199 0.00260036 0.00321278 0.00339807 0.00414193]
[0.00471598 0.00505549 0.00588912 0.00794419 0.00814802 0.00822673]
[0.00492444 0.00541444 0.00587434 0.00659728 0.00703575 0.0070808 ]
[0.00103119 0.00440257 0.00442358 0.00456821 0.00461372 0.00484397]
[0.00243991 0.00383198 0.00403663 0.00417286 0.00420971 0.00509517]
[0.00280327 0.0044157  0.00512842 0.00542522 0.00577084 0.00774007]
[0.00385247 0.00437244 0.00507563 0.00555873 0.00572375 0.00676143]
[0.00565108 0.00569196 0.00579587 0.0070571  0.0072574  0.00771588]
[0.00158746 0.00194858 0.00198673 0.00205585 0.00220801 0.00228598]
[0.00221512 0.00298506 0.00432786 0.00464479 0.00573568 0.00602817]
[0.00180933 0.00224896 0.00243614 0.00327917 0.00338073 0.00346632]
[0.00364996 0.00374487 0.00551048 0.00565757 0.00608461 0.00720864]
[0.00332689 0.00404733 0.00465884 0.00516555 0.00536698 0.00614522]
[0.00473883 0.00476263 0.00547638 0.0057566  0.00697934 0.00747715]
[0.00306097 0.00352945 0.00553004 0.00660889 0.00666339 0.00672702]
