[0.00293391 0.00372441 0.0043132  0.00445681 0.00580698 0.00600311]
[0.00477483 0.00483181 0.00544325 0.00658187 0.00674513 0.00727605]
[0.00417863 0.0057028  0.00694861 0.00815676 0.00926758 0.00931063]
[0.00315402 0.00676951 0.00789993 0.00799583 0.00875628 0.00995302]
[0.00206314 0.00373969 0.00611948 0.00703522 0.00712297 0.00739129]
[0.00553061 0.0067652  0.00721034 0.00724969 0.00809922 0.00876342]
[0.00509351 0.00522168 0.00619822 0.00713086 0.00793836 0.00822649]
[0.00582347 0.00656268 0.00667136 0.00739379 0.00794281 0.00863775]
[0.00484449 0.00641528 0.00648803 0.00671596 0.00821685 0.00830286]
[0.00346581 0.0085217  0.00945133 0.0097438  0.01043494 0.01118258]
[0.0107137  0.01118795 0.01122106 0.01249801 0.012742   0.01274634]
[0.0056411  0.00650827 0.00745643 0.00766024 0.00769725 0.0080068 ]
[0.00246291 0.00613849 0.00688759 0.00730134 0.00835564 0.00844783]
[0.00303179 0.00331414 0.00516229 0.00592257 0.00644391 0.00859585]
[0.00323322 0.00452784 0.00694912 0.00710083 0.00749868 0.00754235]
[0.0049229  0.00493174 0.00612495 0.006278   0.00786237 0.00836564]
[0.00184117 0.00768233 0.0080561  0.00867342 0.00925469 0.01006973]
[0.00158717 0.00235482 0.0043243  0.00479446 0.00573183 0.00747548]
[0.00501241 0.00634206 0.00663308 0.00765165 0.00891424 0.00947551]
[0.00273702 0.00284556 0.00658237 0.00802416 0.00820631 0.00916925]
[0.00456023 0.00517069 0.00586677 0.00617368 0.00775415 0.0078922 ]
[0.00399162 0.0041954  0.00439809 0.00753354 0.00753656 0.0078947 ]
[0.00422916 0.00609734 0.00615736 0.00836438 0.00869299 0.00883083]
[0.00489556 0.0065533  0.00701562 0.00766198 0.00779352 0.00881992]
[0.00424853 0.00486809 0.00558598 0.00716886 0.00816624 0.00819735]
[0.00184519 0.00290319 0.00391233 0.00402411 0.00513833 0.00570026]
[0.00179907 0.00480522 0.0051399  0.00533465 0.00548855 0.0065315 ]
[0.00420162 0.00450226 0.00580595 0.00664987 0.00736863 0.00744048]
[0.0036465  0.00605884 0.00661634 0.00669313 0.00722611 0.00801144]
[0.0040384  0.00695312 0.00707677 0.0070849  0.00762699 0.00763052]
[0.00230033 0.00535791 0.00561882 0.00624569 0.0065337  0.0067133 ]
[0.0013078  0.00340431 0.00406192 0.00466681 0.00473319 0.00498879]
[0.0028599  0.00393901 0.00500825 0.00513296 0.00548035 0.00555148]
[0.0032333  0.00369285 0.00385452 0.00399294 0.00425767 0.00540617]
[0.00221793 0.00241191 0.00344256 0.00439483 0.00452546 0.0051732 ]
[0.00289486 0.00347904 0.00625761 0.00701313 0.00710308 0.0071206 ]
[0.00216398 0.0026234  0.00473701 0.00612684 0.00625963 0.00672768]
[0.00337089 0.00339175 0.00348683 0.00394404 0.00418574 0.00419247]
[0.0045492  0.00472849 0.00487262 0.00552881 0.00609632 0.00612991]
[0.00316634 0.00360931 0.00425289 0.00433075 0.00452445 0.00517756]
[0.00397306 0.00406918 0.00440192 0.00446942 0.00487352 0.00530617]
[0.0029753  0.00379823 0.00422106 0.00577718 0.00578142 0.00671365]
[0.00165794 0.00264826 0.00338998 0.00633464 0.00701066 0.00783435]
[0.00259799 0.00372559 0.00386117 0.00443272 0.00476367 0.00477961]
[0.00082706 0.00174979 0.00242295 0.00253559 0.00277808 0.00314173]
[0.00371954 0.00448761 0.0048478  0.00506754 0.00507054 0.00638537]
[0.00203186 0.00207967 0.00219967 0.0044074  0.00528329 0.00569688]
[0.00179218 0.00419999 0.00537087 0.00546248 0.00589442 0.00599565]
[0.00247986 0.00258526 0.00349723 0.00460237 0.00508452 0.00511623]
[0.00060264 0.00142944 0.00213616 0.0028745  0.00338045 0.00359457]
[0.00189352 0.00392818 0.00395017 0.00442999 0.00599958 0.00619465]
[0.00135602 0.00345437 0.00509854 0.00522136 0.00586805 0.00664663]
[0.00086303 0.00234263 0.00242065 0.002646   0.00265883 0.00304437]
[0.0030803  0.00311256 0.00319304 0.00359137 0.00388388 0.00405476]
[0.00394692 0.00410211 0.00490905 0.00600894 0.00655939 0.00678353]
[0.00151645 0.0043586  0.00520494 0.00565443 0.00579692 0.00623566]
[0.00207525 0.00446284 0.00456752 0.00537591 0.00548077 0.0074696 ]
[0.00154202 0.00191551 0.00234273 0.0030284  0.00360386 0.00420957]
[0.00370836 0.00391461 0.00450366 0.00461011 0.00483488 0.0053015 ]
[0.00232513 0.0023869  0.00249193 0.00285907 0.00291777 0.00300681]
[0.00026676 0.00100738 0.00160431 0.00178817 0.0020135  0.00204518]
[0.0013601  0.00211248 0.00226719 0.00238958 0.00305502 0.00337176]
[0.00085403 0.00213366 0.00300375 0.0033909  0.00353816 0.00379457]
[0.00089628 0.00113984 0.00231144 0.00235797 0.00314311 0.00323452]
[0.00224647 0.00299908 0.00340612 0.003622   0.00423563 0.00495188]
[0.00107936 0.00179145 0.00300494 0.00407231 0.00465164 0.00500706]
[0.00179833 0.00250016 0.00258241 0.00346078 0.00470025 0.00502778]
[0.00082343 0.00163666 0.00266763 0.00291543 0.00296013 0.00334085]
[0.00327738 0.00349961 0.00420664 0.00473459 0.00476434 0.00513968]
[0.00250348 0.00265303 0.00280281 0.00290266 0.00332457 0.00352525]
[0.00196551 0.0025108  0.00299107 0.00326956 0.00349775 0.00355805]
[0.00090916 0.0014989  0.00265621 0.00316465 0.0033537  0.00344754]
[0.00275231 0.00309321 0.00335823 0.00363129 0.00384869 0.00399685]
[0.00099288 0.00228194 0.00237613 0.00253766 0.00412511 0.004191  ]
[0.00042223 0.00190524 0.00204402 0.00221975 0.00224149 0.0026109 ]
[0.00364488 0.00380368 0.00381329 0.00388635 0.00412324 0.00419492]
[0.00210181 0.00286637 0.00355208 0.00384709 0.00409225 0.00443958]
[0.00260499 0.00341533 0.00437999 0.0044426  0.00461238 0.00467529]
[0.00414623 0.00456199 0.00467201 0.00476626 0.00504145 0.00510973]
[0.0023601  0.00320108 0.00356436 0.00405422 0.00416424 0.00461523]
[0.0003984  0.00126607 0.00128707 0.00153083 0.00165578 0.00189356]
[0.00166653 0.00204987 0.00263451 0.00283773 0.00302839 0.00306408]
[0.00363433 0.00380268 0.00475075 0.00480439 0.00490239 0.00532331]
[0.00172286 0.0027595  0.00301871 0.003301   0.00330555 0.00336245]
[0.00148762 0.00385017 0.00530254 0.0054325  0.00557035 0.00567081]
[0.00258533 0.00350266 0.00434218 0.0045334  0.00534201 0.00609674]
[0.00302086 0.00310925 0.00350469 0.00353442 0.00455878 0.00509604]
[0.00308664 0.00330085 0.00342032 0.0041283  0.00420287 0.00422253]
[0.00150528 0.00228388 0.00270671 0.00337441 0.00348829 0.00429356]
[0.00313365 0.00343215 0.00388615 0.00413365 0.00425841 0.00430964]
[0.00372625 0.00413294 0.00441405 0.00455241 0.00457958 0.00458876]
[0.00260258 0.0032443  0.00348279 0.00356884 0.00368208 0.0041113 ]
[0.00227746 0.00402175 0.00415123 0.00477427 0.00519758 0.00538738]
[0.00083879 0.0018423  0.00224193 0.00360596 0.00368647 0.00420957]
[0.00354098 0.00357806 0.00507764 0.00538286 0.00552614 0.00584541]
[0.00325867 0.00332095 0.0033377  0.00341432 0.00345643 0.00349474]
[0.00115073 0.00246819 0.0034275  0.00351526 0.00356504 0.00451614]
[0.00212687 0.00220453 0.00232947 0.00266487 0.00337219 0.00457119]
[0.00157542 0.00167623 0.00259352 0.00335156 0.0034868  0.00361812]
[0.00294264 0.00331089 0.00380937 0.00398029 0.00399294 0.00446944]
[0.00374084 0.00518567 0.00521627 0.00564911 0.00574    0.00618021]
[0.0014348  0.00311294 0.00329099 0.0040705  0.00506654 0.00535512]
[0.00166977 0.00210577 0.00244075 0.00332699 0.00384299 0.00408243]
[0.00391368 0.0039957  0.00411737 0.00417449 0.00418251 0.00425914]
[0.0027702  0.00282873 0.00379692 0.00424406 0.00435922 0.0045746 ]
[0.00268651 0.00395512 0.00405764 0.00442291 0.00494507 0.00500732]
[0.00421281 0.00456644 0.00490928 0.00514398 0.00541482 0.00560758]
[0.00255221 0.00277944 0.00361427 0.00443674 0.00461444 0.00477682]
[0.00180004 0.00215939 0.002866   0.00361712 0.00392364 0.00454831]
[0.00058534 0.00119724 0.00169102 0.00270325 0.0038812  0.00396648]
[0.00218845 0.00404013 0.00446154 0.00468097 0.00492587 0.00637366]
[0.00290021 0.00420036 0.00430246 0.00434155 0.00448134 0.00533634]
[0.0034518  0.00350429 0.00377415 0.00391637 0.00572208 0.00652517]
[0.00208651 0.00224208 0.00345594 0.00398127 0.00409111 0.00458477]
[0.00504906 0.00569203 0.00685956 0.00695359 0.00702979 0.00717443]
[0.00212289 0.0048594  0.0049871  0.00523508 0.00557407 0.00619987]
[0.00286055 0.00328926 0.00334869 0.00355153 0.00361192 0.00380083]
[0.00303455 0.003807   0.00493472 0.0050468  0.0053148  0.00668955]
[0.00423932 0.00427765 0.00571828 0.005766   0.00596678 0.00656585]
[0.00206693 0.00224161 0.00376004 0.00414245 0.0042921  0.00430172]
[0.00410759 0.00436475 0.00446724 0.00477765 0.00553946 0.00590076]
[0.00162092 0.00489582 0.00564327 0.00589965 0.0067319  0.00683495]
[0.00640853 0.00671725 0.00680863 0.00695499 0.00771781 0.00773874]
[0.00155371 0.00544555 0.00583803 0.00591188 0.00596328 0.00606515]
[0.00350995 0.0041383  0.00604882 0.00622996 0.00628649 0.0065909 ]
[0.00439859 0.00516649 0.00588984 0.00601488 0.00602545 0.00653203]
[0.00244988 0.00260286 0.00268952 0.00272218 0.0029622  0.00301588]
[0.00065618 0.00122212 0.00190698 0.00281306 0.00287413 0.00322254]
[0.00119748 0.00293435 0.00338259 0.00385228 0.00427152 0.00505816]
[0.00211847 0.00241582 0.00251991 0.00295176 0.00306456 0.00418027]
[0.00147916 0.00213616 0.00234864 0.00266322 0.00303048 0.00314652]
[0.00162134 0.00212098 0.00277609 0.00283292 0.00307641 0.0031307 ]
[0.00184739 0.00298994 0.00364267 0.00404182 0.00427569 0.00462115]
[0.0018607  0.0019066  0.0020412  0.00267445 0.00298295 0.0030243 ]
[0.00050103 0.00056348 0.00095677 0.00129675 0.00137944 0.00154261]
[0.00049335 0.00134528 0.00142459 0.00156948 0.00172897 0.00198217]
[0.00048732 0.00050564 0.00070844 0.00145289 0.00185812 0.00192969]
[0.0010153  0.00105607 0.00111889 0.00144779 0.00156851 0.00197681]
[0.0011111  0.00144334 0.00183056 0.00212629 0.00215773 0.00226865]
[0.00083341 0.00112238 0.00128277 0.00132937 0.00209373 0.00241568]
[0.00196234 0.00209366 0.00227244 0.00324092 0.00354414 0.00407824]
[0.00180292 0.00206738 0.00252736 0.00320024 0.00499536 0.00520744]
[0.00120725 0.00139327 0.0017594  0.00222247 0.00271988 0.00333229]
[0.00184439 0.00244809 0.00281081 0.00333352 0.00383671 0.00553419]
[0.00244899 0.00253681 0.00276173 0.00321278 0.00329926 0.00346215]
[0.00029804 0.00144766 0.00200568 0.00207948 0.00235086 0.00248109]
[0.00220029 0.00283038 0.00318143 0.00385835 0.00401859 0.00447585]
[0.00238893 0.00309485 0.00359071 0.00407102 0.00556048 0.00571567]
[0.00316496 0.00337108 0.00340365 0.0034171  0.00415939 0.00418868]
[0.00377353 0.00400066 0.00463419 0.0048354  0.00534055 0.00534941]
[0.00403906 0.00474498 0.00518289 0.00572515 0.0057398  0.00604124]
[0.0020169  0.00246207 0.00312926 0.00319246 0.00345607 0.00358789]
[0.00287715 0.00332565 0.0039336  0.00418118 0.00441837 0.00453223]
[0.0011926  0.00253443 0.00358528 0.00443488 0.00473426 0.00547004]
[0.00242123 0.00243029 0.00247866 0.00288624 0.00322173 0.00345646]
[0.00156673 0.00249849 0.0032438  0.00373837 0.00419221 0.00432284]
[0.00170228 0.00183103 0.00223081 0.00239981 0.00270513 0.00323257]
[0.00100031 0.00445362 0.00488552 0.00506101 0.00535725 0.00550324]
[0.00178235 0.00229424 0.00248514 0.00297972 0.00314375 0.0034341 ]
[0.00102804 0.00135083 0.00154808 0.001728   0.00187874 0.00206191]
[0.00151776 0.00190073 0.00211818 0.00236497 0.00255126 0.00313679]
[0.000746   0.00154377 0.00208123 0.00227572 0.00283178 0.00294014]
[0.001172   0.00182588 0.00185066 0.00188347 0.00211375 0.00252138]
[0.00231019 0.00414737 0.00508149 0.00543143 0.00581814 0.00604995]
[0.00274953 0.00356528 0.00384641 0.00401999 0.0043902  0.0048538 ]
[0.0022499  0.00312322 0.00314552 0.00413754 0.00430929 0.00449237]
[0.00151434 0.00314261 0.00397739 0.00408085 0.00422338 0.0046264 ]
[0.00261947 0.00290287 0.00446381 0.00463314 0.00488153 0.00541903]
[0.00074411 0.00183871 0.00329259 0.00403549 0.00502585 0.00628929]
[0.00078684 0.00169275 0.00333913 0.00388679 0.00410689 0.00427861]
[0.00333517 0.00425253 0.00461193 0.00521445 0.00688503 0.00705528]
[0.00255428 0.00265542 0.00476842 0.00627415 0.00711975 0.00769968]
[0.00106611 0.00224775 0.00242956 0.00285389 0.00326355 0.003769  ]
[0.00057583 0.00296645 0.00297012 0.00336133 0.00475583 0.00504556]
[0.00148119 0.00278718 0.00370768 0.00377971 0.0039702  0.00397479]
[0.00305801 0.00473183 0.00505108 0.00563328 0.00599007 0.00655238]
[0.00343353 0.00492844 0.00536744 0.0055435  0.00579    0.00604618]
[0.00410612 0.00524755 0.00544888 0.00558573 0.00585717 0.00600064]
[0.00413165 0.00427027 0.00471752 0.00506914 0.00560035 0.0056898 ]
[0.00213854 0.00286937 0.00456606 0.00524652 0.0054872  0.00563673]
[0.00449321 0.00470894 0.00522894 0.00537132 0.00611297 0.00615166]
[0.00214379 0.00411019 0.00505103 0.00529834 0.00560684 0.00594542]
[0.00149936 0.00202028 0.00222307 0.00230273 0.00244728 0.00277359]
[0.0027806  0.00317559 0.00352552 0.00453409 0.0045373  0.00485334]
[0.00051277 0.00124989 0.00135016 0.00172362 0.00205076 0.00237519]
[0.00317244 0.00414239 0.00466377 0.00508326 0.0054267  0.00549667]
[0.00308578 0.00334025 0.00337237 0.00353647 0.00357377 0.00405641]
[0.00274939 0.00341256 0.00347387 0.00374697 0.00418094 0.0042081 ]
[0.00080495 0.00263181 0.00365378 0.00365856 0.00385524 0.00398974]
[0.00245266 0.00403375 0.00408971 0.00460115 0.0054669  0.00625725]
[0.00102694 0.00230192 0.0024118  0.00339928 0.00454435 0.00473534]
[0.00299225 0.00319683 0.00334108 0.00338132 0.00344797 0.00358013]
[0.00176614 0.00219899 0.00238249 0.00254347 0.00261471 0.00266719]
[0.000375   0.00214416 0.0023976  0.00251928 0.00300333 0.00346496]
[0.00110012 0.00130736 0.00153287 0.00186973 0.00201192 0.00201932]
[0.00039856 0.00074519 0.00176048 0.00247984 0.00336033 0.0035218 ]
[0.00069557 0.00141403 0.0025478  0.00274709 0.00339349 0.00388149]
[0.00176755 0.00234002 0.00265443 0.00297631 0.00364961 0.00406415]
[0.00055816 0.00061361 0.001147   0.0018739  0.00199349 0.00205348]
[0.00109056 0.00192824 0.00319056 0.00335087 0.00404159 0.00411799]
[0.00426712 0.00439629 0.00441205 0.00442518 0.00446793 0.00447018]
[0.00051222 0.00220713 0.00241758 0.00295494 0.00315246 0.00318252]
[0.00079172 0.00115044 0.00208244 0.00224991 0.00347894 0.00404366]
[0.00420353 0.00436604 0.00458158 0.00506857 0.00550653 0.00569216]
[0.00231502 0.00245478 0.0045206  0.00558303 0.00618828 0.00622981]
[0.00211112 0.00355141 0.00413255 0.0048782  0.00761079 0.00762366]
[0.00245641 0.0047666  0.00592688 0.00631767 0.00695027 0.0072827 ]
[0.00158692 0.00254536 0.00394652 0.00401496 0.00476312 0.00502808]
[0.00345074 0.00351619 0.00431249 0.00446059 0.0046278  0.00463854]
[0.00351474 0.00411374 0.00424591 0.00478105 0.0055635  0.00612952]
[0.00471778 0.00637889 0.00671553 0.00702105 0.0077177  0.00834596]
[0.00197164 0.00215612 0.0055506  0.0064957  0.00721331 0.0073005 ]
[0.00788258 0.00854838 0.00871575 0.00877515 0.00894712 0.01015984]
[0.0050817  0.00634194 0.00658698 0.00709399 0.00740088 0.00773477]
[0.00293857 0.00323015 0.00362522 0.00421546 0.0042539  0.00442539]
[0.00209745 0.00212216 0.00277198 0.00337834 0.0038459  0.00459786]
[0.00385876 0.00430656 0.00440719 0.00499555 0.0057321  0.00615213]
[0.00411294 0.00574369 0.00691655 0.00750398 0.00803669 0.00829443]
[0.00804844 0.00806581 0.00823528 0.00864944 0.00870555 0.00900159]
[0.0025778  0.00410317 0.00962926 0.01007472 0.01207658 0.01315704]
[0.00529059 0.0076499  0.00825351 0.00897667 0.00906907 0.00984497]
[0.0023761  0.00260908 0.00424762 0.00511582 0.00561974 0.00660202]
[0.00350156 0.00549701 0.00602847 0.00667997 0.00719111 0.00765629]
[0.00401418 0.00632777 0.00720095 0.00730729 0.00848086 0.00943215]
[0.00323075 0.00672831 0.00860504 0.009021   0.00982293 0.01029381]
[0.00376156 0.00517914 0.00568341 0.00627531 0.00682712 0.00685956]
[0.0050774  0.00529586 0.00543447 0.00560457 0.00571604 0.00663213]
[0.00371737 0.00452965 0.00543052 0.0056835  0.0060571  0.00695787]
[0.00402189 0.00568477 0.00638479 0.00664996 0.00675979 0.00690162]
[0.00617716 0.00618406 0.0067931  0.00712703 0.00789952 0.00803502]
[0.00297403 0.0047105  0.00538819 0.00554782 0.0057194  0.00613407]
[0.00408944 0.00516669 0.00591581 0.00595384 0.00674274 0.00773083]
[0.003537   0.00534485 0.0063642  0.00683398 0.00689107 0.00697783]
[0.00450641 0.00487144 0.00583353 0.00625664 0.00635252 0.00684595]
[0.00349567 0.00462589 0.00501496 0.00591829 0.00592896 0.00645091]
[0.00297593 0.00371438 0.00408755 0.00423286 0.00498757 0.00505696]
[0.00272793 0.00307743 0.00459033 0.00510454 0.00545404 0.00580801]
None
[0.00370951 0.00442109 0.00642011 0.00652362 0.00666284 0.00691181]
[0.00213182 0.00303354 0.00325745 0.00346597 0.00466867 0.00470235]
[0.0011057  0.00226209 0.00327386 0.0042614  0.00472458 0.00491386]
[0.0034311  0.00602292 0.00611509 0.00619394 0.00659879 0.00668996]
[0.00475478 0.00601048 0.00615361 0.00641053 0.00729014 0.00757119]
[0.00614312 0.00634314 0.00740103 0.00903921 0.01030492 0.01073718]
[0.00468642 0.00666014 0.00704119 0.00744473 0.00844663 0.00897918]
[0.00702844 0.00807526 0.00907235 0.01025508 0.01039013 0.01072819]
[0.00676439 0.00689827 0.00801328 0.00820551 0.00857312 0.00863299]
[0.00274656 0.00686641 0.00932247 0.01012098 0.01024721 0.01118031]
[0.00514108 0.005255   0.00891362 0.00904628 0.0102265  0.01027696]
[0.00447236 0.00559254 0.00577683 0.00583632 0.00612081 0.00645219]
[0.00487752 0.00491549 0.00560033 0.00588512 0.00609882 0.00654165]
[0.00729777 0.00737854 0.00750799 0.00944576 0.01038597 0.01132289]
[0.00659887 0.00846328 0.00863831 0.01160892 0.01174414 0.01180875]
[0.00511819 0.00617637 0.00649686 0.00663428 0.00906533 0.00921353]
[0.00496003 0.00776528 0.008408   0.00871764 0.00879367 0.00942783]
[0.00228752 0.00607651 0.0085309  0.0096266  0.01068023 0.01082556]
[0.00469493 0.00515652 0.00543847 0.00662222 0.0069463  0.00764648]
[0.00413914 0.00705011 0.00812434 0.00828793 0.00838054 0.01030573]
[0.00492787 0.00699106 0.00741607 0.00838889 0.00878247 0.00910444]
[0.00254997 0.00789004 0.00810561 0.00828838 0.00895018 0.00905824]
[0.00383418 0.00803856 0.00806251 0.00831497 0.00834126 0.00916846]
[0.00604743 0.00631717 0.00772579 0.00830906 0.00840162 0.0087704 ]
[0.00712644 0.00755666 0.00764538 0.00801077 0.00819681 0.00951529]
[0.00344888 0.00558802 0.00611682 0.0062847  0.00678026 0.0069637 ]
[0.00775787 0.00795956 0.00834495 0.00852971 0.01077911 0.01130605]
[0.00281489 0.00419863 0.00541141 0.00613271 0.00641491 0.00662848]
[0.0065025  0.00727708 0.00743457 0.00821054 0.00901496 0.00923991]
[0.00415155 0.00470189 0.00715838 0.00765755 0.0093408  0.00951297]
[0.00379183 0.00608407 0.00703273 0.00769436 0.00812835 0.00827551]
[0.0077485  0.00888945 0.00961513 0.00993643 0.00997193 0.01003218]
[0.00315454 0.00346826 0.00371929 0.00425837 0.00487592 0.00683061]
[0.00454962 0.00534575 0.00645216 0.00673543 0.00708089 0.00718446]
[0.00482284 0.00523779 0.00536439 0.00751939 0.00797026 0.00801995]
[0.00763068 0.00814726 0.00893474 0.00914529 0.00935754 0.00975561]
[0.00493279 0.00516507 0.00523537 0.0057972  0.00695081 0.00722543]
[0.00517234 0.0071182  0.00716439 0.00723981 0.00770781 0.00953946]
[0.00459618 0.00660682 0.00782458 0.00787091 0.00788169 0.00812123]
[0.00338233 0.00565109 0.00664776 0.0080115  0.00872841 0.00889988]
[0.00514835 0.00628895 0.00758685 0.00990223 0.01034221 0.01153813]
[0.00337595 0.00462986 0.00552513 0.00615576 0.00635364 0.00768987]
[0.00397263 0.00803866 0.00838486 0.00846369 0.0085463  0.0086234 ]
[0.00546616 0.00568794 0.00581629 0.0069022  0.00798499 0.00910263]
[0.00492591 0.0069533  0.01048554 0.01137935 0.01176379 0.01194642]
[0.00468443 0.00538711 0.0055572  0.00596909 0.00941218 0.00949485]
[0.00392795 0.00403306 0.0042346  0.00677389 0.00704971 0.00708658]
[0.00277347 0.00588948 0.00630769 0.00705069 0.00729027 0.00800441]
[0.00499682 0.00657355 0.00658577 0.00714386 0.00742195 0.00764058]
[0.00435391 0.0076177  0.00949085 0.01004066 0.01015194 0.01022703]
[0.00554251 0.00680365 0.00754425 0.00798469 0.00849657 0.00996967]
[0.00844858 0.00901435 0.00976058 0.00976823 0.01087973 0.01124036]
[0.00045304 0.00441063 0.00863567 0.00877041 0.00911903 0.00945575]
[0.00335613 0.0037569  0.00564301 0.00791718 0.00810202 0.00819258]
[0.00528006 0.00570471 0.00703425 0.00766006 0.00790817 0.00825837]
[0.00539104 0.00707499 0.007465   0.00863147 0.00915675 0.00955482]
[0.00512917 0.00611398 0.00936101 0.01000034 0.01020861 0.01025008]
[0.0033179  0.0096348  0.0104678  0.0108905  0.01186325 0.01207205]
[0.00332305 0.00593754 0.00665218 0.00958027 0.01097517 0.01126881]
[0.00312291 0.00641222 0.00706409 0.00722906 0.00733275 0.00752551]
[0.0062852  0.00643908 0.00766391 0.00808408 0.00824205 0.00826601]
[0.00826353 0.00861796 0.01083953 0.01220993 0.01254879 0.01278428]
[0.00122642 0.00139996 0.00146377 0.00369412 0.00381731 0.00393381]
[0.00624679 0.0073626  0.00811307 0.00898162 0.00942552 0.01010339]
[0.00462072 0.00470315 0.00688016 0.00710528 0.00769112 0.00770133]
[0.0060022  0.00612378 0.007154   0.00934805 0.00956181 0.0112812 ]
[0.00347784 0.00521931 0.00527363 0.00552597 0.00557087 0.00596123]
[0.00493537 0.00510445 0.00526839 0.00622156 0.0066178  0.00684023]
[0.00181539 0.00305035 0.00547063 0.00562422 0.00576971 0.006357  ]
[0.00436851 0.00548233 0.00653905 0.00672564 0.0084627  0.00981748]
[0.00404801 0.00405906 0.00413077 0.00466091 0.0057612  0.00614551]
[0.00436231 0.00570472 0.00589718 0.00594731 0.00629274 0.00748467]
[0.00413446 0.00776471 0.00831899 0.00845611 0.0085694  0.00859278]
[0.00570849 0.00701597 0.00731991 0.00755994 0.00791949 0.00793075]
[0.00446234 0.00505084 0.00556799 0.00578526 0.00621824 0.00671052]
[0.00236738 0.00321993 0.00843257 0.00856889 0.00873333 0.00889605]
[0.00389742 0.00441801 0.00583642 0.00589223 0.00623928 0.00773518]
[0.00413031 0.00443128 0.00597434 0.00649302 0.00839665 0.0084545 ]
[0.00564026 0.00624233 0.00675182 0.0068258  0.00751487 0.00757966]
[0.00625368 0.00667933 0.00802444 0.00814222 0.00814809 0.00893266]
[0.00356502 0.00484811 0.00526383 0.00549354 0.00571528 0.00607134]
[0.00516477 0.00593155 0.00630543 0.00630933 0.00662625 0.00685201]
[0.00488764 0.00579172 0.00604157 0.00622995 0.0065254  0.00717045]
[0.00792358 0.00867534 0.01068498 0.01168647 0.01186574 0.01219722]
[0.00412636 0.00444625 0.00496606 0.00678716 0.00680214 0.00766526]
[0.00675503 0.00730861 0.00769764 0.0077123  0.0082764  0.00935956]
[0.00647396 0.00783658 0.00794241 0.00807824 0.00903317 0.0091166 ]
[0.00482789 0.00590935 0.00601625 0.00722597 0.00772566 0.00795837]
[0.00409496 0.00424592 0.0048164  0.00519233 0.00550893 0.00555568]
[0.00347194 0.00579639 0.00667751 0.00765205 0.00766099 0.00775091]
[0.0064478  0.00689004 0.00744452 0.00749513 0.00771113 0.00837879]
[0.00122247 0.00483194 0.0052908  0.00551758 0.00565943 0.0060987 ]
[0.00220486 0.00236024 0.00239564 0.00287901 0.00291178 0.00398965]
[0.00312544 0.00499223 0.00641924 0.00646168 0.00720766 0.00735349]
[0.00278675 0.00482758 0.00565713 0.00608288 0.00630239 0.00640479]
[0.00288262 0.00387607 0.00599952 0.00633614 0.00671598 0.00676991]
[0.00578728 0.00680535 0.00710177 0.00721421 0.00735751 0.00745976]
[0.00248495 0.00267278 0.00296108 0.00378143 0.00551039 0.00578919]
[0.00493194 0.00663952 0.00688107 0.00777186 0.00796577 0.00824064]
[0.00362638 0.0038294  0.00522215 0.00596036 0.00621876 0.00772174]
[0.00222248 0.0033256  0.00365292 0.00434513 0.00447102 0.0046918 ]
[0.00525518 0.00634937 0.00635308 0.00638093 0.00672799 0.00673619]
[0.00541383 0.00635175 0.00648876 0.0065129  0.00668449 0.00746555]
[0.00354352 0.00386581 0.00448526 0.00517179 0.00559841 0.00576507]
[0.00331181 0.00488225 0.00504235 0.00559513 0.00567191 0.00631127]
[0.00204474 0.00315272 0.00361971 0.00425148 0.00479827 0.00503861]
[0.00369724 0.00492049 0.00493242 0.00633974 0.00658516 0.00712904]
[0.0056383  0.00642848 0.0065285  0.00656889 0.00681356 0.00685239]
[0.00612829 0.0064437  0.00777316 0.00866294 0.00881392 0.00887177]
[0.00626731 0.00652832 0.00728798 0.00734704 0.00745251 0.00804028]
[0.00497686 0.00572063 0.00742892 0.00802404 0.0084029  0.00857397]
[0.00217946 0.00787085 0.00876916 0.00884896 0.00886153 0.00978532]
[0.0045493  0.00704438 0.00707868 0.0071     0.0077428  0.0084088 ]
[0.00365314 0.00816071 0.0093162  0.00965947 0.01004407 0.01141318]
[0.00681898 0.00731812 0.00736664 0.00841911 0.00888748 0.00959053]
[0.00735778 0.00997728 0.01019807 0.01056134 0.01154429 0.01174975]
[0.00672922 0.00744318 0.00754982 0.00797329 0.00825285 0.00847943]
[0.00551316 0.00978136 0.01141793 0.01178632 0.01203106 0.01269794]
[0.00345201 0.00455026 0.00591981 0.00984795 0.01023214 0.01064951]
[0.00577102 0.00837786 0.00901473 0.00962619 0.00990962 0.0101006 ]
[0.00694222 0.00720127 0.00811751 0.00818649 0.0082447  0.00841261]
[0.00214784 0.00339875 0.00393906 0.00407799 0.00453637 0.00505412]
[0.00764217 0.0087251  0.00892595 0.00894576 0.00910214 0.00928716]
[0.00216904 0.0034121  0.00526978 0.00545315 0.00549017 0.00615976]
[0.00732988 0.00853099 0.00913678 0.00915491 0.00938865 0.01153736]
[0.00369875 0.00564527 0.00692118 0.00693463 0.00834016 0.00883245]
[0.0048167  0.01142015 0.01211558 0.01263262 0.01287672 0.01325265]
[0.00204545 0.00438715 0.0052285  0.00556398 0.0061047  0.00720191]
