[0.00493991 0.00659772 0.0069837  0.0075842  0.00768699 0.00781486]
[0.00450614 0.0055181  0.00596016 0.0083027  0.00905908 0.01129849]
[0.00119498 0.00985854 0.01089203 0.01106231 0.01150766 0.01243197]
[0.00478031 0.00745798 0.00849343 0.00995275 0.01072729 0.01178446]
[0.00372291 0.00618452 0.00891619 0.00919994 0.00949394 0.01173317]
[0.00585333 0.00736889 0.00746903 0.00850696 0.01112634 0.01146461]
[0.01023004 0.0139372  0.01456069 0.01490674 0.015174   0.01583037]
[0.00922773 0.00976983 0.00987075 0.01100425 0.01234958 0.01292128]
[0.00646825 0.00958622 0.01089829 0.0135652  0.01448223 0.01462235]
[0.00755658 0.00986428 0.01148567 0.01174962 0.013245   0.01439011]
[0.00358676 0.00414807 0.00439244 0.004397   0.00467839 0.00470391]
[0.00277292 0.00428488 0.00431809 0.00501258 0.00535706 0.00587094]
[0.00595753 0.00701373 0.0075298  0.00790154 0.00957656 0.01224207]
[0.00408598 0.00572025 0.00954164 0.01069564 0.01126377 0.01319976]
[0.00755809 0.01114216 0.01386994 0.01596918 0.01719855 0.01763616]
[0.00752787 0.00757783 0.00853949 0.01095369 0.01300118 0.01631455]
[0.00429297 0.00490506 0.00622794 0.0074071  0.00995987 0.01009529]
[0.00291054 0.00333235 0.00432781 0.00530139 0.00599375 0.00693334]
[0.00303741 0.00455465 0.00500018 0.00554984 0.0066957  0.00676397]
[0.00639748 0.00812243 0.00973504 0.0100388  0.01039484 0.01083727]
[0.004628   0.00812518 0.01063078 0.01080048 0.01168939 0.01236689]
[0.00801819 0.00831048 0.00991893 0.00993225 0.01075132 0.01159664]
[0.00665297 0.00743962 0.00857786 0.00908071 0.00929291 0.00967808]
[0.004456   0.00560033 0.00921824 0.00975529 0.0105679  0.01103179]
[0.0040235  0.00524572 0.00839946 0.00890288 0.00911446 0.00922433]
[0.00312933 0.00463444 0.00544746 0.00561088 0.00583578 0.00639693]
[0.00264516 0.00376743 0.00442411 0.00653299 0.00720655 0.00893732]
[0.0068755  0.0080701  0.00967322 0.01013131 0.01023935 0.01141167]
[0.00418193 0.00513864 0.00600141 0.00693339 0.00850874 0.00883719]
[0.00309115 0.00767335 0.00948874 0.00963974 0.01015595 0.01081373]
[0.00546154 0.00756279 0.00832399 0.01030232 0.01034986 0.01180809]
[0.00407301 0.00474197 0.00485313 0.00636571 0.007133   0.00794671]
[0.00313358 0.00468777 0.00722277 0.00724689 0.00783251 0.00797317]
[0.00219559 0.00234788 0.00321958 0.00462206 0.00626387 0.007408  ]
[0.00205753 0.00496849 0.00499424 0.00629288 0.00693667 0.0071271 ]
[0.00181182 0.00467167 0.00482401 0.00585066 0.00687891 0.00724175]
[0.00271302 0.00364782 0.00538707 0.00638008 0.0071565  0.00722015]
[0.00335582 0.00533899 0.00622272 0.00864508 0.01133748 0.01287593]
[0.00487444 0.0066869  0.00670517 0.00785945 0.00796854 0.00880499]
[0.0024443  0.00336145 0.00392514 0.0053081  0.00598422 0.00670593]
[0.00503211 0.00567792 0.00982117 0.01102731 0.01107559 0.01137348]
[0.00415765 0.00563822 0.00635052 0.0101726  0.0108451  0.01135423]
[0.00557714 0.00652906 0.0066075  0.00772183 0.00994058 0.01060191]
[0.00111539 0.00130667 0.00368879 0.00558024 0.00781231 0.00841425]
[0.00368121 0.00381157 0.00491908 0.00601323 0.00920331 0.00938811]
[0.00270848 0.00333308 0.00381555 0.00479202 0.00555763 0.00797278]
[0.0024282  0.00415952 0.00484725 0.00536545 0.00571188 0.00590779]
[0.00496491 0.00507045 0.00511762 0.00627106 0.0068229  0.00740847]
[0.00086896 0.0053839  0.00805944 0.00881332 0.00884013 0.00955708]
[0.00476563 0.00526874 0.00663509 0.00696409 0.00936993 0.00978472]
[0.00476218 0.00607393 0.00772945 0.00833983 0.00957045 0.00976574]
[0.00223008 0.0025619  0.00377197 0.00508281 0.00530175 0.00593922]
[0.00314122 0.00417319 0.00496207 0.00652689 0.00680039 0.00706962]
[0.00194332 0.00261733 0.00561253 0.00595125 0.0070916  0.00723592]
[0.00247702 0.00472914 0.00582712 0.00625208 0.00634789 0.00782564]
[0.00477458 0.00509188 0.00510895 0.00573406 0.0078536  0.00800261]
[0.00368122 0.00369053 0.00374009 0.00471474 0.00537788 0.00600887]
[0.00377772 0.00423618 0.00475496 0.0048616  0.00649506 0.0081492 ]
[0.00250688 0.00373532 0.00387859 0.00468445 0.00521251 0.00619657]
[0.0027847  0.00374813 0.00401644 0.00451465 0.00464408 0.00510669]
[0.00114735 0.00176635 0.00421589 0.00531368 0.00630162 0.00716991]
[0.00238183 0.00244623 0.00292082 0.00326369 0.0036683  0.00525144]
[0.00133734 0.00249135 0.00393214 0.00542758 0.00551109 0.00553573]
[0.00132478 0.00179493 0.00254507 0.00567465 0.00602934 0.00667345]
[0.00468608 0.00539523 0.00781348 0.00889227 0.00905572 0.01102509]
[0.00167074 0.00438818 0.00447238 0.006244   0.00982939 0.01241502]
[0.00194927 0.00325559 0.00607325 0.00782634 0.00861823 0.00891884]
[0.00372998 0.0073345  0.00795199 0.00795514 0.0080702  0.00853515]
[0.003239   0.00415858 0.00496402 0.00531879 0.00549348 0.00600674]
[0.00165957 0.001911   0.00191534 0.00234779 0.00403829 0.00406355]
[0.00377084 0.00388989 0.00431507 0.00446678 0.00511094 0.00527455]
[0.00199714 0.00350987 0.00455631 0.00466382 0.00466929 0.00601379]
[0.00299484 0.00415682 0.00485567 0.006282   0.0084538  0.00854409]
[0.00212    0.00364436 0.00414394 0.00425229 0.00472118 0.00556684]
[0.00502543 0.00555208 0.00559764 0.00602434 0.00659625 0.00677946]
[0.00302314 0.0045227  0.00463383 0.00488755 0.00708654 0.00788131]
[0.00526419 0.00643993 0.00750706 0.00870461 0.00883081 0.01100018]
[0.00659424 0.00757093 0.00820755 0.00821777 0.00881345 0.00903737]
[0.00492134 0.00510008 0.00522829 0.00619151 0.00765459 0.0082663 ]
[0.00576417 0.00618138 0.00694365 0.00730342 0.0074199  0.00790403]
[0.00208605 0.00234059 0.00289419 0.00299815 0.00311245 0.0034551 ]
[0.00279484 0.00345033 0.00354569 0.00381631 0.00384091 0.00386832]
[0.00221655 0.00329982 0.0045306  0.00637326 0.00642403 0.00718173]
[0.00399181 0.00513392 0.00690834 0.00829678 0.00850351 0.00885758]
[0.0041036  0.00629371 0.00727316 0.00735415 0.00742756 0.00744874]
[0.0045387  0.00621001 0.00921496 0.00961186 0.00978102 0.01028951]
[0.00697998 0.00706371 0.00811583 0.00843024 0.00887385 0.00949721]
[0.00259476 0.00321657 0.00525139 0.00566912 0.00595411 0.00621094]
[0.00487864 0.00580691 0.00595081 0.00633349 0.00633612 0.00700344]
[0.00448531 0.0047626  0.00560553 0.00707861 0.00771038 0.00818034]
[0.00168517 0.00468464 0.00837195 0.00855398 0.00911068 0.01026157]
[0.00375137 0.00860831 0.00864258 0.00894792 0.00927755 0.00953076]
[0.00689592 0.00722066 0.00747784 0.00794089 0.00803765 0.00849458]
[0.00511957 0.00516169 0.00539026 0.00692477 0.00717624 0.0074976 ]
[0.00444863 0.0047857  0.005083   0.00610039 0.00640609 0.0070785 ]
[0.00376055 0.00383931 0.00483917 0.0058325  0.00720857 0.00731897]
[0.0019095  0.00363402 0.00704034 0.00745821 0.00780192 0.00793834]
[0.00355718 0.00385769 0.00614216 0.00818639 0.00879599 0.00908009]
[0.00436665 0.00555504 0.00652371 0.00717346 0.00845623 0.01046375]
[0.00492086 0.00519846 0.00635357 0.00658669 0.00684859 0.00737564]
[0.00404428 0.00880618 0.00930482 0.009455   0.01046819 0.01053699]
[0.00165591 0.00634638 0.00654865 0.00679012 0.0076333  0.0076676 ]
[0.00367062 0.00416297 0.00435841 0.00461461 0.00478033 0.00488801]
[0.00574993 0.00616741 0.00865863 0.00879852 0.00883391 0.00889796]
[0.00451967 0.00561161 0.00599327 0.00614297 0.00791375 0.0080053 ]
[0.00176478 0.00750569 0.00800465 0.00846866 0.00940874 0.00960104]
[0.00481267 0.00483534 0.00560392 0.00745841 0.00782998 0.0083365 ]
[0.00582661 0.00660479 0.00742871 0.0080324  0.00804637 0.0081214 ]
[0.00626996 0.00813446 0.00824454 0.00848468 0.00871236 0.00959652]
[0.00340846 0.00380292 0.00495598 0.00512984 0.00663028 0.00693962]
[0.00470566 0.00633643 0.00735274 0.00753105 0.00766943 0.0077852 ]
[0.00542066 0.00660823 0.00733181 0.00786363 0.00825378 0.00833805]
[0.00625243 0.006635   0.00668997 0.00719953 0.00858163 0.00924481]
[0.00767452 0.00784151 0.00839773 0.00845306 0.0094333  0.00962166]
[0.00853011 0.009271   0.01028509 0.01033209 0.01085407 0.01119713]
[0.00461639 0.00699112 0.00824229 0.00830582 0.00959096 0.01007766]
[0.00334992 0.0051034  0.00898044 0.00981785 0.009871   0.01012645]
[0.00494965 0.00567789 0.00754418 0.01035291 0.0106184  0.01080213]
[0.00865632 0.00975038 0.01040764 0.01059189 0.01103298 0.01188001]
[0.00465144 0.00770528 0.00780886 0.00967572 0.01082672 0.0126127 ]
[0.00516463 0.0077488  0.00846121 0.00851067 0.01106466 0.01124431]
[0.0052898  0.00596355 0.00939797 0.01019232 0.01273398 0.01277284]
[0.00290982 0.00584414 0.00668658 0.0077848  0.00871329 0.00877696]
[0.00396511 0.00595992 0.00646029 0.00661798 0.00799174 0.00809948]
[0.00690029 0.01349902 0.013663   0.01424122 0.01433081 0.0143607 ]
[0.00573109 0.00784681 0.00807103 0.00973915 0.00994458 0.00996818]
[0.00310333 0.00828042 0.00861707 0.01008254 0.01037239 0.01054314]
[0.0042778  0.00684962 0.00827281 0.00862254 0.00920904 0.01214723]
[0.00755291 0.00856602 0.00902298 0.0101023  0.01035937 0.0104501 ]
[0.00598728 0.00734775 0.00933653 0.00940527 0.00999002 0.01010029]
[0.00419641 0.00504834 0.00520043 0.00613687 0.00638129 0.00756218]
[0.00665504 0.00777324 0.00788398 0.00807072 0.00842585 0.00856328]
[0.00139996 0.00147951 0.00252846 0.00315318 0.0040575  0.00426151]
[0.00192541 0.00394111 0.00421785 0.00491627 0.00542557 0.00551843]
[0.00237028 0.00322103 0.00365356 0.00566091 0.00599109 0.00641298]
[0.00405787 0.00494638 0.00502803 0.00543538 0.00660557 0.00680654]
[0.00364892 0.00365644 0.00520786 0.00602721 0.0069582  0.00701234]
[0.00182551 0.00353235 0.00369675 0.00408852 0.00425167 0.00439842]
[0.00219998 0.00410061 0.00481939 0.00538433 0.00587561 0.0060096 ]
[0.00272424 0.00409047 0.00483079 0.00503616 0.00593156 0.00708311]
[0.00320653 0.00379625 0.00453441 0.00490529 0.00520461 0.00551546]
[0.00079098 0.00320113 0.00358807 0.00519421 0.00537868 0.00634373]
[0.00345424 0.00406609 0.00461769 0.00462663 0.00503099 0.00532738]
[0.002485   0.00336932 0.00424062 0.00453697 0.0045883  0.00568462]
[0.00383552 0.00408692 0.0041615  0.00422608 0.0043846  0.00537126]
[0.00227613 0.00294121 0.00301321 0.00403849 0.00416638 0.00456693]
[0.00329774 0.00428521 0.0054347  0.00607441 0.00638427 0.00665315]
[0.00099443 0.00430383 0.00465748 0.00543786 0.00693896 0.00699439]
[0.00190227 0.00443251 0.00627956 0.00662453 0.00682051 0.00747345]
[0.00504883 0.0060657  0.00754901 0.00935798 0.00944792 0.00977689]
[0.00374125 0.00522625 0.00533579 0.00694511 0.00705171 0.00808095]
[0.00222597 0.00258875 0.00348481 0.00483633 0.00490342 0.00601106]
[0.00079331 0.0030909  0.00327397 0.00353337 0.00353609 0.00378513]
[0.0050223  0.00597611 0.00707372 0.0092086  0.00953672 0.00954336]
[0.00542519 0.00549141 0.00639339 0.00643075 0.0065318  0.00781882]
[0.00260827 0.00406616 0.00603774 0.00765702 0.00799535 0.00870768]
[0.00374256 0.00650426 0.00728411 0.00740278 0.0075901  0.00860679]
[0.00144795 0.00370387 0.00634507 0.00667639 0.00707187 0.00709424]
[0.00232456 0.0025992  0.00332992 0.00342563 0.00347407 0.00469802]
[0.00478895 0.00569064 0.00768086 0.00817999 0.00842521 0.00864409]
[0.00467475 0.00530383 0.00543207 0.0055909  0.00653446 0.00654476]
[0.00241252 0.00609778 0.00646209 0.00737044 0.00809939 0.00881255]
[0.00163513 0.0031755  0.00559121 0.00609968 0.00784401 0.00836671]
[0.00342097 0.00577085 0.00589313 0.00667768 0.00676879 0.00762356]
[0.00240077 0.00282639 0.00515343 0.00557389 0.00579809 0.00595596]
[0.0034438  0.00451829 0.0049137  0.00688677 0.00702198 0.00906542]
[0.00326428 0.00577482 0.00634629 0.00860185 0.00900311 0.00916563]
[0.00744525 0.00810734 0.00975396 0.0097768  0.01025926 0.01087564]
[0.00571185 0.00628481 0.00652456 0.00673668 0.00709984 0.00748527]
[0.00398699 0.00467821 0.00560328 0.00669961 0.00812543 0.01009417]
[0.00504098 0.00777981 0.00789094 0.01009934 0.01017205 0.01075782]
[0.00470483 0.00672017 0.00731882 0.00877393 0.00927688 0.009685  ]
[0.00081846 0.00540538 0.00545436 0.00560618 0.00650813 0.00738587]
[0.00234019 0.00445161 0.0058338  0.00657365 0.00700406 0.00746482]
[0.00508266 0.00658542 0.0069233  0.00703408 0.00813894 0.0084053 ]
[0.00226931 0.00533234 0.00630216 0.00736029 0.00872138 0.00881028]
[0.00493543 0.00611926 0.00635334 0.00660339 0.0089495  0.00926585]
[0.00539932 0.00617869 0.00729492 0.00777511 0.00835036 0.00914482]
[0.00256309 0.00517293 0.0063397  0.00646369 0.00761661 0.00787119]
[0.00264173 0.00400669 0.00800929 0.00888508 0.009058   0.00918146]
[0.00431522 0.00487273 0.006657   0.00738659 0.00741729 0.00817576]
[0.00466921 0.00516869 0.00609747 0.00627263 0.00695238 0.00709948]
[0.0031077  0.00450962 0.00530912 0.00542141 0.00592088 0.00602582]
[0.00359014 0.00556101 0.0061151  0.00650684 0.00654307 0.00692941]
[0.00174161 0.00223656 0.00272041 0.0028137  0.00294026 0.00418186]
[0.00153996 0.00321789 0.00361347 0.00542009 0.00606019 0.0073938 ]
[0.00144544 0.00394704 0.00520611 0.00532319 0.00606723 0.00628481]
[0.00105097 0.00286019 0.00412488 0.00465507 0.00621573 0.00710602]
[0.0044829  0.00824962 0.00992255 0.01026714 0.01068818 0.01110013]
[0.00478626 0.00678385 0.00708394 0.00718833 0.0073296  0.00803669]
[0.00312566 0.00445383 0.00459689 0.00466933 0.00560591 0.00644665]
[0.00339455 0.00455141 0.00503603 0.00623269 0.00661139 0.00814406]
[0.00355943 0.00481409 0.00723617 0.00723869 0.00832891 0.00843415]
[0.0058792  0.00606206 0.00671297 0.00689781 0.0086024  0.00895959]
[0.00454339 0.00669288 0.0075147  0.00770678 0.00915996 0.00945953]
[0.00625327 0.00725638 0.00829054 0.00863886 0.00947164 0.01003798]
[0.00406053 0.00599518 0.00663525 0.00847645 0.0091976  0.00988305]
[0.00471425 0.00771713 0.00983168 0.01098764 0.01107895 0.01150912]
[0.00345194 0.00505164 0.00675188 0.00684471 0.00857343 0.00942861]
[0.00211266 0.00597857 0.00716633 0.00772383 0.0086312  0.00884794]
[0.00277929 0.00348441 0.00355249 0.00509515 0.00586659 0.0062594 ]
[0.00271616 0.00494309 0.00530138 0.00580151 0.00673251 0.00799323]
[0.00316594 0.00390904 0.00397102 0.00405743 0.00472281 0.00569428]
[0.00458854 0.00545864 0.00572885 0.006358   0.00731353 0.00754189]
[0.00541096 0.00617359 0.00727245 0.00854571 0.00874819 0.00929942]
[0.00452939 0.00578482 0.00618141 0.00675499 0.00766453 0.01113361]
[0.00250235 0.00407491 0.00672729 0.0070806  0.00804361 0.01001359]
[0.00191401 0.00274354 0.00364198 0.00364799 0.00435217 0.00461164]
[0.00177966 0.00286052 0.00318142 0.00451669 0.00530872 0.0054663 ]
[0.00335739 0.00729025 0.00740365 0.00792127 0.00932058 0.00996545]
[0.00257243 0.0039363  0.00577271 0.00783563 0.00812252 0.00923698]
[0.0046893  0.00759493 0.00795459 0.00977464 0.01067738 0.01136784]
[0.00266538 0.01007269 0.01032749 0.01126835 0.01140342 0.01183226]
[0.00297077 0.00329641 0.0043423  0.00549079 0.00630812 0.0074228 ]
[0.00337799 0.0070647  0.00821214 0.00917787 0.00963397 0.01042361]
[0.00345166 0.00458139 0.00649464 0.00694781 0.0076836  0.00792908]
[0.00630022 0.00673348 0.00947521 0.00962201 0.01011282 0.01060218]
[0.00890026 0.00918191 0.01095409 0.01141225 0.01216815 0.01412772]
[0.0030726  0.00322271 0.00485214 0.00704492 0.00918252 0.01167412]
[0.01088006 0.01280602 0.01282164 0.01287317 0.01375462 0.0149358 ]
[0.00413968 0.0070562  0.00714634 0.00749945 0.00896585 0.01003529]
[0.00361312 0.00405467 0.00575705 0.01025244 0.01063691 0.01237299]
[0.00367438 0.0056377  0.00569091 0.00683112 0.00696678 0.00761751]
[0.00614344 0.00829608 0.00939914 0.00978581 0.0102041  0.01080212]
[0.00474754 0.00631014 0.00877504 0.00880481 0.00916357 0.00943193]
[0.00400414 0.00669683 0.00811523 0.01071703 0.01086366 0.01127718]
[0.00683393 0.00955755 0.01262244 0.01317511 0.01385045 0.01508482]
[0.00577022 0.00598875 0.00659957 0.01083665 0.01208698 0.01374057]
[0.00682174 0.00695307 0.00746943 0.00823531 0.00882883 0.00901607]
[0.00482885 0.00671368 0.00879189 0.0092315  0.01037883 0.01155029]
[0.00637549 0.00705556 0.00707421 0.00762958 0.00825166 0.01008878]
[0.0062234  0.00796462 0.0080732  0.01032491 0.01085558 0.0115255 ]
[0.00616458 0.00744016 0.00792717 0.00924992 0.00956962 0.01146814]
[0.00378636 0.00423149 0.00976135 0.00998641 0.011357   0.01143585]
[0.00563604 0.00677455 0.00718021 0.00731477 0.00827854 0.00893491]
[0.00502634 0.00586086 0.00990086 0.01174246 0.01184959 0.01201311]
[0.00424001 0.00807266 0.00945772 0.01011662 0.01073734 0.01199087]
None
[0.00841648 0.0086383  0.00928457 0.0094888  0.00981861 0.00989377]
[0.00729078 0.00766244 0.00820371 0.00822509 0.00967399 0.0097399 ]
[0.00594837 0.0087562  0.00951912 0.00972619 0.01019825 0.01043891]
[0.00527027 0.00663447 0.00881182 0.00899274 0.00991467 0.01135676]
[0.00614869 0.00642922 0.0079536  0.00796224 0.0080558  0.00828897]
[0.00442499 0.00529552 0.00635652 0.0081397  0.01217566 0.01252084]
[0.00707029 0.00783006 0.00835676 0.01176872 0.01260207 0.01509481]
[0.00686044 0.00699095 0.01025795 0.01153508 0.01169676 0.01275798]
[0.00428023 0.00866235 0.01364126 0.01401982 0.0145587  0.01638578]
[0.00576299 0.01118315 0.01153478 0.01410957 0.01412975 0.01530686]
[0.00878473 0.00896669 0.00982671 0.0113795  0.01211792 0.01387485]
[0.00521603 0.00587619 0.00744505 0.00760268 0.00760411 0.00795455]
[0.00612023 0.01002665 0.01082882 0.01129655 0.01152255 0.01170785]
[0.00904795 0.01062409 0.01247837 0.01271379 0.01296751 0.01314713]
[0.005202   0.00686837 0.00949808 0.01085628 0.0127044  0.01285117]
[0.0053393  0.00541234 0.00786449 0.01543029 0.01588172 0.0159446 ]
[0.00824062 0.01138915 0.01258402 0.01295003 0.01301909 0.01432233]
[0.00602052 0.01172126 0.0133822  0.01395834 0.01498553 0.01543226]
[0.00910526 0.00923724 0.01025186 0.01059506 0.01193793 0.01197755]
[0.00572197 0.00716118 0.01208091 0.01299137 0.01359065 0.01367105]
[0.00741941 0.00751617 0.01082874 0.0112866  0.01253608 0.01506148]
[0.00562425 0.00750166 0.00956697 0.00957315 0.00975081 0.01075987]
[0.00489106 0.00657655 0.00890165 0.0106969  0.01116451 0.01197743]
[0.00781292 0.00827336 0.00834142 0.01065882 0.01148082 0.01154882]
[0.0045697  0.00579166 0.00624907 0.00632493 0.00783978 0.01074901]
[0.00673577 0.00814857 0.00948081 0.00966947 0.00973029 0.0100304 ]
[0.0029868  0.00641781 0.00961385 0.00966473 0.01063399 0.01079407]
[0.00467293 0.01107271 0.01127957 0.01337167 0.01396658 0.01434611]
[0.01075287 0.0107982  0.01094335 0.01144123 0.01381411 0.01491607]
[0.0065342  0.006941   0.01149794 0.01258655 0.01277975 0.01307624]
[0.0035159  0.0080094  0.00960917 0.01321416 0.01327055 0.01376952]
[0.00648254 0.01033794 0.01190768 0.01202891 0.01204056 0.01341477]
[0.00475437 0.0069494  0.00729865 0.00769012 0.00953118 0.01015908]
[0.00640681 0.00643154 0.00995426 0.01049323 0.01136527 0.01245946]
[0.00577783 0.00717512 0.00778445 0.00981242 0.01067641 0.01101111]
[0.00732909 0.00999584 0.01088635 0.01226215 0.01283556 0.01344115]
[0.01034016 0.01036706 0.01058496 0.01059905 0.01082417 0.01104359]
[0.00365391 0.00837427 0.00878905 0.01409773 0.01542531 0.01579749]
[0.00652421 0.0074528  0.0080003  0.00919854 0.00938682 0.00948673]
[0.00497113 0.00776958 0.00880053 0.00908632 0.00955609 0.01131935]
[0.00536196 0.00621159 0.00804026 0.00831935 0.0101663  0.01169686]
[0.00564204 0.01224552 0.01311517 0.01332141 0.01340683 0.01369193]
[0.00732961 0.00807808 0.01182682 0.01258464 0.01375224 0.01590505]
[0.00992954 0.010675   0.01091732 0.01100208 0.01125149 0.01129957]
[0.00809552 0.00995104 0.01114063 0.01150035 0.01244414 0.01270218]
[0.00554033 0.00724839 0.00746342 0.00806575 0.00823319 0.00937851]
[0.00508838 0.00699807 0.00963241 0.01000319 0.01043446 0.01164048]
[0.01121342 0.01122436 0.01274391 0.01275285 0.01353189 0.01380986]
[0.00562563 0.01054989 0.01160937 0.01409785 0.01567687 0.01624965]
[0.00912248 0.00941109 0.00972404 0.01193232 0.0126959  0.01272786]
[0.0071787  0.00908618 0.01067521 0.01517761 0.01593556 0.01628241]
[0.01144739 0.01566548 0.01674755 0.01688898 0.01750011 0.01762523]
[0.00710653 0.01101111 0.01212637 0.0132199  0.01413853 0.01528342]
[0.00817552 0.01049265 0.01147814 0.01274093 0.01288771 0.01321059]
[0.00548844 0.00789492 0.01025204 0.01139359 0.0131505  0.01330607]
[0.00545911 0.00574344 0.00694921 0.0118665  0.01218398 0.01396555]
[0.00522853 0.01057681 0.01332477 0.01384993 0.01429872 0.01536926]
[0.00969785 0.01207134 0.01207852 0.014706   0.01638194 0.01662916]
[0.00598462 0.00768705 0.00904838 0.00916747 0.01215959 0.01273326]
[0.00935736 0.01038318 0.01139412 0.0133686  0.01435833 0.01546367]
[0.00896336 0.01195793 0.01231537 0.01311061 0.01382685 0.01398345]
[0.00811596 0.00919448 0.01105859 0.01124902 0.01342017 0.01423401]
[0.00547957 0.00551755 0.00763063 0.00820589 0.00913572 0.01000422]
[0.00794159 0.008914   0.01133384 0.01247456 0.01273692 0.01278133]
[0.00455308 0.00837443 0.00893712 0.0096848  0.01134335 0.01187431]
[0.01121091 0.0117194  0.01489948 0.0151579  0.01567283 0.01593539]
[0.00729836 0.0097207  0.0102096  0.01162689 0.01168576 0.01256927]
[0.00674388 0.01024748 0.01185229 0.01197882 0.01279414 0.01295371]
[0.00575564 0.00748935 0.00750806 0.00990087 0.01191866 0.01488922]
[0.00775432 0.00816475 0.0112975  0.01234164 0.01419215 0.01442344]
[0.00739356 0.01067016 0.01305427 0.01356587 0.01440323 0.01546012]
[0.00508103 0.0051827  0.01022919 0.01182319 0.01183281 0.01230638]
[0.00709535 0.00791337 0.01004239 0.01015833 0.0105354  0.01106504]
[0.00296612 0.00883549 0.00969829 0.01040018 0.0119733  0.0122423 ]
[0.00463729 0.0049941  0.0063472  0.006727   0.00812813 0.00852287]
[0.00447028 0.00796474 0.00934519 0.00947506 0.00948577 0.01020657]
[0.00464716 0.00606339 0.00699627 0.00793891 0.00816121 0.00929918]
[0.00609622 0.00633807 0.00777422 0.00992186 0.00995261 0.0101524 ]
[0.00371258 0.00462848 0.00529398 0.00614266 0.0070362  0.00829309]
[0.00466246 0.00759783 0.00804364 0.009589   0.00963287 0.01028814]
[0.00460396 0.00717466 0.00736047 0.00776867 0.00777283 0.00788426]
[0.00622379 0.00829947 0.00917188 0.0107548  0.0108537  0.01089529]
[0.0062191  0.00622921 0.00972498 0.01110205 0.01111692 0.01125389]
[0.00678481 0.01010683 0.01149958 0.0115229  0.01187238 0.01246022]
[0.00456688 0.00601132 0.00819613 0.00857431 0.0087672  0.00885049]
[0.00579748 0.00596339 0.00695995 0.00738031 0.00869843 0.00926633]
[0.00656379 0.00967888 0.01026257 0.01156608 0.01157512 0.01257179]
[0.00275829 0.00533763 0.00584555 0.0059596  0.00731844 0.00743589]
[0.00583873 0.00659045 0.00698151 0.00701351 0.0075694  0.00811713]
[0.00479515 0.00486909 0.00490048 0.00544221 0.00651682 0.00717466]
[0.00534222 0.00628445 0.00753463 0.00755554 0.00793654 0.0083488 ]
[0.00635697 0.00701982 0.00755227 0.00867471 0.00966245 0.01002215]
[0.00357758 0.00393404 0.00435151 0.00455691 0.00463591 0.00468841]
[0.00403606 0.00480702 0.00481546 0.00592353 0.00743095 0.00842292]
[0.00229299 0.00302697 0.00472078 0.00618032 0.00697751 0.00746591]
[0.0025166  0.00544057 0.00631793 0.00665786 0.00698748 0.0074303 ]
[0.00366452 0.00542236 0.00588533 0.01002434 0.0104001  0.01055912]
[0.00231944 0.002901   0.0041687  0.00554425 0.00645217 0.00748912]
[0.00845215 0.00894143 0.00906709 0.00960032 0.01054542 0.01084826]
[0.00330277 0.00574728 0.00579203 0.00867093 0.00895056 0.00922017]
[0.00334066 0.00340594 0.00428279 0.00614115 0.0066171  0.00712331]
[0.00258848 0.00570574 0.0057951  0.00720995 0.00752321 0.00796363]
[0.00197926 0.00277602 0.0033587  0.00405376 0.00637971 0.00659727]
[0.00212956 0.00295098 0.00327898 0.00350355 0.00378619 0.00489139]
[0.00343141 0.00444327 0.005505   0.0066218  0.00687772 0.00829409]
[0.00464838 0.00485467 0.00657621 0.00669103 0.00808765 0.00869785]
[0.00210613 0.00216735 0.00494035 0.00555295 0.00769132 0.00773838]
[0.00563469 0.00670068 0.00809649 0.00885576 0.00892495 0.01054987]
[0.00539884 0.0079656  0.0089598  0.00966411 0.01039906 0.01057003]
[0.00202946 0.00377367 0.00386907 0.00475694 0.00529318 0.00632152]
[0.00851555 0.00907208 0.00944516 0.00949583 0.00951707 0.00957942]
[0.0058667  0.00766272 0.00881363 0.01031047 0.01068831 0.01113485]
[0.00471329 0.00672298 0.00753975 0.00815938 0.00832486 0.01025589]
[0.00750066 0.00873935 0.01063698 0.01116379 0.012166   0.01231021]
[0.00575967 0.00792467 0.00834174 0.00902366 0.01086505 0.01130236]
[0.00628222 0.00673629 0.00693281 0.01011541 0.01063369 0.01185692]
[0.00291746 0.00722719 0.00773003 0.00806797 0.00821402 0.00840206]
[0.0077654  0.00874341 0.00941286 0.01177033 0.01348364 0.01465176]
[0.00545634 0.00852106 0.00973611 0.01140209 0.01183143 0.01344185]
[0.00323208 0.00485554 0.005281   0.00566532 0.00798911 0.00807118]
[0.00338733 0.00400385 0.00506912 0.00713448 0.00910779 0.00928431]
[0.00312915 0.00338324 0.00357901 0.00428105 0.0046474  0.00650769]
[0.00676113 0.00766669 0.00865653 0.00920695 0.01004716 0.01200086]
[0.00751656 0.00815297 0.00901785 0.00951315 0.01078038 0.01100811]
[0.00243379 0.00729121 0.0106432  0.01078636 0.01099955 0.01130437]
[0.00462703 0.00838303 0.00893378 0.00925703 0.00942216 0.00947394]
[0.00470373 0.00727477 0.00803939 0.00896682 0.00898189 0.01015201]
[0.01082146 0.01112258 0.01130906 0.01199435 0.01242974 0.01243197]
