[0.00213757 0.00534975 0.00719537 0.00893371 0.0091146  0.00948103]
[0.00407672 0.0083948  0.0125241  0.01444128 0.0183151  0.01903331]
[0.00921034 0.01407335 0.01432938 0.01490371 0.01812533 0.02067887]
[0.00712404 0.01305673 0.01317429 0.01492577 0.01675348 0.01727281]
[0.00346998 0.00894471 0.00912442 0.01098268 0.01239709 0.01258938]
[0.00637106 0.00671075 0.00766003 0.01048809 0.01171507 0.01509976]
[0.00280275 0.01091949 0.01197925 0.01234035 0.01475297 0.01878046]
[0.00387167 0.00999171 0.01234257 0.01276662 0.01700258 0.01853228]
[0.0055217  0.00682997 0.01145999 0.01251925 0.01468624 0.01663267]
[0.00220367 0.00408107 0.00851479 0.01258437 0.0137485  0.01895224]
[0.00370051 0.00455409 0.00631723 0.00689931 0.01096319 0.01279875]
[0.00359412 0.00437891 0.0056704  0.00816343 0.00859174 0.00918819]
[0.00642815 0.01054656 0.0107693  0.01209814 0.01268686 0.01491382]
[0.00634761 0.01069153 0.01633384 0.01637892 0.01681825 0.01684424]
[0.00506336 0.00713844 0.00818094 0.01198063 0.01266582 0.01324753]
[0.00343421 0.00460027 0.0114611  0.01280292 0.01525805 0.01588648]
[0.00790257 0.00933546 0.01011677 0.01028207 0.01615495 0.01830301]
[0.00127592 0.00722876 0.00783006 0.0088033  0.01358923 0.01599005]
[0.00691488 0.011273   0.01138046 0.01150363 0.01175597 0.01380649]
[0.00329025 0.00487962 0.00802634 0.00824778 0.01100352 0.01181457]
[0.00573215 0.00888942 0.01380782 0.01462902 0.01472093 0.01517689]
[0.01452723 0.01613429 0.01740364 0.01884676 0.01987209 0.02022205]
[0.00708735 0.01304576 0.0135561  0.01442559 0.01561063 0.01602787]
[0.00668093 0.00860642 0.01064572 0.01923537 0.02053889 0.02418716]
[0.00430475 0.00760105 0.0081007  0.00821631 0.01327741 0.01404545]
[0.00189658 0.00227029 0.00667414 0.00904926 0.00912728 0.00920699]
[0.00742878 0.0077563  0.00792452 0.01226462 0.01314644 0.0158007 ]
[0.00586152 0.0071674  0.00818829 0.01171441 0.01254804 0.01486304]
[0.00568832 0.00591188 0.0079082  0.01346995 0.01398811 0.01490467]
[0.00180341 0.00635792 0.01538002 0.01567122 0.01976789 0.01986498]
[0.00732435 0.00898521 0.00938002 0.01085837 0.01204333 0.01452015]
[0.00947728 0.0104348  0.01195863 0.01280598 0.01489556 0.01629011]
[0.00654502 0.00938718 0.01052689 0.01145717 0.01285379 0.01346202]
[0.00689371 0.00757346 0.0102596  0.01131106 0.01180767 0.01336611]
[0.007015   0.00806268 0.00815227 0.00854748 0.01384664 0.01504062]
[0.00270205 0.00452934 0.01188234 0.01340384 0.0145274  0.0151781 ]
[0.00269022 0.00489933 0.006701   0.00859546 0.01348705 0.01988659]
[0.003221   0.0079395  0.01068251 0.0132929  0.01523493 0.01617905]
[0.00402597 0.00943273 0.0118127  0.01357351 0.01407423 0.01594139]
[0.00237502 0.00485602 0.00743734 0.00919716 0.00997774 0.01042629]
[0.00349    0.00445133 0.00641812 0.01471361 0.01650314 0.01726362]
[0.01000625 0.01184694 0.01321714 0.01470958 0.0155761  0.01614606]
[0.00306733 0.00627559 0.00972649 0.01073287 0.01280611 0.01555714]
[0.00545451 0.00816381 0.0096206  0.01375667 0.01689383 0.01742574]
[0.0011493  0.00683608 0.01692888 0.01755655 0.01804143 0.02036304]
[0.00244062 0.00531809 0.00758174 0.00771777 0.00907178 0.00996349]
[0.00167706 0.00421341 0.00457907 0.00639605 0.00957855 0.01192212]
[0.00693418 0.00759444 0.01000205 0.01013306 0.01139881 0.01546006]
[0.00252755 0.01006583 0.01016346 0.01197937 0.01605662 0.01677794]
[0.00254372 0.00363884 0.00374247 0.00449895 0.00883642 0.00968406]
[0.00420199 0.00562105 0.00964267 0.01109367 0.0122989  0.01438225]
[0.00343148 0.00794089 0.01162634 0.01460435 0.0169812  0.01870898]
[0.00097239 0.00332355 0.00765865 0.01015764 0.01246364 0.01532749]
[0.00485732 0.00532651 0.0075611  0.00853448 0.00924383 0.01177239]
[0.00302981 0.00501314 0.00513568 0.00599852 0.00943768 0.00969973]
[0.00115242 0.00401226 0.0059248  0.00969888 0.01313285 0.0142145 ]
[0.00093992 0.00320957 0.00836548 0.01167304 0.01266502 0.01391884]
[0.01366187 0.0151628  0.01659874 0.02020783 0.02121683 0.02364679]
[0.0038742  0.00466735 0.00769687 0.00851227 0.0114459  0.01686179]
[0.00652877 0.01148    0.01182059 0.01319229 0.01368492 0.01409343]
[0.00026815 0.00436807 0.00951914 0.00972917 0.01488543 0.01536068]
[0.00501867 0.00628046 0.01169004 0.01415306 0.01770231 0.01989154]
[0.00433403 0.00792003 0.00799458 0.01008624 0.01186689 0.01336352]
[0.00439302 0.00514391 0.00553246 0.0094025  0.01097333 0.01115935]
[0.00317015 0.00370173 0.00560959 0.0057265  0.00842523 0.01113409]
[0.00336006 0.00395758 0.00582758 0.00729669 0.00960422 0.01378453]
[0.00187922 0.00371305 0.00394983 0.01063781 0.01257523 0.01380698]
[0.0019724  0.00202608 0.00711279 0.00730605 0.00743458 0.01174434]
[0.00284791 0.00566196 0.00753484 0.00799881 0.00893906 0.00948423]
[0.001886   0.0067507  0.00719305 0.00752689 0.00804065 0.00824933]
[0.00664666 0.0082624  0.00955703 0.01043401 0.01221658 0.01443523]
[0.00292975 0.00669027 0.00722472 0.00766764 0.00779232 0.01150705]
[0.0062004  0.00755436 0.00987238 0.0105694  0.01112021 0.01201975]
[0.00226479 0.00600239 0.00659433 0.00783119 0.00798875 0.00890914]
[0.00410506 0.00431845 0.00451676 0.00909067 0.00942462 0.01187817]
[0.00045683 0.00321778 0.0058524  0.00707493 0.0074105  0.00961058]
[0.0034955  0.00448072 0.00467528 0.00617815 0.00905611 0.01049667]
[0.00623488 0.0088968  0.00953035 0.00979421 0.01245074 0.01313554]
[0.00061674 0.00654908 0.00969961 0.00986783 0.01062191 0.01096424]
[0.00214662 0.00247154 0.00440996 0.00794679 0.00898157 0.00966277]
[0.00317711 0.00369199 0.00403072 0.00486906 0.00495545 0.00542924]
[0.00193307 0.00429639 0.00609103 0.00779477 0.00790068 0.00829006]
[0.00329669 0.0036924  0.00389622 0.00490012 0.00641024 0.00656313]
[0.00041452 0.00075067 0.00337556 0.00352119 0.00355997 0.00434066]
[0.00225826 0.00279641 0.00328258 0.00340177 0.0055394  0.00614481]
[0.00072022 0.00135105 0.00433603 0.00447928 0.00634824 0.00640169]
[0.00139257 0.00352646 0.00422251 0.00470406 0.00647387 0.00899039]
[0.0012071  0.00345895 0.00666173 0.00801559 0.00865718 0.00869784]
[0.00123644 0.00487636 0.00528769 0.00582029 0.00628546 0.00859001]
[0.00263463 0.00443655 0.00504838 0.00623087 0.00638251 0.00661897]
[0.00191243 0.0019996  0.00653808 0.00672779 0.00755641 0.00836038]
[0.00268026 0.00572357 0.00591363 0.00627018 0.00716103 0.00782026]
[0.00127935 0.00162683 0.00228632 0.00572284 0.0069439  0.00729039]
[0.00126124 0.00154306 0.00182648 0.00187851 0.00316353 0.00388173]
[0.00353329 0.00431497 0.00580914 0.00627956 0.01020872 0.01038866]
[0.00101    0.00284762 0.00327075 0.00373861 0.00590407 0.00613096]
[0.00092921 0.00110707 0.00194842 0.00338285 0.0064028  0.00749278]
[0.00273844 0.00405737 0.0073042  0.00799568 0.00807279 0.00848503]
[0.00268369 0.00287228 0.00370114 0.00576378 0.00747148 0.00758409]
[0.00126935 0.00187745 0.00480614 0.00528283 0.00690527 0.00727631]
[0.0015991  0.00179935 0.00212061 0.00350434 0.00604959 0.00771752]
[0.00218931 0.00293444 0.00605881 0.00606884 0.0071658  0.00731924]
[0.00063552 0.00143564 0.00289399 0.00303066 0.0032474  0.00483447]
[0.00167774 0.00209466 0.00279494 0.0033785  0.00356536 0.0038019 ]
[0.00398228 0.00478861 0.00525134 0.00601497 0.00806363 0.00882479]
[0.00230241 0.00729295 0.00903714 0.00935162 0.00999031 0.01043341]
[0.00186702 0.00270491 0.0048944  0.00583662 0.0083349  0.00841972]
[0.00262691 0.00391571 0.0064462  0.00815504 0.00842874 0.01013162]
[0.00104053 0.00327698 0.00730491 0.00973    0.01319402 0.01518875]
[0.00459639 0.00548952 0.00623716 0.00802346 0.00961758 0.0103591 ]
[0.00115466 0.0032639  0.00718329 0.00839046 0.0092744  0.0094539 ]
[0.00080374 0.00104051 0.00556602 0.00567649 0.00617242 0.00854729]
[0.00157574 0.0024011  0.0040145  0.00572023 0.00638263 0.00680182]
[0.00232467 0.00240661 0.00345441 0.00681864 0.00864072 0.00908978]
[0.00107814 0.0019047  0.00399975 0.00453638 0.00712346 0.00726023]
[0.00284695 0.00614584 0.01058126 0.01237482 0.01516155 0.01714533]
[0.00062477 0.00247304 0.00348868 0.00612208 0.00661419 0.00902906]
[0.00385701 0.00544905 0.0060035  0.00693753 0.01004854 0.01351635]
[0.00079171 0.00189775 0.00353231 0.0043036  0.00543724 0.00754344]
[0.00110001 0.0060424  0.00743379 0.00768295 0.01014688 0.01116517]
[0.00195449 0.00223991 0.00359187 0.00428004 0.00826783 0.01158111]
[0.00111998 0.00466355 0.00550467 0.0080913  0.00849176 0.0112093 ]
[0.00547819 0.00564324 0.00672884 0.00791879 0.00980318 0.01208066]
[0.00126324 0.00143577 0.00290212 0.00438869 0.00656256 0.00692267]
[0.00267667 0.00688456 0.00749638 0.00861239 0.01183879 0.01294107]
[0.00127981 0.0026289  0.00439843 0.00514125 0.00798902 0.00829699]
[0.00299486 0.00418741 0.00518535 0.0066869  0.0089797  0.01015169]
[0.00086814 0.00284952 0.006978   0.0082862  0.01292597 0.01726314]
[0.00117933 0.00350781 0.00441923 0.00461357 0.00629233 0.00796138]
[0.00270355 0.00477354 0.01060653 0.01220017 0.01308043 0.01384833]
[0.00069786 0.00841352 0.00890394 0.01289458 0.01373509 0.01448103]
[0.00104787 0.00289091 0.00404863 0.00716444 0.00987555 0.01281708]
[0.00133539 0.0049533  0.00518329 0.00559692 0.00645915 0.00833722]
[0.00132585 0.00341726 0.00516509 0.00712317 0.00925742 0.0111081 ]
[0.00237102 0.00253057 0.00269998 0.00496718 0.00538234 0.0076687 ]
[0.00185567 0.0022217  0.00227606 0.0028542  0.00627943 0.00856411]
[0.00092197 0.00096478 0.00431113 0.00505806 0.0057709  0.00601498]
[0.0010357  0.00156233 0.00642075 0.00828676 0.00855863 0.00922348]
[0.00076967 0.00169719 0.00392989 0.00686648 0.01008946 0.01161976]
[0.00333795 0.00432919 0.0060292  0.00912012 0.0109018  0.01097023]
[0.00237149 0.00301297 0.00386487 0.00528643 0.00725324 0.00788164]
[0.00447898 0.00631224 0.00650524 0.00679187 0.00709567 0.00726501]
[0.00212678 0.00383059 0.00624491 0.01095595 0.01258628 0.01294985]
[0.00137863 0.00312327 0.00621892 0.00932468 0.00996697 0.01072439]
[0.0026169  0.00522705 0.00560513 0.0057067  0.00675467 0.01137422]
[0.00131638 0.00270576 0.00661427 0.00882033 0.01006347 0.01191159]
[0.00390128 0.00748914 0.007775   0.00835144 0.00955645 0.01330049]
[0.00257965 0.00385    0.00531805 0.0068007  0.00693845 0.00849382]
[0.00400241 0.00549661 0.00593424 0.01202251 0.01242508 0.01503674]
[0.00196142 0.00402131 0.00740472 0.00847528 0.01113474 0.01860718]
[0.00133073 0.00306512 0.00346718 0.00400879 0.00498999 0.00911847]
[0.00057626 0.00415797 0.00548121 0.00818901 0.00908116 0.00938998]
[0.00250483 0.00285046 0.00444804 0.00536453 0.0060213  0.00985612]
[0.00164927 0.00549317 0.00628015 0.00721138 0.00820517 0.00900559]
[0.00281814 0.00405384 0.00497574 0.00824852 0.00893543 0.01063235]
[0.00108789 0.00118611 0.00456676 0.00729063 0.00815517 0.01193921]
[0.00336872 0.00453814 0.00879361 0.00906826 0.0098463  0.01062516]
[0.00180816 0.00349452 0.0039304  0.00590407 0.00870124 0.01000653]
[0.00245337 0.00275807 0.00318794 0.00519003 0.00844601 0.0123187 ]
[0.00103884 0.0022698  0.00281616 0.00533322 0.00602355 0.00931377]
[0.00129214 0.00289124 0.00452222 0.00633465 0.00779828 0.00904886]
[0.00255543 0.0029447  0.00358234 0.0088393  0.01301377 0.01423002]
[0.00179551 0.00233169 0.00327948 0.00399433 0.00448368 0.00600125]
[0.00382955 0.00480675 0.00687322 0.00973253 0.01004761 0.01382395]
[0.00103007 0.00419977 0.00423631 0.00925496 0.01066522 0.01685065]
[0.00074743 0.00290688 0.0036819  0.00424171 0.00457817 0.00676581]
[0.00244282 0.00254392 0.00758777 0.00996491 0.01111546 0.01114258]
[0.00377963 0.00488605 0.00570314 0.0066815  0.01077033 0.01141491]
[0.00185606 0.00221225 0.00345476 0.00373812 0.00731484 0.00866483]
[0.00107852 0.00148313 0.00265653 0.00395668 0.00632472 0.00663126]
[0.00109177 0.00558182 0.00613593 0.00771826 0.00809697 0.00977918]
[0.00147848 0.00358766 0.00651557 0.01127014 0.01381163 0.01386201]
[0.00133071 0.00150406 0.00288407 0.00353171 0.00515571 0.00527774]
[0.00295337 0.00589447 0.00834019 0.00840763 0.00886231 0.00897465]
[0.00241109 0.00308612 0.00322378 0.00722026 0.0085433  0.00921818]
[0.00223036 0.00314854 0.0056062  0.00863258 0.00883564 0.00976198]
[0.00197342 0.00408784 0.00413675 0.01101927 0.01142672 0.01339417]
[0.00226781 0.00660534 0.00706631 0.00811835 0.01200957 0.01585461]
[0.00171173 0.00249008 0.00269715 0.00634416 0.00677516 0.00929666]
[0.00069338 0.0053984  0.00591472 0.0062804  0.00678915 0.01107404]
[0.00229449 0.00377989 0.00539509 0.0064988  0.00675693 0.00685704]
[0.00405964 0.00486603 0.00615656 0.0100788  0.01126876 0.01142862]
[0.00131068 0.0027316  0.00381122 0.00442039 0.00490424 0.00588121]
[0.00415708 0.00602836 0.00634833 0.01086211 0.01103124 0.01390758]
[0.00429267 0.00556128 0.00733271 0.00740798 0.00813234 0.01215745]
[0.0016216  0.0019137  0.00247717 0.00618205 0.00737018 0.0074275 ]
[0.0015173  0.00266708 0.00358485 0.00477154 0.00778166 0.00858995]
[0.00093451 0.00209189 0.00497433 0.00672477 0.00944038 0.01291614]
[0.00439523 0.00479149 0.00647782 0.0066498  0.00883898 0.00975964]
[0.00650429 0.00680209 0.00698315 0.00840219 0.0096198  0.01018473]
[0.00166082 0.00585831 0.00666519 0.00853859 0.00995093 0.0113603 ]
[0.00781566 0.0117134  0.0123281  0.01710755 0.01833743 0.02223707]
[0.00083956 0.00195126 0.00343697 0.00374295 0.00860574 0.00937517]
[0.00169383 0.00373164 0.0061585  0.01074633 0.01255151 0.0133633 ]
[0.00412346 0.00830263 0.00833747 0.00893797 0.01081094 0.01134209]
[0.00097618 0.0031425  0.00870179 0.01006317 0.01052407 0.0116169 ]
[0.00119514 0.0019935  0.00273643 0.00469001 0.00537221 0.01199741]
[0.00245633 0.00346756 0.00584417 0.00844547 0.01114856 0.01189351]
[0.00245769 0.00361008 0.00662045 0.00750085 0.0085877  0.00915207]
[0.00190989 0.00375618 0.00768671 0.00946545 0.01283898 0.01371717]
[0.00533928 0.00589643 0.00746441 0.00767862 0.00925649 0.00949342]
[0.00197248 0.00360878 0.00388261 0.00447924 0.00476412 0.0050539 ]
[0.00078248 0.00238779 0.00409576 0.00499073 0.00542107 0.01334046]
[0.00123714 0.00288946 0.00541783 0.00765181 0.00867234 0.01099759]
[0.00176127 0.00288612 0.00339242 0.00725688 0.01007009 0.0113528 ]
[0.0026469  0.00315108 0.00453156 0.00931867 0.01318535 0.01487376]
[0.0025905  0.00385593 0.0044234  0.00632771 0.00842262 0.00851507]
[0.00274461 0.00491957 0.00650356 0.00808024 0.00932762 0.00986268]
[0.00133822 0.00258486 0.00701075 0.00744666 0.00764798 0.01055756]
[0.00221484 0.00638489 0.00663213 0.00866918 0.00870269 0.00896795]
[0.01356411 0.01444982 0.01656726 0.0189614  0.0209176  0.02095993]
[0.01012466 0.01411539 0.01905154 0.02456422 0.02471893 0.02673076]
[0.01550353 0.01802276 0.01840144 0.02199189 0.02211678 0.02430642]
[0.00111749 0.00535382 0.00710621 0.01199483 0.02353997 0.02969071]
[0.01403915 0.01631062 0.01642103 0.02631017 0.02889492 0.03056628]
[0.00585575 0.00842536 0.01105419 0.01143639 0.01328322 0.01733384]
[0.00570538 0.01074428 0.0107772  0.01267253 0.01509272 0.01559631]
[0.0048016  0.00593832 0.00889307 0.01083875 0.01603137 0.01616616]
[0.00621678 0.00632569 0.01039698 0.02063098 0.02253094 0.02431107]
[0.00647557 0.00741893 0.01248876 0.01447677 0.01471644 0.01547373]
[0.00479791 0.00739838 0.01363267 0.01491486 0.01904436 0.01939068]
[0.01461085 0.0180529  0.02152434 0.02816183 0.02861815 0.02874291]
[0.00877216 0.00879445 0.00934141 0.00951331 0.01450821 0.01808996]
[0.00413959 0.00690028 0.010831   0.01549248 0.01849901 0.01885144]
[0.00639414 0.00711972 0.00872855 0.00989436 0.01481814 0.02152879]
[0.00723745 0.00805012 0.00867681 0.01756974 0.01857639 0.02102492]
[0.00123953 0.0056947  0.01188207 0.01457939 0.01874953 0.02066941]
[0.00557442 0.00798769 0.0122721  0.01391359 0.01944535 0.02015074]
[0.0108949  0.01153802 0.01771539 0.01797731 0.01831856 0.01926925]
[0.01003627 0.01056863 0.01406215 0.01748043 0.01872183 0.02281786]
[0.01225019 0.01832197 0.02021802 0.02116395 0.02143356 0.02318887]
[0.00882162 0.01210922 0.01309571 0.01652818 0.01688709 0.02087746]
[0.00079818 0.0021841  0.00537764 0.00651099 0.00719249 0.00735613]
[0.00545334 0.00578328 0.00611244 0.00647987 0.01008577 0.01300676]
[0.00216918 0.00439551 0.00459903 0.00511028 0.00540527 0.00652873]
[0.0012084  0.00228177 0.00462659 0.00752476 0.00792805 0.00940565]
[0.00058983 0.00092491 0.00302071 0.00651936 0.00652895 0.00858694]
None
[0.00120179 0.00257264 0.00449926 0.00597162 0.00758705 0.00888047]
[0.00114157 0.00155081 0.00251204 0.00620977 0.00740285 0.00760524]
[0.00097398 0.00254638 0.00313654 0.00723202 0.00738462 0.00773504]
[0.00071057 0.00627706 0.01094914 0.01123794 0.01169284 0.01402971]
[0.00067693 0.00095467 0.00304031 0.00588422 0.00770044 0.0080147 ]
[0.00271554 0.00491269 0.00707681 0.00762691 0.00907271 0.00994755]
[0.0040924  0.00452663 0.00481437 0.00552196 0.00896718 0.01147185]
[0.00493585 0.00622476 0.00711759 0.00896136 0.00960234 0.01051003]
[0.00332457 0.00722762 0.00894468 0.00960367 0.01181276 0.01244723]
[0.00301668 0.00731081 0.00736917 0.00769683 0.00848208 0.00885757]
[0.00168356 0.00185836 0.00691296 0.00958789 0.00993883 0.01133713]
[0.00682027 0.00881602 0.00954787 0.01005513 0.01138843 0.0119528 ]
[0.0025048  0.00425687 0.00863228 0.00880416 0.00955148 0.01279444]
[0.00242807 0.00265532 0.00298351 0.0078321  0.00905354 0.01026444]
[0.00060489 0.00259924 0.00332515 0.00688673 0.00802632 0.00949636]
[0.00110488 0.00541469 0.00836766 0.00871225 0.01335696 0.01400374]
[0.00120869 0.00355015 0.00426511 0.00808402 0.00915782 0.00929829]
[0.00489574 0.005631   0.00719211 0.00911457 0.00935322 0.01133956]
[0.00755639 0.00786884 0.00867459 0.01032574 0.01202192 0.01517581]
[0.00126267 0.00335859 0.00380207 0.00540284 0.00741565 0.00807759]
[0.00144804 0.00411758 0.00507921 0.0069774  0.00724791 0.00845358]
[0.00213338 0.00387624 0.00506195 0.00560823 0.00602761 0.00824687]
[0.00487837 0.00540305 0.0103284  0.01066639 0.0110411  0.01188263]
[0.00684443 0.00826792 0.00914625 0.01011831 0.01054362 0.01091547]
[0.00345692 0.00403054 0.00465407 0.006506   0.00695929 0.00902738]
[0.00330787 0.0040428  0.00440197 0.00616199 0.00963682 0.01025863]
[0.00391837 0.00478074 0.00907922 0.01060202 0.01084319 0.01525132]
[0.00091993 0.00518121 0.00792322 0.00979877 0.011601   0.01208629]
[0.00142219 0.00300785 0.00311431 0.00556592 0.00722441 0.00821024]
[0.00176362 0.00325519 0.0045617  0.00675281 0.00688253 0.00779665]
[0.00190723 0.00442411 0.00546338 0.00657296 0.00878104 0.01037232]
[0.00145881 0.00394212 0.00625749 0.01178652 0.01293805 0.01320317]
[0.00889802 0.01052529 0.01136672 0.01187542 0.01286641 0.01417319]
[0.00158825 0.00320255 0.0039825  0.00559936 0.00895441 0.00903372]
[0.00474236 0.00593079 0.00809734 0.0087238  0.0095608  0.01004568]
[0.00145288 0.00179273 0.0056475  0.00689562 0.00744859 0.00753663]
[0.00289739 0.00339373 0.00441685 0.00930482 0.00940476 0.00975541]
[0.00260438 0.00606204 0.00726989 0.00778006 0.01072718 0.01116577]
[0.00259193 0.00315687 0.00705501 0.0097784  0.01062756 0.01992474]
[0.00302884 0.00601617 0.00796683 0.00903645 0.01382787 0.01775754]
[0.00374553 0.00589731 0.00693447 0.00718541 0.0080511  0.01108202]
[0.00526369 0.00806866 0.01172641 0.01214783 0.01335992 0.01710687]
[0.00760819 0.00835315 0.01460407 0.0152462  0.01616402 0.01660901]
[0.00493066 0.0092894  0.01197457 0.01246556 0.0148442  0.01501623]
[0.00113932 0.00654164 0.00749824 0.01299064 0.01620846 0.01636561]
[0.00121712 0.0069602  0.00739687 0.00761383 0.00883759 0.00962384]
[0.00044116 0.0054051  0.00614875 0.00683012 0.00865156 0.01250697]
[0.00272043 0.00641896 0.00812402 0.008849   0.00965977 0.01259217]
[0.00556622 0.00632459 0.00835771 0.00893691 0.0093329  0.0110188 ]
[0.00492869 0.00656475 0.00682002 0.00858228 0.01265705 0.01459784]
[0.00384639 0.00649531 0.00668877 0.00798423 0.01111155 0.01395612]
[0.0025765  0.00320162 0.00423927 0.00467649 0.00716193 0.00879087]
[0.00338353 0.00438764 0.01051081 0.01065387 0.01218207 0.0127656 ]
[0.00823588 0.01017106 0.01369226 0.01472157 0.0154986  0.01620349]
[0.00600983 0.00678704 0.01007659 0.01105595 0.0136393  0.01464885]
[0.00237444 0.00362015 0.00657684 0.01148972 0.01386133 0.01518295]
[0.00169116 0.00292699 0.00423892 0.00488643 0.01017848 0.01407605]
[0.0009411  0.00293822 0.0040387  0.00591905 0.0095986  0.01264796]
[0.0070312  0.00985765 0.01080483 0.01115736 0.0118978  0.01255764]
[0.00288148 0.00563677 0.00750739 0.00758869 0.00966763 0.01419353]
[0.00383209 0.00448637 0.00771121 0.00798989 0.01018269 0.01192518]
[0.0015952  0.00491494 0.00746493 0.00975448 0.0115338  0.01347678]
[0.00084988 0.00234005 0.00384889 0.00927769 0.01067483 0.01303002]
[0.0022163  0.00375539 0.00545328 0.00676349 0.00845812 0.01136821]
[0.00182442 0.00305911 0.00663326 0.00667274 0.00705702 0.00742306]
[0.0042698  0.00460576 0.00671933 0.00825313 0.00883436 0.01110057]
[0.00107662 0.00235789 0.00811116 0.00853725 0.01179004 0.01482525]
[0.00255652 0.00304012 0.00551135 0.00807123 0.00936682 0.0096304 ]
[0.0014851  0.00323332 0.00631217 0.00779955 0.00822053 0.01047065]
[0.00333975 0.0050406  0.00635069 0.00652338 0.00928747 0.014999  ]
[0.00115533 0.00191135 0.00352551 0.00537862 0.0055714  0.00879495]
[0.00291452 0.0065351  0.00687274 0.00759063 0.00866283 0.01091482]
[0.00108164 0.00266265 0.00382819 0.0055401  0.00649371 0.00905693]
[0.00210454 0.00311254 0.00499912 0.00642838 0.00907804 0.01146553]
[0.00133878 0.00223682 0.00235398 0.00359832 0.00462671 0.00642825]
[0.00178456 0.00542364 0.00675948 0.00984345 0.01061655 0.01436997]
[0.00423569 0.00589377 0.0079996  0.00806357 0.01014462 0.01252506]
[0.002118   0.0023791  0.00541986 0.00685048 0.00751281 0.00921262]
[0.0013379  0.00443179 0.00527163 0.00578744 0.00629687 0.00695838]
[0.00198697 0.00227218 0.00358942 0.00696754 0.00848332 0.00901599]
[0.00375401 0.00413672 0.00725021 0.01484942 0.01553968 0.01655677]
[0.00156641 0.00227716 0.00286125 0.00853337 0.00988904 0.01045838]
[0.00369497 0.00594113 0.00725716 0.00878914 0.01007855 0.01145281]
[0.00079996 0.00158268 0.00297574 0.00452191 0.0057396  0.00711375]
[0.0028895  0.00546316 0.00678268 0.00755314 0.00802443 0.00846286]
[0.00510957 0.00691503 0.00969748 0.01073961 0.01453189 0.01661373]
[0.0017377  0.00215708 0.00528525 0.00665792 0.00738689 0.00859045]
[0.00232838 0.00424994 0.00456458 0.00697163 0.0077878  0.00796728]
[0.00207979 0.00554612 0.00628448 0.00645514 0.00778651 0.00819797]
[0.00178722 0.00180989 0.00460492 0.00557903 0.00615924 0.00675401]
[0.00561594 0.00566491 0.00636385 0.00666704 0.00771998 0.00812254]
[0.00228589 0.00594495 0.00916086 0.00961334 0.01051244 0.01537875]
[0.00093826 0.00347679 0.00490591 0.00509208 0.00595427 0.00646733]
[0.00449922 0.0049987  0.00599147 0.00614739 0.00693813 0.00753108]
[0.0023736  0.00343298 0.00779002 0.00899982 0.0098628  0.01071953]
[0.00635183 0.00674551 0.00714318 0.00960343 0.01025984 0.01243318]
[0.00413475 0.00429623 0.00465988 0.00671633 0.0082853  0.00884954]
[0.00266415 0.00344912 0.00404329 0.00606826 0.00719814 0.00918529]
[0.00230833 0.00383086 0.0041653  0.00876718 0.0111835  0.01144915]
[0.00118419 0.00267474 0.00706035 0.00886498 0.01006898 0.01037743]
[0.00097407 0.00175192 0.00253936 0.00335211 0.00422256 0.00512089]
[0.00145887 0.00156447 0.00562461 0.00800399 0.01094653 0.01142758]
[0.00161113 0.00263832 0.0049676  0.0065247  0.00728992 0.00888673]
[0.00190677 0.00499866 0.00529612 0.00704118 0.00787771 0.00869801]
[0.00540085 0.0058565  0.00855818 0.00887893 0.00935893 0.00966532]
[0.00589052 0.00700007 0.00754538 0.00861377 0.00928847 0.00968365]
[0.00331092 0.00410213 0.00496808 0.00596946 0.00656259 0.00851686]
[0.00140565 0.00289438 0.00494347 0.00699982 0.00777684 0.01070122]
[0.00149467 0.00262521 0.00456895 0.00583661 0.00623866 0.00654068]
[0.00326303 0.00472423 0.00563667 0.00840737 0.00907279 0.01198145]
[0.00371912 0.00741198 0.00760868 0.00805932 0.00991924 0.01070741]
[0.00451168 0.00566878 0.00718313 0.00894127 0.00938011 0.0116619 ]
[0.0030439  0.00507594 0.00644605 0.00714781 0.0126157  0.01373469]
[0.00336049 0.00448905 0.0049427  0.00650024 0.00694352 0.0076548 ]
[0.00239452 0.00541293 0.00564127 0.00703211 0.00729745 0.01070448]
[0.00250258 0.0032468  0.00426812 0.00504156 0.00769662 0.0087436 ]
[0.00164365 0.00299153 0.00452845 0.00600933 0.00685786 0.00736104]
[0.00292582 0.00369723 0.00610944 0.0080875  0.00910666 0.01025984]
[0.00109339 0.00377374 0.00433952 0.00514896 0.00528752 0.00646405]
[0.00479734 0.00502371 0.005594   0.00622306 0.01056658 0.0123616 ]
[0.0031998  0.00336865 0.00504535 0.00551172 0.00634656 0.0083542 ]
[0.00134867 0.00153818 0.00406719 0.00431971 0.00440845 0.00482573]
[0.00436947 0.00589592 0.00722952 0.00766979 0.01186217 0.01298168]
[0.00303227 0.00830788 0.0091851  0.01036032 0.01245945 0.01290418]
[0.00382408 0.00746983 0.00812683 0.00919299 0.0095372  0.01216146]
[0.00142794 0.00257092 0.00324235 0.00767531 0.00812031 0.00866314]
[0.00333451 0.0073208  0.00777543 0.0094712  0.01029399 0.0116812 ]
[0.00422481 0.00555999 0.0075508  0.00785927 0.00970622 0.01145549]
