[0.00150103 0.00392705 0.00586115 0.00753264 0.00765439 0.00830067]
[0.00583934 0.01109716 0.01216722 0.0123683  0.01320392 0.01332026]
[0.00792922 0.01402594 0.0155264  0.0162756  0.01898261 0.01988995]
[0.01139949 0.01317444 0.01580126 0.0160208  0.01665807 0.01866349]
[0.00789441 0.00793419 0.00972135 0.01198931 0.01317331 0.01361311]
[0.00650382 0.00864522 0.0125267  0.0177338  0.01788707 0.01851512]
[0.01014586 0.0104194  0.01345525 0.01406938 0.01468597 0.01560928]
[0.00945574 0.00956454 0.01231892 0.01243019 0.0138088  0.01646327]
[0.00469735 0.00627459 0.00872072 0.00934085 0.01210282 0.01244066]
[0.00515891 0.01432337 0.01547554 0.01798491 0.01883648 0.01985388]
[0.00688899 0.00865867 0.01061509 0.01113195 0.01218949 0.01222718]
[0.00383052 0.00811717 0.01006971 0.01050153 0.01135312 0.01289881]
[0.00486538 0.00870419 0.0087682  0.00892205 0.00934728 0.01014721]
[0.00967626 0.01250862 0.01375776 0.0146122  0.01533587 0.01676897]
[0.00812928 0.01140551 0.01519532 0.01527471 0.01682993 0.01754048]
[0.00660775 0.01099138 0.01272612 0.01391619 0.0149097  0.01663578]
[0.00848627 0.00872739 0.01154815 0.01223276 0.012563   0.01293657]
[0.0053256  0.00805612 0.01112557 0.01370685 0.01446866 0.01453807]
[0.01029618 0.01136653 0.01198659 0.0119982  0.01235531 0.01318098]
[0.00653923 0.00847754 0.01005796 0.01124117 0.01441283 0.02108323]
[0.00186514 0.00667539 0.00761817 0.0104367  0.0124502  0.0132668 ]
[0.0080974  0.00829053 0.01145075 0.0120084  0.01244711 0.01317669]
[0.00265051 0.0033587  0.01461639 0.01625443 0.0182731  0.01838476]
[0.01065806 0.01137436 0.01190757 0.01261933 0.01467903 0.01607009]
[0.00917012 0.01076328 0.0123978  0.01457039 0.0198337  0.02018921]
[0.00546165 0.00951299 0.01271688 0.01469612 0.01643763 0.01687151]
[0.00262565 0.00709573 0.0120612  0.01408146 0.01759216 0.02032673]
[0.00517581 0.00953238 0.01010666 0.0118108  0.01320505 0.0154367 ]
[0.00964924 0.01016026 0.01273717 0.01432018 0.0151942  0.01546426]
[0.00427376 0.00795001 0.00875    0.00923674 0.01007283 0.01253476]
[0.00814804 0.01292927 0.0136567  0.01492696 0.0149959  0.01520862]
[0.00920689 0.00963044 0.01044774 0.01545237 0.01615166 0.01837297]
[0.00742268 0.00844485 0.01420409 0.0146387  0.01469684 0.01543694]
[0.00621873 0.00639125 0.00776867 0.01121914 0.01426122 0.01728527]
[0.0048436  0.00906616 0.01333722 0.01377043 0.01394886 0.01451648]
[0.00390229 0.00824833 0.00836435 0.00880463 0.00907387 0.01284055]
[0.00405735 0.00951389 0.00975503 0.01529466 0.015801   0.01921523]
[0.00479897 0.00485823 0.00522053 0.01219949 0.01406528 0.01579039]
[0.00526096 0.00692685 0.00790156 0.01379055 0.01435387 0.01448765]
[0.00652738 0.00736308 0.00820872 0.00997537 0.00998883 0.01073937]
[0.01098479 0.01325374 0.01385286 0.01420838 0.01669583 0.01706911]
[0.00605591 0.00820065 0.01215235 0.01393109 0.01430896 0.01617098]
[0.00742825 0.00774076 0.01350342 0.01740485 0.01984264 0.02070788]
[0.00608516 0.00980346 0.01542129 0.0178036  0.01785214 0.01948236]
[0.00426791 0.01009374 0.01126779 0.01476372 0.01499972 0.01607985]
[0.01511012 0.01694754 0.01762028 0.01900801 0.02108445 0.02121735]
[0.00358134 0.00358771 0.00655748 0.0067147  0.0074851  0.00886239]
[0.00418044 0.0092958  0.00978215 0.01269909 0.01424823 0.01468901]
[0.00487329 0.00761333 0.01026372 0.01173572 0.0132777  0.01341918]
[0.00377695 0.00597615 0.00929937 0.01291406 0.01384282 0.0148893 ]
[0.00550601 0.00647611 0.01444185 0.01636327 0.01698453 0.01765989]
[0.0083852  0.01011526 0.0128841  0.01699913 0.01775164 0.01947385]
[0.00874946 0.00959339 0.01072299 0.01092622 0.01153729 0.01163139]
[0.00641971 0.00751953 0.00786648 0.00793325 0.00977261 0.01478108]
[0.00945112 0.01296843 0.01420114 0.01451039 0.01625984 0.01709331]
[0.0052924  0.00704413 0.0090859  0.01147831 0.01169339 0.01198477]
[0.00682846 0.00811514 0.01351545 0.01385103 0.01390708 0.01440178]
[0.00912819 0.01243937 0.01260754 0.01421475 0.01706105 0.01717419]
[0.01048282 0.01097777 0.01106072 0.01236714 0.0126792  0.01350744]
[0.00504118 0.00882229 0.01004318 0.01187769 0.01219657 0.01351602]
[0.00480549 0.0064774  0.00853558 0.00935847 0.01011105 0.01082134]
[0.00308479 0.01145731 0.01202853 0.01273151 0.01482632 0.01560332]
[0.00963897 0.01270515 0.0170385  0.01801804 0.01859032 0.02150755]
[0.00480929 0.00783693 0.00857762 0.00878318 0.01297229 0.01937329]
[0.00636863 0.00713113 0.00900357 0.01050245 0.01058363 0.01216099]
[0.00826924 0.00857315 0.01139854 0.01393737 0.01481545 0.0165791 ]
[0.00682045 0.01338927 0.01561263 0.01569554 0.0163439  0.01778748]
[0.00869508 0.01168692 0.0118563  0.01337678 0.01339669 0.01410505]
[0.00338041 0.0075429  0.00852968 0.00963052 0.00990675 0.01404573]
[0.00355795 0.00469446 0.00665933 0.00681231 0.01041191 0.01304691]
[0.00664431 0.0093913  0.01089937 0.01470608 0.01511237 0.01518322]
[0.00681607 0.00694524 0.00764114 0.00882909 0.0098776  0.01043362]
[0.00740998 0.00989764 0.01097167 0.0130912  0.01358024 0.01431679]
[0.00466869 0.00568859 0.00576959 0.0073529  0.00753065 0.00755552]
[0.00435198 0.00612242 0.00710061 0.00835227 0.01134344 0.01139426]
[0.00535094 0.0063863  0.00653084 0.00854242 0.00888283 0.00940299]
[0.00667793 0.00970445 0.01008661 0.01171897 0.0119539  0.01342244]
[0.00669209 0.00804071 0.01066956 0.01078774 0.01123265 0.01162345]
[0.00683452 0.00688736 0.00751875 0.00970419 0.01038899 0.0107448 ]
[0.00286126 0.00400056 0.00432674 0.00435616 0.00547191 0.00556794]
[0.00269042 0.00297543 0.00319513 0.00408772 0.00441619 0.00467929]
[0.0052211  0.00537923 0.00605284 0.00606781 0.00644099 0.00753011]
[0.00746206 0.00814926 0.00912147 0.01009319 0.01039351 0.0109599 ]
[0.0055751  0.00976304 0.01000372 0.01167159 0.01218106 0.01252217]
[0.00271327 0.00288613 0.00466163 0.00475889 0.00758205 0.00801852]
[0.00472413 0.00514529 0.00637472 0.00646745 0.009096   0.01100395]
[0.00251992 0.00670037 0.00726049 0.00731837 0.0098925  0.01207854]
[0.00324    0.00707281 0.00739165 0.00797219 0.00822265 0.01013162]
[0.00454715 0.00613953 0.00628666 0.00744663 0.00868341 0.00913823]
[0.00305333 0.00834304 0.00853809 0.0085861  0.00875611 0.00894234]
[0.0082935  0.00854282 0.01014649 0.0105952  0.01108253 0.01213924]
[0.00485135 0.00530229 0.00682515 0.00696834 0.00828144 0.00841467]
[0.00320734 0.00667398 0.00777173 0.00820053 0.00861512 0.00879805]
[0.0043623  0.00470329 0.00823059 0.00825433 0.00889872 0.00905056]
[0.00330297 0.00457746 0.00475567 0.00485967 0.0071277  0.00784761]
[0.00241682 0.0037944  0.0040148  0.00410125 0.00503459 0.00526543]
[0.00542778 0.00842154 0.00909615 0.0091648  0.00986605 0.01008318]
[0.00435027 0.0064083  0.0066568  0.00725495 0.00748863 0.00845709]
[0.00770628 0.00815186 0.00827302 0.0085067  0.00987443 0.0101637 ]
[0.00445242 0.00460149 0.0058422  0.00692672 0.0080426  0.00909782]
[0.00790235 0.00901496 0.00928728 0.00999497 0.01001996 0.01028915]
[0.0040456  0.00722326 0.00789296 0.01019344 0.01022159 0.01048636]
[0.00158429 0.00307339 0.0032642  0.00348824 0.00399848 0.00421159]
[0.00552862 0.0061916  0.00631044 0.0067671  0.00714775 0.00939948]
[0.00266549 0.00512253 0.00673195 0.00677001 0.00710732 0.00736001]
[0.00489946 0.00610957 0.00661557 0.00759399 0.00764754 0.00767548]
[0.0057063  0.00617215 0.00639395 0.00659755 0.00719304 0.00786596]
[0.0079921  0.00854382 0.0095951  0.01011014 0.01070396 0.01144374]
[0.00390442 0.00471192 0.00876787 0.01020824 0.01168705 0.01229171]
[0.00160089 0.00191948 0.00446538 0.00469236 0.00736239 0.0075424 ]
[0.0058822  0.00690467 0.00739314 0.00795456 0.00872412 0.00952342]
[0.00611371 0.00690689 0.00698824 0.00857519 0.00943978 0.01110484]
[0.00644745 0.00708544 0.00781688 0.00785262 0.00869103 0.00878528]
[0.00604809 0.00715897 0.00796954 0.0082993  0.0099835  0.01175511]
[0.00404408 0.00800732 0.0082094  0.00861519 0.00928224 0.00972946]
[0.00629835 0.00706073 0.00739194 0.00796217 0.00905042 0.00947242]
[0.00268859 0.00553836 0.00672948 0.00714315 0.00810385 0.0082734 ]
[0.00492135 0.00809633 0.00868399 0.00893039 0.00927163 0.00945197]
[0.00317893 0.00736755 0.00811048 0.00941603 0.00986076 0.01044215]
[0.00702822 0.00979679 0.01053155 0.01232076 0.0127687  0.01406597]
[0.00769309 0.00968321 0.01117476 0.01176848 0.01418783 0.01466967]
[0.00876349 0.01026671 0.01365764 0.01387953 0.01396442 0.01441803]
[0.00596384 0.00746008 0.01002998 0.01024027 0.01049217 0.01084559]
[0.0016805  0.00264947 0.00605226 0.00715503 0.00783982 0.00794355]
[0.00583868 0.00628162 0.00635497 0.00645513 0.00759193 0.00848527]
[0.00754901 0.00887581 0.01102908 0.0119091  0.01194685 0.01215404]
[0.00647724 0.00704786 0.01218623 0.01260792 0.01318742 0.01352587]
[0.00603052 0.00610173 0.00823374 0.00878713 0.00957481 0.01078744]
[0.00526106 0.00721538 0.00771117 0.00783617 0.01308709 0.01429413]
[0.00447732 0.00505011 0.00527184 0.00902533 0.00921642 0.01133314]
[0.00626234 0.00661064 0.00872659 0.00885375 0.00972962 0.00977093]
[0.00235366 0.00326599 0.00341032 0.00367072 0.00747674 0.00861685]
[0.00368661 0.00566759 0.00685988 0.00747611 0.00757263 0.00797826]
[0.00686074 0.00700413 0.00711753 0.00753397 0.00765079 0.00790975]
[0.00586599 0.00611066 0.00752716 0.00825076 0.00913518 0.00947289]
[0.00783595 0.00830904 0.00849014 0.00902353 0.01057775 0.01058319]
[0.00203388 0.00545503 0.00633977 0.00708459 0.00816237 0.00884685]
[0.00304859 0.00479321 0.00638007 0.00638832 0.00640964 0.00838699]
[0.00644171 0.00761766 0.00820082 0.00887533 0.00893579 0.00906756]
[0.0042013  0.00747046 0.00868592 0.01058026 0.01212873 0.01252538]
[0.00418011 0.0043852  0.00785931 0.00969995 0.01039922 0.01263666]
[0.00468032 0.00671692 0.00709165 0.00757122 0.00775743 0.00942875]
[0.00848266 0.00896315 0.01038945 0.01046436 0.01153517 0.01163522]
[0.00694463 0.00862206 0.00880849 0.00886758 0.00978383 0.01010277]
[0.00428549 0.00434609 0.00503564 0.00752343 0.00830612 0.00890138]
[0.00484684 0.00540324 0.00615015 0.00625353 0.00640516 0.00702486]
[0.00651479 0.00688362 0.00799765 0.00902433 0.00952297 0.01070515]
[0.0057695  0.00625909 0.00725543 0.00854988 0.01117025 0.01140961]
[0.00598435 0.00858682 0.01003646 0.01063138 0.01086411 0.01129505]
[0.00472438 0.00727698 0.00835765 0.01048968 0.01126628 0.01342747]
[0.0037435  0.00528649 0.00695416 0.00797674 0.00899823 0.00922137]
[0.00485797 0.00687736 0.00696166 0.00719229 0.00751701 0.00757575]
[0.00449822 0.00630193 0.00747566 0.00873518 0.00893596 0.01011536]
[0.00756497 0.01096428 0.01165696 0.01273703 0.01292915 0.01313437]
[0.00524093 0.00865328 0.01141969 0.01143642 0.01188767 0.01334905]
[0.00597277 0.00859289 0.00926165 0.00943194 0.01168045 0.01210646]
[0.00649588 0.00745647 0.00849659 0.01041261 0.01147944 0.01152672]
[0.00294365 0.00534737 0.00579297 0.00643823 0.00742799 0.00764582]
[0.00517442 0.00682751 0.00854184 0.00941638 0.00944838 0.00960749]
[0.00951415 0.00964619 0.00997202 0.01193139 0.01212101 0.01247297]
[0.00789957 0.00842099 0.010913   0.01113313 0.01152418 0.01282663]
[0.00854384 0.01044106 0.01079677 0.0121726  0.01397512 0.01418211]
[0.00815211 0.01102538 0.0118359  0.01186328 0.01254146 0.01362777]
[0.00564659 0.00591707 0.00733899 0.00939271 0.01441446 0.0157221 ]
[0.00475722 0.00512285 0.00580048 0.0058718  0.00688262 0.00822653]
[0.00431626 0.00541284 0.00685051 0.00816737 0.00871379 0.00888863]
[0.00376921 0.00610823 0.0084847  0.00911126 0.00951492 0.00975498]
[0.00493489 0.00500482 0.00513472 0.00896252 0.00903562 0.00987237]
[0.00417963 0.00672472 0.00831399 0.00912506 0.01012154 0.01070084]
[0.00380678 0.00854649 0.00864268 0.01062591 0.01131487 0.01171556]
[0.00711769 0.01216512 0.01349398 0.01388237 0.01521662 0.01523327]
[0.00659911 0.00960174 0.01097663 0.01176843 0.01231304 0.01246094]
[0.00635378 0.00711395 0.00783942 0.00810224 0.00827915 0.00880673]
[0.00620111 0.00739214 0.0094065  0.0095835  0.00970539 0.00993795]
[0.00545188 0.01203489 0.01293793 0.01351577 0.01420847 0.01453334]
[0.00577915 0.00688836 0.0083115  0.00955002 0.00988213 0.0105639 ]
[0.00536258 0.00571696 0.00727573 0.00771143 0.00791857 0.01101223]
[0.00460289 0.00806553 0.0083385  0.0106741  0.0129179  0.0134631 ]
[0.00378043 0.00772632 0.00821139 0.0105828  0.01193061 0.01196988]
[0.00546448 0.00644448 0.0066945  0.00846956 0.01009981 0.01038241]
[0.00803158 0.00969808 0.01063449 0.01082988 0.01083441 0.01307615]
[0.00325644 0.01442246 0.0150318  0.01531326 0.01548671 0.01568967]
[0.0081866  0.01116599 0.01123992 0.01139334 0.01151662 0.01158056]
[0.00617412 0.00725816 0.00958273 0.01054501 0.01364685 0.01382609]
[0.00694661 0.00713968 0.00964087 0.01048143 0.01123589 0.01169323]
[0.00857771 0.0095614  0.01156126 0.01234587 0.01345836 0.01365549]
[0.00464418 0.00721851 0.0080899  0.00971686 0.01124447 0.01125262]
[0.00446162 0.00467369 0.00722413 0.00787778 0.00873679 0.00926555]
[0.00687341 0.00928242 0.01034105 0.01136228 0.01330235 0.01415751]
[0.006469   0.0093852  0.01016988 0.01114847 0.01247956 0.01277638]
[0.00674399 0.00719806 0.00859267 0.00955734 0.01052297 0.01053462]
[0.00584485 0.00828178 0.00996626 0.010186   0.01142996 0.01146007]
[0.00494057 0.00753446 0.01173525 0.01396498 0.01878292 0.02006317]
[0.00515076 0.00706745 0.00753318 0.00905388 0.01101385 0.01337307]
[0.00366764 0.00740062 0.00905619 0.01008023 0.01214315 0.01232613]
[0.00517758 0.005748   0.0071117  0.00789747 0.00906454 0.00924944]
[0.00688058 0.00836297 0.00911759 0.0104984  0.01076059 0.01293769]
[0.00639519 0.01049758 0.01133319 0.01499917 0.01632044 0.01827695]
[0.00638537 0.01162295 0.01412113 0.01641933 0.01715124 0.01769892]
[0.00480896 0.00551456 0.00572897 0.00585369 0.00687889 0.0092179 ]
[0.00445113 0.00669567 0.0071368  0.00744642 0.0096787  0.01097095]
[0.00432865 0.00449281 0.01206598 0.01359158 0.01366454 0.01423842]
[0.0062241  0.00741545 0.00969814 0.01106053 0.01329181 0.01386334]
[0.00869748 0.01172609 0.01218095 0.01225828 0.01308893 0.01377449]
[0.00838984 0.0095047  0.00994667 0.01010775 0.0111299  0.01320806]
[0.00465134 0.00539783 0.00720644 0.00783888 0.01041865 0.01185177]
[0.00449778 0.00495214 0.00614766 0.00778349 0.00819776 0.00827751]
[0.00703888 0.00815526 0.00917031 0.0095866  0.00963795 0.00970202]
[0.00859167 0.00874697 0.00880991 0.00890719 0.00952892 0.01020343]
[0.0081611  0.00916796 0.00926995 0.00982699 0.01210605 0.01277064]
[0.00491898 0.01558771 0.01630315 0.01670838 0.01672582 0.01688999]
[0.00887457 0.01220887 0.01554635 0.01638171 0.01676226 0.02084119]
[0.01003604 0.01408322 0.01411658 0.01598127 0.01778403 0.02077702]
[0.0080056  0.00802964 0.00931989 0.01101172 0.01127699 0.01253426]
[0.0036895  0.01337131 0.01611929 0.01687186 0.01718006 0.01775332]
[0.00753744 0.01438352 0.01533567 0.01639464 0.01735182 0.01763164]
[0.00413152 0.00605659 0.00881374 0.01073563 0.01258171 0.01346334]
[0.00431386 0.00697555 0.01087124 0.01385837 0.01634441 0.01664814]
[0.00811142 0.00829198 0.00890254 0.01298372 0.015396   0.01936404]
[0.01114614 0.01542928 0.01586286 0.01874106 0.01934686 0.02085292]
[0.00945985 0.00956612 0.01352339 0.01467557 0.01553476 0.01595381]
[0.00453073 0.00718693 0.01186854 0.01323751 0.01372955 0.01381486]
[0.00620835 0.00783467 0.0115574  0.01276165 0.01317319 0.01428789]
[0.00615979 0.01132525 0.01175808 0.0163096  0.01633837 0.01764101]
[0.00835259 0.01065256 0.01116474 0.01178698 0.01599175 0.01729523]
[0.00962478 0.01061343 0.01587241 0.01897654 0.01916666 0.01944663]
[0.01075745 0.01185257 0.01293657 0.01637801 0.01799061 0.01800706]
[0.00517084 0.0149533  0.01528048 0.01618563 0.01739722 0.018805  ]
[0.00391765 0.01055778 0.01137332 0.01418958 0.01434907 0.01480043]
[0.0092342  0.01123928 0.01270002 0.01417247 0.01687061 0.01711274]
[0.01080612 0.01318796 0.01588285 0.01794289 0.02267989 0.02299498]
[0.00899422 0.0106183  0.01489984 0.01593812 0.01638352 0.0169335 ]
[0.00999973 0.01776813 0.01783029 0.0181767  0.01871732 0.01920073]
[0.00847513 0.00963106 0.0106528  0.01239935 0.01457799 0.01518352]
[0.00753932 0.00803692 0.00893002 0.00898268 0.00962054 0.01286245]
[0.00790645 0.00875234 0.00898896 0.00995722 0.01001563 0.01004522]
[0.00349818 0.00957607 0.0107     0.01161096 0.01483564 0.01499329]
None
[0.00811339 0.00911418 0.01286969 0.0143526  0.01466039 0.01493679]
[0.00197426 0.00943085 0.01037759 0.01103971 0.01224749 0.0134017 ]
[0.00610824 0.00684945 0.0103672  0.01204687 0.01490204 0.01515097]
[0.00611101 0.00998045 0.01283708 0.014365   0.01483754 0.01579983]
[0.00669839 0.00695246 0.00780128 0.01036541 0.01038045 0.01079985]
[0.00894941 0.01276394 0.01338321 0.01401511 0.01405697 0.01484252]
[0.00680604 0.0113312  0.01362906 0.01388615 0.01428929 0.01464105]
[0.00877013 0.00925526 0.01072088 0.01210091 0.01338286 0.01496941]
[0.00914689 0.01707936 0.01745492 0.01854605 0.01904409 0.02042527]
[0.01723392 0.01853602 0.01888329 0.01947891 0.01959002 0.02034635]
[0.01214195 0.01233776 0.0124359  0.01291434 0.01305026 0.01449479]
[0.00603661 0.00787289 0.0089863  0.0100651  0.0110195  0.01180575]
[0.00343689 0.00450706 0.00725696 0.00727356 0.008947   0.00925102]
[0.00765448 0.01060845 0.0121133  0.01308705 0.01383452 0.01407021]
[0.01113628 0.01221209 0.01513294 0.01635451 0.01783755 0.01871899]
[0.00531027 0.01319317 0.01498277 0.01672102 0.01905218 0.02129175]
[0.01153487 0.01404948 0.01479985 0.0161425  0.01677089 0.01831364]
[0.00765677 0.00962667 0.01214651 0.01305701 0.01422744 0.01600343]
[0.00963229 0.00963828 0.01050053 0.01092785 0.01243515 0.01354593]
[0.00960707 0.01455369 0.01530944 0.01626687 0.01702509 0.01754819]
[0.0079406  0.00890472 0.01120316 0.01171306 0.01359006 0.01406805]
[0.00951184 0.01203653 0.01313956 0.01399574 0.01460887 0.01582196]
[0.01099626 0.0136194  0.01762362 0.019266   0.02072134 0.0208818 ]
[0.00294771 0.01307695 0.01433254 0.01600834 0.01750397 0.01862419]
[0.00615893 0.01120807 0.01185267 0.01267609 0.01311166 0.01436961]
[0.00610556 0.00777892 0.00938249 0.009911   0.00997096 0.01148532]
[0.01131463 0.01179636 0.01206807 0.01441718 0.01570084 0.01586246]
[0.0084174  0.01599291 0.01690847 0.01749326 0.01756029 0.01882625]
[0.00941671 0.01059025 0.0106503  0.01079495 0.01283311 0.01356842]
[0.00722306 0.0093805  0.01453681 0.01574982 0.01655798 0.01745782]
[0.01332204 0.01479638 0.01687995 0.01812785 0.01821376 0.01880376]
[0.01124117 0.01336381 0.0134118  0.01542509 0.01563281 0.01640587]
[0.00736713 0.01007092 0.01053577 0.01159785 0.01255086 0.01340326]
[0.00810076 0.00858283 0.00948433 0.01136995 0.01157543 0.01545897]
[0.00605959 0.0066132  0.0136231  0.01559926 0.01591007 0.01611533]
[0.00769819 0.01067395 0.01154553 0.01296789 0.01494338 0.01703056]
[0.00636309 0.01009009 0.01399161 0.01520124 0.01523339 0.01660096]
[0.01076952 0.0145369  0.01471922 0.01534246 0.01560704 0.0179199 ]
[0.01005931 0.01338737 0.0140035  0.0140524  0.01450953 0.01979723]
[0.01064865 0.01169277 0.01248789 0.0134451  0.01373832 0.01420884]
[0.00763294 0.00949797 0.01241381 0.0139529  0.01624587 0.01783964]
[0.01282064 0.01474785 0.01658864 0.01796573 0.01919266 0.02057385]
[0.01592718 0.01630565 0.01653391 0.01675259 0.01872424 0.02167126]
[0.0104687  0.01216116 0.01726641 0.01954091 0.01996369 0.02107443]
[0.01006428 0.01610839 0.0166556  0.01667821 0.02161695 0.02319241]
[0.01001018 0.01170927 0.01261143 0.01326789 0.01339204 0.01420265]
[0.00805585 0.00914019 0.00977296 0.00993278 0.01020089 0.01195209]
[0.00511199 0.0082939  0.01028666 0.01396489 0.01397643 0.01593734]
[0.01094977 0.01155715 0.01336456 0.01340662 0.01488055 0.01648942]
[0.00929953 0.01107998 0.0136633  0.01555153 0.0156422  0.01699281]
[0.00972516 0.01016176 0.01090817 0.0109517  0.0132699  0.01437883]
[0.00786966 0.00963966 0.01126842 0.01251881 0.01315765 0.01657723]
[0.00338763 0.00793511 0.0129833  0.01562648 0.01597614 0.01617718]
[0.00697451 0.00794262 0.00958776 0.01289321 0.01305664 0.01367791]
[0.01141949 0.01228312 0.01229985 0.01333053 0.01402895 0.01505104]
[0.01541687 0.01631763 0.01681116 0.01939188 0.02004541 0.02103161]
[0.01206181 0.01212239 0.01357487 0.01408452 0.01443207 0.01468413]
[0.01653791 0.01709401 0.01840118 0.01921218 0.02268218 0.02475172]
[0.00835508 0.01148535 0.01891353 0.02009906 0.02065359 0.02275377]
[0.01124688 0.01396539 0.01425506 0.01805653 0.01962789 0.01965823]
[0.00519777 0.00608107 0.00837197 0.0084526  0.00906502 0.00945609]
[0.00581096 0.01348249 0.01388198 0.01756353 0.01833362 0.01970467]
[0.0093252  0.01370168 0.01491164 0.01685226 0.01706412 0.01892348]
[0.00598636 0.01102596 0.01165116 0.0122117  0.01226476 0.01316987]
[0.01351789 0.01426061 0.01812522 0.01819815 0.02265997 0.02286839]
[0.01575114 0.01798455 0.01945481 0.01994391 0.02206942 0.02264019]
[0.00355671 0.00905283 0.01070212 0.01214505 0.01562954 0.01859673]
[0.00766894 0.00987373 0.01009154 0.01266538 0.01298239 0.01318772]
[0.009932   0.0136893  0.01630003 0.01638124 0.01794758 0.02013325]
[0.00925413 0.0112753  0.0133077  0.01660299 0.01705687 0.01744609]
[0.00995024 0.01228069 0.01356566 0.01372976 0.01391522 0.01561289]
[0.00911567 0.00981039 0.01087356 0.01102763 0.0119467  0.01759857]
[0.00964666 0.01186057 0.01453262 0.01773153 0.01861737 0.02043121]
[0.00565687 0.0083844  0.00914455 0.01165195 0.01269969 0.01375841]
[0.00618585 0.00714969 0.01122983 0.01160171 0.01237973 0.01288521]
[0.00879361 0.00937386 0.01050492 0.0106192  0.01118461 0.01195114]
[0.00696571 0.00901973 0.00908683 0.01022093 0.010555   0.01143167]
[0.0093945  0.01060752 0.01274721 0.01309739 0.01563143 0.01586478]
[0.01064849 0.01086498 0.01308302 0.01320882 0.01364834 0.01427062]
[0.00592838 0.00902532 0.01321656 0.01356562 0.01401719 0.01568438]
[0.00414636 0.00938996 0.01386587 0.01407511 0.01467288 0.01637317]
[0.00497088 0.00752815 0.00764035 0.00865164 0.00918123 0.01025585]
[0.01002352 0.01008594 0.01042318 0.01088707 0.01305984 0.01405166]
[0.00694652 0.01019773 0.01219831 0.01349541 0.01607383 0.01630159]
[0.00138485 0.00329893 0.00642415 0.00670155 0.00679778 0.00886988]
[0.00810948 0.00833794 0.01082477 0.01164498 0.01302677 0.01463741]
[0.0079047  0.01281178 0.01475461 0.0149683  0.01521566 0.01860601]
[0.00610222 0.01028202 0.01042065 0.01154965 0.01182017 0.01237961]
[0.00436094 0.00675137 0.00860409 0.00924788 0.00969863 0.01012834]
[0.00877946 0.00927844 0.01035801 0.01385119 0.0149713  0.01548933]
[0.00394286 0.00940115 0.01035574 0.01319891 0.01413073 0.01425965]
[0.00685022 0.00881181 0.00996083 0.01053047 0.01079737 0.01132865]
[0.00272008 0.00354548 0.00457671 0.00528161 0.00553472 0.0060855 ]
[0.00764608 0.00822927 0.00884068 0.00887872 0.00911197 0.01017677]
[0.00522989 0.00895177 0.00965546 0.01116918 0.01197399 0.01260317]
[0.00383386 0.00518054 0.00823691 0.00872264 0.00908001 0.00986523]
[0.00736554 0.00936194 0.00948564 0.01015159 0.01043539 0.01517813]
[0.00809674 0.00898227 0.01111892 0.01299933 0.01369943 0.01398941]
[0.00794387 0.0085872  0.01016394 0.01041749 0.01259995 0.01554409]
[0.00523835 0.00672213 0.00750341 0.00870236 0.00980084 0.01007026]
[0.00644003 0.00754601 0.00766192 0.00880182 0.00952427 0.0127646 ]
[0.00354815 0.00469127 0.00505314 0.00562222 0.0100653  0.01052416]
[0.00306278 0.00583875 0.00766342 0.00849931 0.00879185 0.00895355]
[0.00691239 0.00707513 0.00995327 0.00997732 0.01016439 0.01264954]
[0.00853409 0.00915103 0.01072108 0.01132022 0.01192093 0.01215344]
[0.00228246 0.00815507 0.00924415 0.00965088 0.01141891 0.01183161]
[0.00696618 0.00724715 0.00782265 0.00981277 0.01164098 0.01293862]
[0.0049195  0.00589571 0.00779281 0.00834333 0.00997914 0.01055816]
[0.00333334 0.00663775 0.00798378 0.01119    0.01127166 0.01279029]
[0.00541414 0.00591339 0.00752296 0.00761531 0.00825555 0.00836445]
[0.00739924 0.0077408  0.01023336 0.01092887 0.01189026 0.01489971]
[0.00279396 0.00417716 0.00518674 0.00888685 0.0094997  0.01194392]
[0.0092298  0.01145186 0.01209894 0.01234709 0.01425973 0.01458572]
[0.00464866 0.01120375 0.01128074 0.01207998 0.01306843 0.0153166 ]
[0.00771227 0.01109716 0.0121532  0.01236321 0.01558716 0.01591826]
[0.00912782 0.01137055 0.01188183 0.01213965 0.01239223 0.01332231]
[0.00412776 0.00548374 0.00664064 0.00694986 0.01182599 0.01203568]
[0.00600781 0.00811848 0.01070739 0.01174168 0.01312677 0.01322362]
[0.00781794 0.00860859 0.01171406 0.01320223 0.01470961 0.01474595]
[0.00145703 0.00170217 0.00455688 0.00686552 0.00737794 0.00771602]
[0.00657062 0.00683661 0.00801529 0.0091216  0.01187573 0.0119405 ]
[0.00159191 0.00208293 0.00218183 0.00229447 0.00519983 0.00555208]
[0.00189242 0.00575328 0.00586632 0.00861851 0.00891431 0.011222  ]
[0.00612975 0.00688206 0.00731055 0.00932017 0.00939247 0.00955576]
[0.00584562 0.00920806 0.00975042 0.01079775 0.01082221 0.01314743]
[0.0035062  0.00412886 0.0043779  0.00474003 0.00475775 0.00629777]
[0.00708693 0.00774695 0.008005   0.0083788  0.0094664  0.01008766]
[0.00567281 0.00931871 0.01046089 0.01051682 0.01402133 0.01455458]
