[0.00468858 0.00607906 0.00900324 0.00916833 0.01033458 0.01291223]
[0.00239029 0.00878701 0.01012716 0.01227257 0.01232291 0.01858098]
[0.00540812 0.00641907 0.0075392  0.01521566 0.01533853 0.01674968]
[0.00780032 0.01679031 0.01705463 0.01864587 0.0192453  0.02119705]
[0.0071898  0.00889283 0.01118785 0.01132199 0.01256206 0.0146242 ]
[0.0125098  0.01452572 0.01711867 0.01732422 0.01865733 0.0197195 ]
[0.00641088 0.01369834 0.0144268  0.01461188 0.01483702 0.01688098]
[0.00818089 0.0128367  0.018232   0.01854623 0.01987738 0.0200489 ]
[0.00470308 0.01052701 0.0149427  0.01561591 0.01568501 0.01880643]
[0.00853251 0.01132454 0.01378008 0.01711143 0.01715713 0.01869494]
[0.00868116 0.01043097 0.0120752  0.01234378 0.01302192 0.01357513]
[0.01042398 0.01615632 0.01661766 0.01752365 0.0180316  0.01897928]
[0.01119899 0.01591006 0.0168451  0.01853137 0.01991058 0.02076947]
[0.0102905  0.01064128 0.01316282 0.01711894 0.02013256 0.02401481]
[0.00759912 0.00831074 0.01239554 0.01482098 0.01687631 0.01708975]
[0.01088928 0.01127789 0.01277114 0.01379502 0.01618657 0.0178944 ]
[0.00709145 0.01136537 0.01445367 0.01627664 0.01977593 0.02020038]
[0.00809687 0.00829633 0.00875441 0.01004673 0.01223537 0.01355774]
[0.00705396 0.0131829  0.01335553 0.01485282 0.01501695 0.01510895]
[0.00740746 0.00942465 0.0119263  0.01296684 0.01511125 0.01573499]
[0.00418408 0.00798562 0.01296641 0.01343462 0.01450085 0.01471879]
[0.00956941 0.01334176 0.01343944 0.01365858 0.01372762 0.01496653]
[0.01129246 0.0159103  0.01619441 0.01797138 0.01813777 0.0184974 ]
[0.00327949 0.0073233  0.01149805 0.01216236 0.01453842 0.01456481]
[0.00762106 0.00944562 0.00991267 0.01431694 0.01508283 0.01515393]
[0.00804133 0.00956775 0.01151369 0.0128902  0.01297247 0.01301919]
[0.00855804 0.01104319 0.01162992 0.01525264 0.01626906 0.01633975]
[0.00172927 0.00953348 0.01265835 0.01321386 0.01843972 0.01944902]
[0.00377474 0.00477027 0.0104182  0.01360832 0.01369707 0.01731932]
[0.00905179 0.00983919 0.01028348 0.01156401 0.01272578 0.01728518]
[0.00590013 0.0132932  0.01474806 0.01578955 0.01760643 0.02035681]
[0.0052456  0.0096619  0.01095415 0.01149502 0.01172095 0.01405953]
[0.00569295 0.00822791 0.01050022 0.01175031 0.01412536 0.0148642 ]
[0.00557019 0.00561811 0.00780267 0.0103749  0.0112821  0.01695691]
[0.00414565 0.00592905 0.01291026 0.01492636 0.01584451 0.0169543 ]
[0.0090078  0.01122101 0.01263154 0.01400893 0.01477084 0.01507894]
[0.00410157 0.01063938 0.01127463 0.01207493 0.01345768 0.01436659]
[0.01401582 0.01542912 0.01548361 0.01635068 0.01687787 0.020994  ]
[0.00427003 0.00986141 0.01462452 0.01557246 0.01580919 0.0170826 ]
[0.00829344 0.01258548 0.01327133 0.01408918 0.01456245 0.01500589]
[0.00753431 0.00928456 0.01729704 0.01844861 0.02266595 0.02295364]
[0.01276406 0.0142042  0.01551088 0.01604279 0.01687855 0.01696453]
[0.01072752 0.01352415 0.01542356 0.01686306 0.01866067 0.02088282]
[0.00632012 0.00720579 0.00940245 0.01662373 0.01709281 0.01766511]
[0.00666488 0.00879088 0.00915009 0.01152704 0.01431533 0.01478192]
[0.00326005 0.00898621 0.01000331 0.01091969 0.01268549 0.01320031]
[0.00838408 0.00870701 0.00910331 0.00924061 0.01025761 0.01083379]
[0.00686507 0.00937313 0.01062197 0.01080192 0.01107237 0.01175465]
[0.00771122 0.01137993 0.0117864  0.01252203 0.01418641 0.01846413]
[0.00714919 0.0075477  0.01065024 0.01481968 0.01714741 0.01919168]
[0.0037454  0.00515726 0.01149714 0.01535083 0.01544437 0.01545683]
[0.00576028 0.00840001 0.00921183 0.0103299  0.01082108 0.01091133]
[0.0056202  0.00902686 0.00904242 0.0095479  0.010258   0.01067646]
[0.00609376 0.00638809 0.0110704  0.01155077 0.01159518 0.01226276]
[0.00590965 0.00808884 0.01083124 0.01397343 0.01474568 0.01475403]
[0.00289908 0.00534702 0.0055326  0.00896406 0.0091236  0.01066539]
[0.00989368 0.01135954 0.01380791 0.01483886 0.01532295 0.01549239]
[0.0072815  0.0086434  0.01091257 0.0111803  0.01356176 0.01521387]
[0.01118428 0.01227956 0.01535711 0.01687565 0.019166   0.02086628]
[0.00853205 0.013615   0.01451602 0.01626593 0.01642581 0.01646163]
[0.00607047 0.0062876  0.00731889 0.00938796 0.00995377 0.01021101]
[0.00378584 0.00830565 0.01398926 0.01600372 0.01741067 0.01827049]
[0.00272285 0.00501739 0.00546928 0.00962251 0.01148261 0.01151411]
[0.00365516 0.00429473 0.00480582 0.00513094 0.00527809 0.00538711]
[0.0004608  0.00184212 0.00298359 0.00511835 0.00681208 0.00866205]
[0.00285151 0.00652989 0.0070846  0.00713292 0.01192271 0.01239236]
[0.00081987 0.00160677 0.0019167  0.00467283 0.00701865 0.00742906]
[0.00085734 0.00358306 0.00390299 0.00436209 0.00937132 0.00972636]
[0.0007885  0.0018355  0.00194644 0.00244691 0.0039015  0.00423574]
[0.00215891 0.00307025 0.00333879 0.00507227 0.00601757 0.00664781]
[0.00200046 0.0022264  0.0027575  0.00368864 0.00753088 0.0076861 ]
[0.00055804 0.00249281 0.00416118 0.00491257 0.00586949 0.0060771 ]
[0.00987986 0.01279621 0.01405037 0.01585993 0.01922258 0.01978703]
[0.00761013 0.00914626 0.01013995 0.01029008 0.01060004 0.01061739]
[0.00076138 0.00146118 0.00236888 0.00381325 0.00486162 0.00708565]
[0.00175527 0.00300473 0.00434429 0.00446271 0.00511493 0.00630923]
[0.00384661 0.00471174 0.0049608  0.00655143 0.00900582 0.01157039]
[0.00223968 0.0120114  0.01242557 0.01268834 0.01374083 0.01470279]
[0.00206389 0.0024101  0.00254758 0.00506418 0.00820167 0.01095734]
[0.00264347 0.00339434 0.00341249 0.00493731 0.00523509 0.00533394]
[0.00260605 0.00280306 0.00282773 0.00320078 0.00352437 0.00354199]
[0.0009188  0.00177239 0.00218029 0.00326333 0.00359744 0.00443789]
[0.00165632 0.00169677 0.00181859 0.00327843 0.00422175 0.00524455]
[0.00233551 0.00303641 0.00489477 0.00577157 0.00787667 0.00851452]
[0.00166129 0.00430239 0.00434976 0.00462524 0.00591933 0.00637847]
[0.00237127 0.00579116 0.00611238 0.00628581 0.00855612 0.00896567]
[0.00110263 0.00590493 0.01019345 0.01049404 0.01146324 0.01184228]
[0.00184561 0.00285667 0.00434554 0.00448444 0.004982   0.005536  ]
[0.00207203 0.00582873 0.00710985 0.00728816 0.00784943 0.00824273]
[0.0040843  0.00506    0.0058836  0.00714741 0.00872367 0.00895836]
[0.00215676 0.00390949 0.00641463 0.00717576 0.00729001 0.00844761]
[0.00183761 0.00217333 0.00387486 0.0054474  0.00639531 0.0069144 ]
[0.00215799 0.00557869 0.00569056 0.00645413 0.00698159 0.00713808]
[0.00518456 0.00613776 0.00690377 0.00725559 0.00866074 0.00915711]
[0.00286219 0.00370514 0.00387961 0.00568601 0.00663607 0.00702553]
[0.00344985 0.0054556  0.00702507 0.00726585 0.00748788 0.00752906]
[0.0042754  0.00682089 0.00740498 0.00849544 0.00872245 0.01049868]
[0.00305702 0.00793526 0.00856443 0.00880626 0.01001196 0.0108632 ]
[0.00514289 0.00956516 0.01044515 0.01067466 0.01102476 0.01109672]
[0.00310565 0.00766917 0.01042704 0.01184622 0.01204514 0.01238386]
[0.00410009 0.00916586 0.00959495 0.01060313 0.01219571 0.01244429]
[0.00121229 0.00247642 0.00474783 0.00846642 0.00852408 0.00861825]
[0.00314972 0.00325215 0.00558977 0.00608939 0.00648079 0.00665771]
[0.00413374 0.00687721 0.00819292 0.00990398 0.01037427 0.01102959]
[0.00924136 0.01121185 0.01172039 0.01210188 0.0125289  0.01425631]
[0.00485541 0.00642189 0.00751302 0.00901778 0.01157102 0.01358678]
[0.00298865 0.00628513 0.01036712 0.01044698 0.01135311 0.01146985]
[0.01057752 0.01093992 0.01220526 0.01393913 0.01507384 0.01514355]
[0.00355201 0.0043179  0.00694853 0.00702416 0.00719641 0.00727084]
[0.00302506 0.00488372 0.00514505 0.00521537 0.0057063  0.00626843]
[0.00407858 0.00622196 0.00938631 0.01144385 0.01297277 0.0147484 ]
[0.00701162 0.00854422 0.01096337 0.01283595 0.01292965 0.01415801]
[0.00623053 0.01180804 0.01449488 0.01473743 0.01611272 0.01618909]
[0.00336565 0.00995064 0.01134782 0.0114615  0.01160648 0.01453384]
[0.01219189 0.01362944 0.01477252 0.01625927 0.01635856 0.01837291]
[0.00767497 0.00922798 0.01011894 0.01029327 0.01219393 0.012596  ]
[0.00093459 0.0030329  0.00329983 0.00406528 0.00950441 0.01097355]
[0.0082891  0.01116992 0.01145906 0.01238819 0.01265995 0.01479554]
[0.00784414 0.00879188 0.01215443 0.0132231  0.01363727 0.01462657]
[0.00835519 0.01035669 0.01039611 0.01134449 0.01177058 0.01301752]
[0.00513781 0.0096345  0.00990741 0.01306871 0.0143266  0.0151616 ]
[0.00661407 0.01001328 0.01280694 0.01471451 0.01542138 0.01553654]
[0.00651814 0.00865681 0.00925366 0.01273735 0.0138631  0.01546026]
[0.00518142 0.0091759  0.00940034 0.00967419 0.01023035 0.0106579 ]
[0.01128952 0.0120241  0.0121233  0.0152222  0.01706117 0.01779225]
[0.00913506 0.01265708 0.01423505 0.01474363 0.01497946 0.01562999]
[0.0023841  0.00590315 0.0059698  0.00657428 0.00758807 0.00910592]
[0.00205077 0.00726804 0.01179648 0.0119871  0.01330559 0.01359617]
[0.00408345 0.00703944 0.00711249 0.00820175 0.00920441 0.01000812]
[0.01171667 0.01237554 0.01253922 0.01831631 0.01853985 0.0188763 ]
[0.00517072 0.00572292 0.0081427  0.00918752 0.01034894 0.01176877]
[0.00600178 0.01016051 0.01115101 0.01482919 0.01491215 0.01542662]
[0.00041676 0.00195148 0.00228351 0.00405342 0.00734365 0.00771568]
[0.00170945 0.00603736 0.01100686 0.01180914 0.012019   0.01328237]
[0.00164911 0.00416646 0.0091586  0.01037594 0.01041228 0.01249607]
[0.00243706 0.00800769 0.00941324 0.01178639 0.012967   0.01316945]
[0.00577049 0.00633886 0.00662591 0.00843194 0.00889944 0.01108277]
[0.00073226 0.00363026 0.00378275 0.0055936  0.00568016 0.00781601]
[0.00541755 0.00937407 0.00987894 0.00993444 0.01021186 0.01128209]
[0.00600525 0.00605198 0.00717401 0.00785171 0.01197949 0.01476836]
[0.00109829 0.00393285 0.00518232 0.00624724 0.00671193 0.00707383]
[0.00268115 0.00356693 0.01002928 0.01056021 0.01114775 0.01467815]
[0.00697552 0.00787359 0.0117153  0.01190635 0.01253883 0.01332869]
[0.00961211 0.0123942  0.01256353 0.01363568 0.01505733 0.0161044 ]
[0.00361064 0.00911056 0.01074518 0.01231419 0.01513977 0.01614477]
[0.00287141 0.00385514 0.00644293 0.00748083 0.00977768 0.01004573]
[0.00400718 0.00501149 0.00705909 0.00758777 0.00938236 0.00947921]
[0.00647403 0.00781148 0.00828293 0.01102392 0.01218772 0.01473361]
[0.00725165 0.01806919 0.01835531 0.0191217  0.0201584  0.02376842]
[0.00801283 0.00860497 0.01066581 0.01710961 0.02572396 0.02623243]
[0.01055857 0.01090641 0.01126788 0.01236616 0.01373995 0.01504902]
[0.00653735 0.00692051 0.00814929 0.00922976 0.0142915  0.01465884]
[0.00032014 0.00211931 0.00221498 0.00356211 0.0077379  0.01251655]
[0.00216163 0.00646997 0.01466415 0.01564757 0.0164629  0.01677701]
[0.00104493 0.00118104 0.00294037 0.00488024 0.00520033 0.0109556 ]
[0.0001966  0.0071947  0.00798553 0.01186239 0.01273552 0.01355418]
[0.00368186 0.00374154 0.00640006 0.01083534 0.01186286 0.01188265]
[0.00049321 0.0056792  0.00655116 0.00928471 0.01202608 0.01260145]
[0.00060425 0.0019565  0.00402195 0.00734767 0.00913115 0.00929456]
[0.00079213 0.00972797 0.01143558 0.01156645 0.01483741 0.01528959]
[0.00131738 0.00896404 0.01300906 0.01307532 0.01586825 0.01669782]
[0.0033051  0.00576452 0.01242444 0.013691   0.01477886 0.01536888]
[0.00892503 0.0132822  0.01664349 0.01746666 0.01753457 0.0198459 ]
[0.00514562 0.00845912 0.0086061  0.01254502 0.01461087 0.01764279]
[0.00246695 0.00280472 0.00458276 0.00754534 0.0083003  0.00925438]
[0.00704952 0.00901127 0.00912896 0.00937496 0.01101164 0.01228527]
[0.0029458  0.00509114 0.00519026 0.00611096 0.00733821 0.00823628]
[0.00370181 0.0060133  0.00774167 0.00892541 0.00957573 0.01070374]
[0.00261585 0.00751132 0.00781925 0.00789818 0.00875808 0.01215308]
[0.00600757 0.00969269 0.00990976 0.01018091 0.01179558 0.0125247 ]
[0.00767312 0.00873419 0.00939298 0.01106674 0.0117184  0.01496975]
[0.00850523 0.00999389 0.0111849  0.0112888  0.01171036 0.0121254 ]
[0.00097217 0.00531012 0.00576431 0.00662506 0.00737799 0.00742327]
[0.00027234 0.00180555 0.00500108 0.00732019 0.00747114 0.0095249 ]
[0.00738168 0.00851012 0.01129414 0.01241542 0.01463569 0.01584219]
[0.00626178 0.0073916  0.01096338 0.01167775 0.01231561 0.01341509]
[0.00574239 0.0069698  0.0086537  0.00931978 0.01167968 0.01262855]
[0.00964673 0.01204091 0.0130174  0.01311589 0.01556663 0.01770659]
[0.00508524 0.00706498 0.00893182 0.00933942 0.01014014 0.01021624]
[0.00619235 0.01240355 0.01422062 0.01458754 0.0147217  0.01504905]
[0.00131298 0.00384409 0.0089269  0.00971948 0.01119964 0.01179335]
[0.00369435 0.00619357 0.00749224 0.00785136 0.00811248 0.00860611]
[0.00254681 0.00306297 0.00482501 0.00511245 0.00662071 0.00735095]
[0.00156748 0.00192369 0.0049108  0.00576509 0.00642745 0.00721666]
[0.00256475 0.00416531 0.0050851  0.0054488  0.00553333 0.00636127]
[0.00510271 0.00518266 0.00733232 0.0080131  0.01003291 0.01099176]
[0.00266444 0.00538376 0.00646793 0.00806973 0.01005744 0.01140329]
[0.00539326 0.00582287 0.00594195 0.00743674 0.00857628 0.00867001]
[0.00786061 0.0086878  0.01274445 0.01576924 0.01577857 0.01639744]
[0.00839891 0.00912748 0.00920101 0.01277276 0.01432223 0.01509279]
[0.01214789 0.01286761 0.01422789 0.01522182 0.01583465 0.01601086]
[0.00783582 0.01062774 0.0118954  0.01261999 0.01648656 0.0177681 ]
[0.00023271 0.00065266 0.00119573 0.0030801  0.00481167 0.00532491]
[0.00108632 0.00283431 0.00330697 0.00408492 0.00469095 0.00539447]
[0.00275559 0.00565328 0.00590762 0.00770563 0.00953531 0.01058105]
[0.0015394  0.00206243 0.0022885  0.00354548 0.00398836 0.0052169 ]
[0.00128568 0.00171587 0.00220884 0.00254351 0.00391718 0.00427105]
[0.00551297 0.00616121 0.00735683 0.01481219 0.01612024 0.01673968]
[0.00085726 0.00136016 0.00604761 0.00654207 0.00689748 0.00727227]
[0.00411082 0.0065524  0.00854352 0.01003341 0.01092911 0.01134999]
[0.00613236 0.01088653 0.01322171 0.01417445 0.01476846 0.01477995]
[0.00670285 0.00708904 0.00712684 0.00759436 0.0081705  0.00906394]
[0.00699661 0.01018967 0.01184591 0.0160851  0.01739386 0.01746487]
[0.01181649 0.01194911 0.01227689 0.01262453 0.01330949 0.01472574]
[0.00673515 0.00813899 0.00951723 0.01039803 0.01179277 0.01247993]
[0.0101443  0.0107265  0.01191552 0.01284875 0.01326829 0.01348313]
[0.00888712 0.0103461  0.01184299 0.01242264 0.01302527 0.01332049]
[0.01071964 0.01154435 0.01209399 0.01210803 0.01220986 0.01324864]
[0.00606652 0.00645782 0.00744825 0.01154765 0.01177895 0.01187125]
[0.0020767  0.00812221 0.01003882 0.01077244 0.01546612 0.01553083]
[0.00960046 0.01211206 0.02259961 0.02447913 0.02476127 0.02754642]
[0.01264676 0.018455   0.02027418 0.02139994 0.02167461 0.0224625 ]
[0.0140234  0.01677174 0.02643639 0.02656384 0.02665765 0.02857251]
[0.00791121 0.00880194 0.01581983 0.01738407 0.01808296 0.02265076]
[0.01584921 0.01922369 0.02346041 0.02424138 0.02974143 0.03233126]
[0.00313764 0.01188122 0.01826102 0.01837979 0.01838285 0.02142571]
[0.01491828 0.01933973 0.02112824 0.02127229 0.02220591 0.02415981]
[0.00609047 0.01153176 0.01448605 0.02554398 0.02932292 0.03253337]
[0.01284291 0.01482677 0.0225182  0.02591192 0.03016612 0.0333186 ]
[0.00893661 0.01456593 0.02002304 0.0202168  0.02129592 0.02145064]
[0.0125903  0.01360677 0.01734551 0.01954248 0.02012972 0.02205153]
[0.01167684 0.01172652 0.02132449 0.02171927 0.02209987 0.02370556]
[0.00770764 0.02151273 0.02702404 0.03432937 0.03580397 0.04104645]
[0.01244111 0.01929318 0.02082192 0.02619151 0.02709414 0.02720054]
[0.01946365 0.02002376 0.02147643 0.02238665 0.02498068 0.02522257]
[0.01360811 0.01638825 0.01787846 0.02044819 0.02276413 0.02325395]
[0.00499807 0.0115714  0.01315186 0.01611794 0.02091378 0.02634024]
[0.00261333 0.00769599 0.00801199 0.01919652 0.02028261 0.02122483]
[0.00965021 0.01347415 0.01780007 0.01845485 0.01899274 0.01916006]
[0.01320475 0.01367925 0.02704666 0.02901448 0.0317625  0.0319841 ]
[0.0233907  0.02588452 0.02762868 0.02846902 0.03174117 0.0323356 ]
[0.01224585 0.01272589 0.01601508 0.01852107 0.01985032 0.02248387]
[0.00433975 0.00597623 0.00663463 0.01147797 0.01464003 0.01478495]
[0.00694609 0.00777573 0.01239461 0.01268154 0.0141163  0.0153915 ]
[0.00763208 0.00783301 0.00790753 0.01068697 0.01156291 0.01362984]
[0.00864952 0.00889799 0.01145787 0.012117   0.01262602 0.01331015]
[0.00733681 0.00761842 0.00807076 0.00905719 0.01033429 0.01306883]
None
[0.00821357 0.00839521 0.00840863 0.00893952 0.00939984 0.01162002]
[0.00808285 0.00882301 0.0094299  0.00972823 0.01075528 0.0116449 ]
[0.00742072 0.00868252 0.01321767 0.01423611 0.01471512 0.0152243 ]
[0.00304094 0.00762039 0.00940128 0.01310342 0.01331403 0.01361895]
[0.00334199 0.00494168 0.00610378 0.00771468 0.01131755 0.01372386]
[0.00814163 0.00966168 0.01317334 0.01634413 0.01808231 0.01822962]
[0.0128812  0.01778497 0.02009941 0.02069879 0.0210384  0.02162456]
[0.01156    0.0154948  0.01725154 0.01938869 0.01956912 0.01969763]
[0.00679297 0.01729196 0.01932353 0.02028045 0.02403245 0.02464576]
[0.01378559 0.01489133 0.01573034 0.01682372 0.01753946 0.02006602]
[0.00770162 0.01253335 0.01305086 0.01516687 0.01529595 0.01740705]
[0.00916136 0.01262735 0.01349094 0.01423061 0.01452843 0.01488652]
[0.01121847 0.01329764 0.01656003 0.0168933  0.01709316 0.01719664]
[0.00945657 0.01494445 0.01788997 0.01938184 0.02092305 0.02159126]
[0.01227694 0.0146184  0.01514048 0.01718047 0.0194737  0.02107876]
[0.00465232 0.0131943  0.01403129 0.01742649 0.02093048 0.02259266]
[0.01097111 0.01223257 0.01450227 0.01734376 0.01792298 0.01809551]
[0.0131263  0.01351902 0.01426762 0.01471409 0.01556843 0.01607603]
[0.01040229 0.01060805 0.01318077 0.01337235 0.01365167 0.01375386]
[0.01330322 0.0150321  0.01691411 0.01781453 0.01783941 0.01998425]
[0.0073911  0.00879799 0.0091805  0.00933751 0.01312307 0.01321298]
[0.01422891 0.01489355 0.01558008 0.01566722 0.01642001 0.01741902]
[0.01192764 0.0123117  0.01402366 0.0142206  0.01570154 0.01596217]
[0.01757284 0.01766715 0.0177084  0.01890692 0.01944092 0.02112268]
[0.01341228 0.01897246 0.01945118 0.02036077 0.02051252 0.02051932]
[0.0084415  0.00928671 0.01345772 0.01394937 0.01419157 0.0143748 ]
[0.00867723 0.0099355  0.01193347 0.01289923 0.01324445 0.01536547]
[0.01590729 0.01680993 0.01729626 0.02003269 0.02264845 0.02405403]
[0.01221007 0.01547568 0.01713559 0.0171463  0.0188614  0.01992235]
[0.01164749 0.01283584 0.01372769 0.01464326 0.01883362 0.02200153]
[0.01542282 0.01670076 0.01865228 0.02015082 0.02417785 0.02908272]
[0.0101252  0.01264994 0.01582856 0.01692666 0.01864476 0.01974752]
[0.00973998 0.0117577  0.01217073 0.0143767  0.01514853 0.01535932]
[0.00509227 0.00520186 0.01208119 0.01370011 0.01588471 0.01628937]
[0.00388656 0.01670664 0.01846033 0.01925981 0.02037311 0.02286855]
[0.00615586 0.00696899 0.01048409 0.01843938 0.02004123 0.02169975]
[0.01603312 0.01878662 0.02106101 0.02189355 0.02303306 0.02495996]
[0.00480783 0.01105906 0.01515528 0.01821159 0.01825275 0.01929048]
[0.01070039 0.0128931  0.01520218 0.01566475 0.0168941  0.01721754]
[0.00590287 0.01306404 0.01330587 0.01532142 0.01603684 0.01669023]
[0.00869338 0.00953378 0.01215816 0.01249422 0.01439886 0.01515189]
[0.00251463 0.01117914 0.01127213 0.01590993 0.01636701 0.01691051]
[0.00731328 0.00973383 0.01811024 0.01824789 0.01973769 0.02170574]
[0.00894962 0.01534306 0.02199023 0.02230685 0.02277479 0.02315016]
[0.00742182 0.01750861 0.01775442 0.01785183 0.018348   0.02191299]
[0.00448637 0.00742218 0.00800594 0.00903646 0.00921761 0.01228789]
[0.00778514 0.00825358 0.00833666 0.00906008 0.01096215 0.01156069]
[0.00792911 0.00886615 0.00918553 0.01115566 0.01163567 0.01204589]
[0.00892344 0.01101757 0.01163978 0.01694839 0.01753856 0.01762573]
[0.01155096 0.01237085 0.01265216 0.01283935 0.01527006 0.01700186]
[0.01668511 0.01770334 0.01818318 0.02034435 0.021829   0.02262891]
[0.02440331 0.0270731  0.02709672 0.0276988  0.02810443 0.02962607]
[0.00724586 0.00806595 0.00812296 0.01452271 0.01730987 0.01821706]
[0.00583713 0.01161084 0.01243444 0.01533863 0.0183947  0.01840527]
[0.01405017 0.01585656 0.01782379 0.01963658 0.02083823 0.02289041]
[0.01989726 0.02044108 0.02054452 0.02228804 0.02347959 0.02468373]
[0.01194209 0.01555929 0.01751304 0.01760877 0.01919212 0.02185113]
[0.01009166 0.01074086 0.01477328 0.01802632 0.01864348 0.02106901]
[0.00595791 0.01879612 0.02002709 0.0202664  0.02052804 0.02382306]
[0.00900707 0.01264718 0.01669927 0.01815337 0.01884944 0.0195293 ]
[0.00577283 0.00761658 0.01092684 0.01314195 0.01454712 0.01498559]
[0.0116258  0.0167067  0.01853211 0.02117833 0.02163798 0.02219147]
[0.00235081 0.00401498 0.00883763 0.00903901 0.00956808 0.00998425]
[0.00820949 0.01205776 0.01291437 0.01354005 0.01398607 0.01530236]
[0.0097739  0.01541789 0.0159543  0.01607971 0.01676572 0.02090114]
[0.00953446 0.01759592 0.02036433 0.02091487 0.02104876 0.02147724]
[0.01342738 0.01359769 0.018545   0.01862709 0.01976589 0.02242106]
[0.00767035 0.00811113 0.01010274 0.01079241 0.01411194 0.01523835]
[0.01076458 0.01451148 0.01473271 0.01547784 0.01629618 0.01650761]
[0.01013472 0.01242795 0.01276551 0.01383068 0.01442246 0.0148617 ]
[0.01222651 0.01243229 0.01451176 0.01608213 0.01874122 0.0190885 ]
[0.00492619 0.00828602 0.01007378 0.01231276 0.013439   0.01456598]
[0.00986159 0.01004146 0.01375996 0.01462017 0.01555073 0.0160955 ]
[0.00870869 0.01002138 0.0125688  0.01359759 0.0153845  0.01558118]
[0.00582911 0.00884482 0.00952357 0.01024803 0.01083455 0.01091924]
[0.01089184 0.01180143 0.01335491 0.01837925 0.01872236 0.0195323 ]
[0.00870766 0.01295827 0.0130112  0.01426322 0.0159858  0.01606292]
[0.01225389 0.01563491 0.0165368  0.01686973 0.01718294 0.01754838]
[0.00647895 0.00955189 0.01422854 0.01431207 0.01702818 0.02031781]
[0.00770169 0.01483275 0.01692193 0.0176493  0.01821391 0.01890326]
[0.00477363 0.00698064 0.01058929 0.01390921 0.0157198  0.01753909]
[0.01203552 0.01288462 0.01381164 0.01432682 0.01446354 0.01655423]
[0.00962683 0.01170729 0.01239702 0.01668125 0.01779081 0.01886627]
[0.00533189 0.01055577 0.01091008 0.01704407 0.01907374 0.01984148]
[0.01117284 0.01313805 0.01317984 0.01453243 0.01538396 0.01575251]
[0.00892974 0.01181824 0.01312132 0.01345755 0.01380955 0.01381237]
[0.00488218 0.01214589 0.01540097 0.01646572 0.01754612 0.0189358 ]
[0.01103088 0.01304587 0.01785587 0.01900883 0.02010565 0.02030763]
[0.01057078 0.01093522 0.01463817 0.01523722 0.01568703 0.01640143]
[0.00793377 0.0081962  0.01222855 0.01383308 0.01390601 0.01455422]
[0.00463012 0.00979088 0.01009928 0.01254404 0.01463101 0.01474207]
[0.00201274 0.00712604 0.00985289 0.01242228 0.01380427 0.01817545]
[0.00746914 0.00920567 0.00925933 0.00931782 0.00987429 0.01119282]
[0.00701692 0.00815135 0.00957165 0.0113092  0.01135919 0.01306197]
[0.00566243 0.0074871  0.00979738 0.01115415 0.01153827 0.01290756]
[0.00594283 0.00641562 0.00776006 0.00923709 0.00981272 0.01031623]
[0.00857567 0.00930735 0.009531   0.01041191 0.0119062  0.01249119]
[0.004942   0.00945083 0.00961339 0.01170925 0.01425775 0.01448334]
[0.00154235 0.00871788 0.00919185 0.01103005 0.01169135 0.01309373]
[0.01019142 0.01022809 0.01170818 0.01322541 0.01331978 0.01401359]
[0.00328589 0.00962229 0.01116681 0.01170415 0.01267113 0.01282573]
[0.00303203 0.00478919 0.00652818 0.01242566 0.01247234 0.01281482]
[0.00639055 0.00722517 0.00984061 0.0105643  0.01097271 0.01215545]
[0.0020952  0.00253422 0.00496935 0.00848263 0.01159746 0.01210406]
[0.0043167  0.00944723 0.01024963 0.01033158 0.01188187 0.0138629 ]
[0.00382957 0.00486125 0.00584743 0.00669554 0.0070168  0.00762876]
[0.00593942 0.0061712  0.00657327 0.00682601 0.00957692 0.01155689]
[0.00324902 0.00338371 0.0059583  0.00758597 0.00929232 0.01086037]
[0.00492519 0.00508872 0.00538798 0.00783371 0.00969684 0.01003422]
[0.00276504 0.00364621 0.00513827 0.00591295 0.00603401 0.00640514]
[0.00257831 0.00552374 0.01059116 0.012394   0.01352033 0.01374281]
[0.00342965 0.01160473 0.01251656 0.01329975 0.0145787  0.01530474]
[0.0044165  0.00476136 0.00754645 0.00835139 0.00861479 0.01088693]
[0.00919727 0.00920582 0.00996267 0.01038216 0.01126286 0.01234585]
[0.00273725 0.00317766 0.00418347 0.0088849  0.00889378 0.01191403]
[0.01067105 0.01099342 0.01209732 0.01235333 0.01474177 0.01503724]
[0.00271112 0.00654825 0.00693214 0.01139906 0.01183619 0.01231837]
[0.00470746 0.0056546  0.00631776 0.00653694 0.01060004 0.01094201]
[0.00595985 0.00669665 0.00770683 0.01056608 0.0120052  0.01493658]
[0.00404649 0.00624898 0.00660544 0.00866718 0.01018037 0.0102711 ]
[0.00850229 0.01062879 0.01265191 0.01294798 0.01340706 0.01401517]
[0.00501862 0.00546937 0.00549507 0.00635337 0.00660994 0.00707792]
[0.00510799 0.00981707 0.00992674 0.01036485 0.01116437 0.01243947]
[0.00528875 0.01217507 0.01266152 0.01316358 0.01382161 0.01427809]
[0.0050959  0.0067769  0.00803353 0.00899206 0.00939591 0.00972533]
[0.00677186 0.00966559 0.01100844 0.01158584 0.0148544  0.01509787]
[0.0086719  0.01460976 0.01522722 0.01654351 0.01766991 0.01770167]
[0.01008447 0.01017632 0.0137457  0.01510848 0.01687616 0.0174823 ]
