[0.0046191  0.00477762 0.00531956 0.00707426 0.00717299 0.00734608]
[0.00282633 0.00603253 0.008013   0.00826537 0.00848731 0.00849704]
[0.00339056 0.00888887 0.00990898 0.01045493 0.01122782 0.01181691]
[0.00597308 0.00728058 0.00788147 0.00864451 0.00873543 0.00884644]
[0.00208716 0.00360977 0.00399595 0.00410786 0.00442427 0.00483615]
[0.00320905 0.00650051 0.00679642 0.00685654 0.00927475 0.00946468]
[0.00378703 0.00706629 0.0073457  0.00957289 0.01025865 0.01112169]
[0.00393522 0.00541945 0.00793762 0.00798988 0.01013168 0.01028055]
[0.00557405 0.00606952 0.00649787 0.00694435 0.01045926 0.01117038]
[0.00540156 0.00684653 0.00742285 0.00786631 0.00975178 0.00978067]
[0.00299658 0.00486812 0.0062569  0.0072489  0.00786671 0.00849612]
[0.00385438 0.00449026 0.00541329 0.00595702 0.00602442 0.00738152]
[0.00400326 0.00495628 0.00503473 0.00606336 0.00655011 0.00776934]
[0.00298214 0.00667191 0.00724818 0.00785312 0.00797348 0.00875556]
[0.00344289 0.00354073 0.00412639 0.00494862 0.0055823  0.00560114]
[0.00451473 0.00638838 0.00652758 0.00742098 0.0095223  0.01045547]
[0.00307672 0.00671289 0.00726607 0.00818628 0.00860458 0.00938433]
[0.00184446 0.00237225 0.00258178 0.00273881 0.00280772 0.00280949]
[0.00614147 0.00614995 0.00623907 0.00657747 0.00740584 0.00746039]
[0.00198827 0.00338412 0.00565039 0.00568948 0.00654526 0.00733995]
[0.00282749 0.00494092 0.00796202 0.00952078 0.00958918 0.00999286]
[0.00539593 0.00574992 0.00607222 0.00659072 0.00800296 0.00879971]
[0.00620658 0.00623132 0.00823938 0.00845249 0.00936085 0.01035422]
[0.00228928 0.00437866 0.00604714 0.00608299 0.00613757 0.00664979]
[0.00265306 0.00314288 0.00371837 0.00448775 0.00478521 0.00512715]
[0.00459418 0.00501492 0.00531445 0.00553978 0.00623484 0.00644349]
[0.00186928 0.0027589  0.00417176 0.00466338 0.00511355 0.0058744 ]
[0.00266641 0.00367438 0.00378671 0.00500549 0.00631882 0.00668647]
[0.00357673 0.00456613 0.00539765 0.00606544 0.00656846 0.00683824]
[0.0024     0.00531359 0.00582574 0.00789214 0.00813245 0.00820209]
[0.0057187  0.00660736 0.00801662 0.00838223 0.00893715 0.00911421]
[0.00313962 0.00350558 0.00635657 0.00652318 0.00668524 0.00690063]
[0.00165991 0.00266507 0.00289803 0.00349116 0.00367536 0.00378288]
[0.00349351 0.00482276 0.00580423 0.00627406 0.00652158 0.00694803]
[0.0037384  0.00472982 0.00479805 0.00626052 0.0073238  0.00790028]
[0.00341433 0.00353402 0.00385963 0.00521331 0.00550628 0.00643968]
[0.00479563 0.00531986 0.00570463 0.00588694 0.00676698 0.00706733]
[0.00244929 0.00439897 0.00515523 0.00651105 0.00762791 0.00886897]
[0.00275757 0.00366177 0.00415369 0.00530156 0.00796039 0.0080029 ]
[0.00307755 0.00323572 0.00374907 0.00469944 0.00548652 0.00555415]
[0.00345239 0.00415995 0.00506228 0.0052216  0.00539273 0.00539916]
[0.00199285 0.00670515 0.00744377 0.00843567 0.00878324 0.00892482]
[0.00442406 0.00504994 0.00587323 0.00639529 0.00648667 0.00689255]
[0.00393584 0.00497885 0.00653999 0.00663696 0.0087313  0.00926836]
[0.00454019 0.00651359 0.00654907 0.00785941 0.00838081 0.00845859]
[0.0028266  0.0044902  0.00465243 0.00671361 0.00672436 0.00837467]
[0.00158432 0.00294873 0.00414741 0.00467245 0.00634677 0.00699911]
[0.00597889 0.00696783 0.00723397 0.0073746  0.00740794 0.00747553]
[0.00458281 0.00463548 0.00538293 0.00577026 0.00619977 0.00669706]
[0.00348428 0.00516228 0.00521973 0.00630621 0.00655221 0.00866968]
[0.00571356 0.00616989 0.00753417 0.0077884  0.00807377 0.00854102]
[0.00728722 0.00744739 0.00992708 0.01048889 0.01174012 0.01297044]
[0.00589076 0.0065973  0.00663404 0.0076523  0.00779244 0.00809283]
[0.00188991 0.00343407 0.00402252 0.00497281 0.00499871 0.00537865]
[0.0069932  0.00829807 0.00882598 0.00894096 0.00916749 0.00919662]
[0.00284312 0.00293568 0.00302102 0.00325986 0.00361591 0.004006  ]
[0.00156967 0.00371875 0.00510886 0.00623408 0.00629506 0.00662047]
[0.00258282 0.00431206 0.00505486 0.0051248  0.0054361  0.00647499]
[0.00277258 0.00553016 0.00640203 0.00655195 0.00794834 0.00850731]
[0.0030393  0.00404057 0.00722279 0.00749819 0.00764746 0.00770987]
[0.00231721 0.00362209 0.00536659 0.00543202 0.00716618 0.00761695]
[0.00191236 0.00421782 0.00500675 0.00543135 0.00579789 0.00611192]
[0.00302601 0.00333441 0.00350725 0.0037377  0.00466978 0.00525523]
[0.00221112 0.00375831 0.0038985  0.00413063 0.00500224 0.00516654]
[0.00296003 0.00393076 0.00519832 0.00526032 0.00610936 0.0062863 ]
[0.00310351 0.00418001 0.00495438 0.00571531 0.00640238 0.00664354]
[0.00478688 0.00490259 0.00531055 0.00573503 0.00600479 0.0063187 ]
[0.00260505 0.0026465  0.0032374  0.00376373 0.00465959 0.00483942]
[0.00110048 0.00288551 0.00315631 0.00367064 0.00414228 0.00448694]
[0.0028566  0.00318392 0.00333491 0.00337964 0.0038512  0.00466357]
[0.00270434 0.00304894 0.00331379 0.00335214 0.00377161 0.00382623]
[0.00263661 0.00322305 0.00346628 0.00364579 0.00453072 0.00465977]
[0.00157531 0.00285305 0.00348138 0.00349049 0.00384278 0.00402394]
[0.00255023 0.00265686 0.00280273 0.0028262  0.00348656 0.00380742]
[0.00243474 0.0033287  0.00406722 0.00430349 0.00473304 0.00539264]
[0.0044644  0.00517194 0.00524892 0.00560005 0.00581893 0.00586782]
[0.00108748 0.0020927  0.00219104 0.00276909 0.00366786 0.00371735]
[0.00210982 0.00315384 0.00337916 0.00353594 0.00375175 0.00424488]
[0.00194195 0.00201822 0.00212396 0.00252966 0.00267084 0.00271407]
[0.00289999 0.00383558 0.00411929 0.00427285 0.00462041 0.00537444]
[0.00098765 0.00154018 0.00164884 0.0019337  0.00218175 0.00242307]
[0.00152602 0.00153448 0.00239762 0.00337098 0.003631   0.00385072]
[0.0029797  0.00331994 0.00346834 0.00459488 0.00524803 0.00597452]
[0.0044113  0.00473913 0.00530707 0.00551461 0.00554973 0.005957  ]
[0.00129906 0.00415425 0.00427713 0.00463272 0.00553217 0.00583788]
[0.00330949 0.003908   0.00473678 0.00604153 0.00619038 0.00678592]
[0.00516325 0.00653409 0.00697887 0.00718572 0.00722517 0.00722877]
[0.0002817  0.00146759 0.00187024 0.00224275 0.00236361 0.00238369]
[0.00134211 0.00195957 0.0020105  0.00221824 0.00232419 0.0026953 ]
[0.00166671 0.00170354 0.00189038 0.00231319 0.00255289 0.00284624]
[0.00073252 0.00249277 0.00280933 0.00316151 0.00377506 0.00410389]
[0.00247393 0.00274668 0.00377947 0.0038383  0.00400492 0.00406813]
[0.00304218 0.00356376 0.00365059 0.00438346 0.0052883  0.00551446]
[0.00113558 0.00249572 0.0029022  0.00327958 0.00385266 0.00392573]
[0.00039839 0.00087398 0.00109056 0.00181899 0.00256393 0.00261609]
[0.00058659 0.00198543 0.00291934 0.00302323 0.00315132 0.003385  ]
[0.00215896 0.00217555 0.00344725 0.00368567 0.00376385 0.00436961]
[0.00334607 0.00376704 0.00378788 0.00400709 0.00442591 0.00467604]
[0.00246735 0.00338393 0.00359398 0.00423014 0.00519737 0.00525553]
[0.00178732 0.00224755 0.00314915 0.00347977 0.00369822 0.00443819]
[0.00257263 0.00315842 0.00486463 0.005412   0.00616546 0.00651701]
[0.00205437 0.00234919 0.00354017 0.00399711 0.00417286 0.00488172]
[0.00065149 0.00127458 0.0019364  0.00208112 0.00267203 0.00277461]
[0.00162811 0.00204094 0.00264881 0.00321329 0.0040876  0.00432022]
[0.00134572 0.00159634 0.00166122 0.00196535 0.00198834 0.00220438]
[0.00167037 0.00178231 0.00312251 0.00313339 0.00333577 0.00335651]
[0.0019928  0.00234499 0.00261406 0.00305862 0.00332637 0.00349314]
[0.00328775 0.00358681 0.00374783 0.00429315 0.00504169 0.00511847]
[0.00101616 0.00167701 0.00176822 0.00245673 0.00293091 0.00377845]
[0.00068956 0.00122744 0.00159005 0.00282498 0.0034728  0.00351989]
[0.00166726 0.00286048 0.00343724 0.00452507 0.00468296 0.00512589]
[0.0019994  0.00331299 0.00420328 0.00448523 0.00533381 0.00546387]
[0.00336279 0.00402987 0.00452379 0.00493353 0.00506638 0.00506891]
[0.00205638 0.00220431 0.00250939 0.00291389 0.00323352 0.00333402]
[0.00175984 0.00476371 0.0048855  0.00562639 0.00648396 0.00666033]
[0.00196512 0.00212472 0.00291307 0.00371951 0.00401057 0.00512934]
[0.00141605 0.00177199 0.00447698 0.00465069 0.00489969 0.00618386]
[0.00320503 0.00331493 0.00385947 0.00472034 0.00475554 0.00519258]
[0.0034463  0.00379816 0.00389028 0.0041346  0.00454783 0.00463371]
[0.00282671 0.00338721 0.00427182 0.00558136 0.0066399  0.00730448]
[0.00191138 0.00458457 0.00658095 0.00667981 0.00770841 0.00775657]
[0.00551283 0.00587963 0.00643517 0.006941   0.00696042 0.00716748]
[0.00201118 0.0026952  0.00277915 0.00324093 0.00400077 0.00448848]
[0.00303091 0.00391531 0.00410694 0.00456898 0.004691   0.00478479]
[0.00239041 0.00391752 0.00439507 0.00476619 0.00628207 0.00640576]
[0.00306677 0.00355484 0.0043882  0.00455386 0.00540824 0.00630976]
[0.0028909  0.00314845 0.00461606 0.00472771 0.00482201 0.00497633]
[0.00341733 0.00396871 0.00551981 0.00568899 0.00748608 0.00762476]
[0.00174243 0.00396015 0.00445491 0.00459266 0.00470885 0.00579282]
[0.00318203 0.00354006 0.00378188 0.00427351 0.00465362 0.00474219]
[0.00236794 0.00349666 0.00420169 0.00428425 0.00483884 0.00490918]
[0.00237671 0.00296318 0.00305987 0.0032409  0.00395885 0.00413201]
[0.00220708 0.00338034 0.00428489 0.00452581 0.00479694 0.00573213]
[0.00125315 0.00195269 0.00246603 0.00253196 0.002611   0.00278238]
[0.00148765 0.0021687  0.00240259 0.00268174 0.00299199 0.00332516]
[0.00027773 0.0023994  0.00271278 0.00294917 0.00299147 0.00301714]
[0.00060135 0.00213593 0.00217897 0.00232491 0.00303581 0.00319721]
[0.00114343 0.00214744 0.00225939 0.0023203  0.00254909 0.00259337]
[0.00325908 0.00350043 0.00366731 0.00460955 0.00464192 0.00504874]
[0.00343278 0.0037876  0.00433818 0.00440475 0.00469553 0.00541305]
[0.00341732 0.0038189  0.00412849 0.0041829  0.00503092 0.00530867]
[0.00270677 0.00295542 0.00411821 0.00444585 0.00458724 0.00501772]
[0.00209331 0.0050961  0.00559793 0.00672697 0.00696323 0.00710698]
[0.00211315 0.00216242 0.00380292 0.00417485 0.00422012 0.005448  ]
[0.00135079 0.00186867 0.00255357 0.00293815 0.00319784 0.00389819]
[0.00108791 0.0020485  0.00252278 0.00305603 0.00326546 0.00332452]
[0.00544818 0.00605044 0.00651124 0.0066764  0.0067797  0.00707263]
[0.00259303 0.00391964 0.00505898 0.00649922 0.00654289 0.00654725]
[0.00249907 0.00459388 0.0051095  0.00527583 0.00604984 0.00638553]
[0.00187009 0.00459673 0.0047327  0.00569401 0.00584983 0.00606522]
[0.00298877 0.00318976 0.0032245  0.00373268 0.00447908 0.00455647]
[0.00197303 0.00293205 0.00319816 0.00351776 0.00406078 0.00444539]
[0.00198293 0.00263053 0.00288788 0.00416062 0.00419946 0.00431285]
[0.00275551 0.00339767 0.00359101 0.00382127 0.00383965 0.00387386]
[0.00237342 0.00387673 0.00455433 0.00462283 0.00523717 0.00563672]
[0.00395541 0.0049214  0.00535042 0.00636757 0.00638631 0.00672959]
[0.00479666 0.00542454 0.00629034 0.00636335 0.0065756  0.00690794]
[0.00317405 0.00384578 0.00478413 0.00513547 0.00557036 0.00560289]
[0.00081035 0.00135196 0.00321055 0.00331116 0.00348011 0.00359204]
[0.00394584 0.00447708 0.00465914 0.0057869  0.00588034 0.00593088]
[0.00195364 0.00424247 0.00440868 0.00490665 0.00524834 0.0057782 ]
[0.00214348 0.00491937 0.00504875 0.00541659 0.00561821 0.00564583]
[0.00398387 0.00412343 0.00555898 0.00649428 0.00735253 0.00771389]
[0.00369358 0.00523872 0.00629289 0.00805646 0.00835594 0.00922321]
[0.00464542 0.00482943 0.00488334 0.00556534 0.0057211  0.00576304]
[0.00350032 0.00440366 0.00505149 0.00557982 0.00606855 0.00649527]
[0.0035914  0.00433099 0.00460886 0.00466176 0.00568978 0.00640702]
[0.00204566 0.00346884 0.00377508 0.00399315 0.0051027  0.00561514]
[0.00150577 0.00254413 0.00279728 0.00296727 0.0036305  0.00457052]
[0.00273753 0.00384831 0.00512644 0.00514775 0.00592971 0.00617945]
[0.00445313 0.00482488 0.00486607 0.00559557 0.005798   0.0058955 ]
[0.00309339 0.00489523 0.00544973 0.00578769 0.00647811 0.00677042]
[0.00534463 0.00632798 0.00670542 0.00690932 0.00699375 0.00745737]
[0.0013472  0.00487819 0.00524229 0.00538482 0.00564751 0.0070536 ]
[0.0033046  0.00469029 0.00472452 0.00481803 0.00488925 0.00518205]
[0.0033964  0.00462972 0.00472939 0.00656817 0.00677502 0.00706774]
[0.0038597  0.00657938 0.00661923 0.00669601 0.00714198 0.00808412]
[0.00621058 0.00630349 0.00660755 0.00676115 0.00699575 0.00701688]
[0.00711069 0.00796541 0.00859279 0.00888764 0.00920591 0.00963706]
[0.00202303 0.00380884 0.00414386 0.00456788 0.00458022 0.00543894]
[0.00229598 0.00418991 0.00439899 0.00531437 0.00538819 0.00627166]
[0.00421213 0.00427471 0.00512158 0.00527562 0.00581369 0.00611051]
[0.0010187  0.00196845 0.00273215 0.00293776 0.00433741 0.00480348]
[0.00240018 0.00329543 0.0039965  0.00537498 0.00563677 0.00616647]
[0.00252835 0.00327692 0.00389765 0.00435051 0.00438113 0.0046242 ]
[0.00139684 0.00160285 0.00307716 0.00322094 0.0038184  0.00400473]
[0.00388219 0.00443095 0.0044816  0.00460987 0.00470196 0.00491467]
[0.0025491  0.0038932  0.0044166  0.00533236 0.00544225 0.00550461]
[0.00399019 0.0041185  0.00506929 0.0056312  0.00632337 0.00637636]
[0.00271257 0.00272821 0.00315625 0.00418896 0.00445979 0.00480951]
[0.0031899  0.00347545 0.00349779 0.0057     0.00586542 0.00676288]
[0.00453317 0.00707762 0.00758407 0.00760186 0.00778596 0.00823349]
[0.00209001 0.00286003 0.00330331 0.00358575 0.00391919 0.00466357]
[0.0039336  0.00420383 0.0048353  0.00511956 0.00544573 0.00564705]
[0.00175602 0.00236569 0.00263286 0.00341613 0.00400528 0.00411973]
[0.00124429 0.00298968 0.00383592 0.00385671 0.00430201 0.00447427]
[0.00140394 0.00507095 0.00575604 0.00617406 0.00664382 0.00673786]
[0.0043565  0.00518547 0.00628141 0.00643492 0.00648766 0.00684499]
[0.00545789 0.0057706  0.0062174  0.00686204 0.00715568 0.00746092]
[0.00246597 0.0041184  0.00504879 0.00513991 0.00631909 0.00684945]
[0.00085099 0.00224739 0.00357946 0.0038699  0.00429076 0.00508085]
[0.00467009 0.00505713 0.00542227 0.00600292 0.00640578 0.00673263]
[0.00153514 0.00216115 0.00387257 0.00487221 0.00517053 0.00533925]
[0.0021393  0.00279305 0.00373356 0.00490882 0.00533035 0.00624652]
[0.00304357 0.00362442 0.00646546 0.00650519 0.00699942 0.0073952 ]
[0.00337395 0.00571126 0.00574411 0.00588023 0.00598493 0.00732156]
[0.00411223 0.00454674 0.00527435 0.00536637 0.00614872 0.00631256]
[0.00432029 0.00440184 0.00479239 0.00517994 0.00599903 0.00609347]
[0.00424269 0.00552588 0.00638285 0.00657809 0.00667509 0.0076079 ]
[0.00546627 0.00599961 0.00657438 0.00792548 0.00823549 0.00842326]
[0.00153657 0.00333226 0.00559075 0.00682821 0.00766015 0.00775616]
[0.00227584 0.00334487 0.00506544 0.00601231 0.00735048 0.00802955]
[0.0048895  0.00671721 0.01051069 0.01053787 0.01067055 0.01111839]
[0.00194737 0.00474092 0.00588102 0.00616908 0.00632884 0.00637115]
[0.00615441 0.00712204 0.00760401 0.00798115 0.00816767 0.00868459]
[0.00697662 0.00826221 0.00840118 0.00854866 0.00886629 0.00907869]
[0.00285772 0.00675214 0.00678216 0.00850339 0.00886965 0.0093332 ]
[0.00357388 0.00422014 0.00434434 0.00629298 0.00668494 0.00684472]
[0.00264303 0.00403742 0.00485444 0.00645226 0.00714163 0.00740857]
[0.00341079 0.00784675 0.0100065  0.01022731 0.01023312 0.01089122]
[0.00121937 0.00386115 0.0060707  0.00637124 0.00643634 0.00665643]
[0.00344781 0.00402466 0.00424445 0.00533729 0.006918   0.0070999 ]
[0.00203022 0.00234652 0.00371482 0.00373122 0.00443388 0.00487197]
[0.00374578 0.0039798  0.00442405 0.00474437 0.00636934 0.00777353]
[0.00299959 0.00454444 0.00497848 0.00515445 0.00640437 0.00664613]
[0.00160384 0.00279428 0.00491829 0.00555773 0.00610716 0.00654865]
[0.00203403 0.0044269  0.00466238 0.00677376 0.00687505 0.00688575]
[0.00383811 0.00475546 0.00520768 0.0058878  0.00644862 0.006687  ]
[0.00414849 0.00549291 0.00658129 0.00714333 0.00799249 0.00958687]
[0.00457271 0.00533575 0.00560481 0.00681989 0.00683217 0.00766991]
[0.00156335 0.00768814 0.00782909 0.00833795 0.00889149 0.00892463]
[0.00273736 0.00509054 0.00520426 0.00584126 0.00600338 0.00624954]
[0.0033375  0.00495197 0.00537052 0.00551348 0.00641551 0.007802  ]
[0.0027156  0.00280872 0.00447691 0.00453131 0.00536593 0.005489  ]
[0.00355975 0.00497807 0.00515387 0.00525383 0.00526464 0.00534901]
[0.00304394 0.00480219 0.00505434 0.00532605 0.00578096 0.00634148]
[0.00501904 0.0053303  0.00534694 0.00553903 0.00572244 0.0062189 ]
None
[0.00349982 0.00525722 0.00641953 0.0064303  0.00703958 0.00793653]
[0.00419552 0.00679075 0.00765316 0.00888296 0.0092017  0.0099782 ]
[0.00430938 0.00480169 0.00498531 0.00593529 0.00712591 0.0071639 ]
[0.00628848 0.00690687 0.00761944 0.00778628 0.00922906 0.00968709]
[0.00427729 0.0049242  0.00629651 0.00639982 0.00689326 0.00764034]
[0.00578881 0.00596193 0.00707214 0.00754201 0.00817955 0.0087367 ]
[0.00178639 0.00271628 0.00541174 0.00667562 0.00888951 0.00927406]
[0.00353072 0.00460306 0.00550816 0.00756352 0.00786342 0.00816991]
[0.00491255 0.00605496 0.0063589  0.00683054 0.00690528 0.0076544 ]
[0.00393632 0.00913498 0.00922016 0.010214   0.01028064 0.01091559]
[0.00639803 0.00642024 0.00691926 0.00740921 0.0100027  0.01006161]
[0.00382443 0.00473026 0.00651456 0.00724691 0.00765324 0.00804329]
[0.00572998 0.00582186 0.00619181 0.0063237  0.00678648 0.00720567]
[0.00494873 0.00644934 0.00713297 0.00774964 0.00882223 0.0089546 ]
[0.00173954 0.00523108 0.00630029 0.00917315 0.0094289  0.009507  ]
[0.00518228 0.00606695 0.00677487 0.00715898 0.00867633 0.00883485]
[0.00370736 0.00776831 0.00817715 0.00863134 0.00867513 0.00888222]
[0.00465272 0.00500177 0.00521428 0.00658083 0.00710049 0.00715648]
[0.00268369 0.00371759 0.00373599 0.00391434 0.00417811 0.00471805]
[0.00489541 0.00564404 0.00599006 0.0073599  0.00751861 0.00776147]
[0.00632535 0.00782798 0.00813241 0.00834464 0.00877928 0.00886726]
[0.00486073 0.00548401 0.00645474 0.00754761 0.00799592 0.0081417 ]
[0.00500584 0.00680422 0.00830512 0.00870899 0.0088843  0.01045267]
[0.0066034  0.00679118 0.0087825  0.00903897 0.00915092 0.00950157]
[0.00529053 0.00649015 0.00672495 0.00692072 0.00703691 0.00745014]
[0.0047014  0.00524502 0.00535814 0.00547619 0.00600878 0.00658128]
[0.00416875 0.00445311 0.00483371 0.00576434 0.00615015 0.00640939]
[0.00506489 0.00704333 0.00748443 0.00836616 0.00850503 0.00892458]
[0.00394108 0.00447523 0.00521378 0.00557054 0.00585888 0.00600696]
[0.00445506 0.00463299 0.006432   0.00654134 0.00674279 0.00695129]
[0.00519365 0.00698881 0.0077232  0.00826158 0.0087834  0.0089708 ]
[0.00713106 0.00816619 0.00825721 0.00852654 0.00874259 0.01009061]
[0.00471483 0.00676875 0.0073934  0.00740065 0.0076497  0.00802265]
[0.0046879  0.00485909 0.0065968  0.00683089 0.00686372 0.00746873]
[0.00432766 0.00467518 0.00687774 0.00741883 0.00746389 0.0078189 ]
[0.00417518 0.00618685 0.00850718 0.00854532 0.00874878 0.00883896]
[0.00312219 0.00436113 0.00455259 0.00719919 0.00749624 0.00814469]
[0.00840131 0.00903093 0.00922298 0.0097324  0.01004897 0.01056552]
[0.00593312 0.00627432 0.00714098 0.00834653 0.00852888 0.00890447]
[0.00415791 0.00598474 0.00650593 0.00684422 0.00839311 0.00848151]
[0.00616227 0.00692855 0.00717077 0.00763789 0.00862894 0.00926729]
[0.00705886 0.00774483 0.00916695 0.00961177 0.01084591 0.01114328]
[0.00573346 0.00852879 0.00898357 0.00908426 0.00914564 0.00944513]
[0.00553401 0.00946556 0.0103485  0.01068975 0.01078666 0.01253786]
[0.00431455 0.00489043 0.00512156 0.00521398 0.00696903 0.00835762]
[0.00446581 0.00675142 0.00688439 0.00702897 0.00734174 0.00822154]
[0.00337722 0.00395056 0.00538285 0.0054497  0.00595047 0.00613322]
[0.00360575 0.00644604 0.00690574 0.00693274 0.00752326 0.00784945]
[0.00272984 0.00437321 0.00633611 0.00708129 0.00762685 0.00932997]
[0.00465782 0.00519836 0.00772148 0.00800763 0.00884229 0.00960666]
[0.00483031 0.00568542 0.0058874  0.00771514 0.00856858 0.00868087]
[0.00572971 0.00599125 0.00756847 0.00853635 0.00898208 0.00901615]
[0.0047293  0.00531103 0.00534036 0.00536565 0.00602659 0.0060667 ]
[0.00295604 0.00480735 0.00559755 0.00617312 0.00627337 0.00746595]
[0.00549475 0.00594491 0.0064191  0.00798581 0.00831653 0.00957746]
[0.00350094 0.00421944 0.00436611 0.00459658 0.00566246 0.00627017]
[0.00465864 0.00643314 0.00698688 0.00728505 0.00943349 0.01068161]
[0.00213382 0.00600217 0.00691641 0.0077495  0.00784288 0.00899545]
[0.00968052 0.00979123 0.01032189 0.01123817 0.01190332 0.01433825]
[0.00480062 0.00934036 0.00948741 0.00960451 0.01002492 0.01043445]
[0.00608704 0.00628509 0.00635163 0.00655067 0.00692967 0.00715653]
[0.00515845 0.00520279 0.00525674 0.00603203 0.00762547 0.00782553]
[0.0055384  0.00642967 0.00770882 0.00851367 0.00980021 0.01021162]
[0.00645616 0.00825661 0.00923037 0.00925525 0.01003545 0.01010056]
[0.00265442 0.00687031 0.00767094 0.00983731 0.01099401 0.01160373]
[0.00430326 0.00710578 0.00914667 0.01006151 0.01016584 0.01098827]
[0.00516034 0.00602579 0.00625133 0.00682281 0.0086061  0.00902774]
[0.00333963 0.00396523 0.00533305 0.00548264 0.00566437 0.00581087]
[0.00581152 0.00650358 0.00806102 0.00816928 0.00824569 0.00830314]
[0.00633217 0.00647445 0.00791528 0.00821746 0.00920685 0.00970791]
[0.00553147 0.00636496 0.00680872 0.00732403 0.00830146 0.0083942 ]
[0.00597656 0.00678794 0.00801033 0.00827845 0.00858889 0.00899305]
[0.00572795 0.00701331 0.007483   0.00818006 0.00847356 0.00869338]
[0.00264879 0.00304505 0.0032558  0.00425118 0.00448624 0.00483829]
[0.00371876 0.00404312 0.00431607 0.00510903 0.00538996 0.00541609]
[0.00182077 0.00252392 0.00271332 0.00319928 0.00391227 0.00437245]
[0.00234241 0.00237475 0.00244438 0.00261535 0.00271207 0.00299363]
[0.00492485 0.00557538 0.00602125 0.00620065 0.00671425 0.00725111]
[0.00129995 0.00171009 0.00308143 0.00343776 0.00380859 0.00396618]
[0.00520302 0.0055308  0.00563    0.00563661 0.00643755 0.00677075]
[0.00332865 0.00566573 0.00630923 0.00656877 0.00666984 0.00698234]
[0.00185048 0.00224185 0.0024793  0.00296396 0.00298226 0.00316253]
[0.00304372 0.00351765 0.00452684 0.00545503 0.0059877  0.00602646]
[0.00189519 0.00278213 0.0037298  0.00456257 0.00479495 0.00571696]
[0.00167536 0.0018424  0.00303858 0.00347811 0.00391452 0.00475713]
[0.00310332 0.00579124 0.00629182 0.00655134 0.00676266 0.0070139 ]
[0.00359739 0.0054475  0.00750506 0.00839402 0.00886557 0.00949639]
[0.00243591 0.00385341 0.00429096 0.00459684 0.00509215 0.00626949]
[0.00293558 0.00368716 0.00449791 0.00509528 0.00513385 0.00514358]
[0.00346969 0.00429443 0.00443518 0.00473    0.00479404 0.00497472]
[0.00394768 0.00408133 0.00420269 0.00435331 0.00659344 0.00676282]
[0.00315087 0.00336502 0.00503414 0.00521583 0.00664057 0.00679708]
[0.00233827 0.00266991 0.00285451 0.00292217 0.00356628 0.00376785]
[0.00440001 0.00513407 0.00523549 0.0059398  0.00600426 0.00661236]
[0.00275709 0.00362496 0.0040959  0.00438491 0.00447738 0.00467849]
[0.00107435 0.00332742 0.0036756  0.00369297 0.00391805 0.00403582]
[0.00313907 0.00391858 0.00424393 0.00450103 0.00471893 0.00527974]
[0.00200528 0.00362951 0.00403097 0.0040876  0.00550796 0.00554335]
[0.00472039 0.00533507 0.00613295 0.00640058 0.00655483 0.00660199]
[0.00281396 0.00387349 0.0051106  0.00595245 0.00644659 0.00654899]
[0.00443951 0.00532054 0.00562706 0.00570026 0.00645874 0.00749989]
[0.00273883 0.00381346 0.00500038 0.00731442 0.00756424 0.00785679]
[0.00271642 0.00445691 0.00461193 0.00502638 0.00550127 0.00560038]
[0.00306685 0.00336709 0.00341384 0.00360988 0.00373065 0.00398404]
[0.00142438 0.00395544 0.00400401 0.00458519 0.00471042 0.00497867]
[0.00111252 0.00133476 0.00217592 0.00314775 0.0034176  0.00352134]
[0.00323775 0.00387221 0.00394882 0.00455026 0.00536101 0.00604117]
[0.0044963  0.00629346 0.00694424 0.00743739 0.00757051 0.00779123]
[0.0015901  0.00344184 0.0035256  0.00589572 0.00632939 0.00739769]
[0.00297733 0.00414156 0.00415781 0.00419148 0.00456508 0.00480742]
[0.00424545 0.00440775 0.0054824  0.00580937 0.00632101 0.00685524]
[0.00297787 0.00357819 0.00453971 0.00484761 0.00618999 0.00700892]
[0.00235365 0.00303412 0.00338364 0.00404076 0.00484558 0.00534491]
[0.00217875 0.00311112 0.00450988 0.00472927 0.006738   0.00701188]
[0.00708352 0.0071545  0.00828835 0.00849137 0.00939967 0.00942641]
[0.00500876 0.00693413 0.00758783 0.00762511 0.00780192 0.00859069]
[0.00187324 0.00258183 0.00379172 0.00399207 0.0041928  0.00627806]
[0.00373172 0.00414054 0.0041881  0.00428112 0.00435633 0.00458044]
[0.0061652  0.006611   0.00693405 0.00905508 0.00917693 0.00930303]
[0.00156619 0.00312862 0.00372543 0.00382169 0.00395337 0.0041973 ]
[0.00232769 0.00369666 0.00422668 0.00558582 0.00585333 0.00613108]
[0.00108576 0.0012073  0.00213054 0.00261726 0.00270562 0.00283091]
[0.00226444 0.00438938 0.00467874 0.00592392 0.00612178 0.0063493 ]
[0.00237238 0.00375831 0.00445689 0.00498208 0.00549096 0.00579679]
[0.00465291 0.00499149 0.00512007 0.00615076 0.00688296 0.00713607]
[0.00308061 0.0044356  0.00522231 0.00588047 0.0059464  0.00608651]
[0.00290769 0.0037691  0.00613567 0.00675653 0.00712149 0.00713355]
[0.00292585 0.00536582 0.0063467  0.00782041 0.00795497 0.0105349 ]
