[0.00420838 0.00502911 0.00607295 0.00961313 0.01082865 0.01090588]
[0.00290574 0.00795097 0.00806521 0.00921239 0.01036947 0.01060584]
[0.00870006 0.00939482 0.00967302 0.01000219 0.01007028 0.01013036]
[0.00360019 0.00640416 0.00874693 0.00896653 0.00913373 0.00975067]
[0.00463893 0.00555229 0.00565664 0.00666084 0.00779661 0.00788688]
[0.00612293 0.00754979 0.00915811 0.01056834 0.01179656 0.01184654]
[0.00365698 0.01180638 0.01204568 0.01420465 0.01480487 0.01501438]
[0.00730156 0.00738431 0.00851314 0.00984151 0.01100902 0.01165845]
[0.00269948 0.00317274 0.00572515 0.00715373 0.00786792 0.00856199]
[0.00697166 0.00877657 0.00921494 0.00967722 0.01013264 0.0105981 ]
[0.0032767  0.00467906 0.00782932 0.00925357 0.0098336  0.01021214]
[0.00409602 0.0055702  0.00759879 0.00866594 0.00924237 0.00938265]
[0.00068565 0.00147816 0.0019877  0.00422483 0.00431926 0.00434698]
[0.00390227 0.00742363 0.00863794 0.00968256 0.00979429 0.01132278]
[0.00468497 0.00677942 0.0077715  0.00913162 0.00922424 0.01015657]
[0.00469433 0.00714885 0.00725107 0.00994491 0.01077398 0.01088935]
[0.00596011 0.00676668 0.006791   0.00920235 0.01039828 0.01290944]
[0.00632783 0.00651524 0.00732617 0.00853892 0.0087295  0.00900912]
[0.0063612  0.00725896 0.00826578 0.00833724 0.0084706  0.00899147]
[0.00596384 0.00711017 0.0087653  0.00890966 0.00928087 0.00930733]
[0.00897426 0.00914538 0.00948177 0.00994625 0.01169166 0.01174349]
[0.00448148 0.00584802 0.00605807 0.00649922 0.00854205 0.00928539]
[0.00108339 0.008303   0.0084925  0.01002938 0.01124602 0.01127681]
[0.00333357 0.0067836  0.0074304  0.00885864 0.00904132 0.01018108]
[0.00460051 0.00636824 0.00759794 0.00771989 0.00853791 0.0087256 ]
[0.00453469 0.00541864 0.00603697 0.00779666 0.00790364 0.00793795]
[0.00083986 0.0056044  0.00842198 0.009167   0.00950873 0.00971935]
[0.00155052 0.0038752  0.00750019 0.00784853 0.00914309 0.01145951]
[0.00982382 0.01223726 0.01262747 0.01298219 0.01318035 0.01423565]
[0.00393529 0.00565442 0.00611847 0.00688815 0.00826217 0.00968631]
[0.00816232 0.00867854 0.00883474 0.00964439 0.01018063 0.01018104]
[0.00458423 0.00465617 0.00577472 0.00611309 0.00735983 0.00768848]
[0.00256143 0.00256639 0.00597546 0.00646541 0.00650711 0.00656251]
[0.00405688 0.00485387 0.00527095 0.00653747 0.00668766 0.00823192]
[0.00502241 0.0067317  0.00743422 0.00779108 0.00779771 0.00871209]
[0.0051003  0.00677453 0.00795245 0.00892124 0.00894756 0.00907018]
[0.00551793 0.00664858 0.00693441 0.00724752 0.00808704 0.00862689]
[0.00338789 0.00912429 0.00924043 0.01104084 0.01123535 0.01199585]
[0.00337307 0.00601089 0.00649917 0.0065044  0.00693813 0.00738488]
[0.00393176 0.00459063 0.00527345 0.0069283  0.00696579 0.00730724]
[0.00412787 0.00537626 0.00708791 0.00747772 0.00762576 0.00785175]
[0.00420582 0.00564098 0.00566835 0.00933087 0.01066477 0.01128795]
[0.00114005 0.00234445 0.00406931 0.00479037 0.0061276  0.0070692 ]
[0.00075547 0.00304185 0.00478528 0.00517909 0.00636594 0.00657244]
[0.00035306 0.00130697 0.00146568 0.00183243 0.00269602 0.00306229]
[0.00404766 0.00418662 0.00598123 0.00608731 0.00662647 0.00662994]
[0.00413327 0.00521152 0.00521606 0.00524096 0.00538193 0.00550486]
[0.00581811 0.00637118 0.00707768 0.00714202 0.00748424 0.00814132]
[0.0036413  0.00587805 0.00622322 0.00629864 0.00710247 0.00751726]
[0.00267928 0.00282785 0.0058929  0.00672718 0.00681364 0.00692421]
[0.00256609 0.00407386 0.00409324 0.00505977 0.0062976  0.00653609]
[0.00118589 0.00226182 0.00243222 0.0032137  0.00499279 0.00603055]
[0.00218103 0.00223345 0.00254406 0.00306355 0.00414735 0.00449451]
[0.00200443 0.00388432 0.00404227 0.00420845 0.00426565 0.00454404]
[0.00482654 0.00523715 0.00858203 0.00887047 0.00924511 0.01038922]
[0.00160976 0.00162221 0.00387453 0.00594715 0.00624484 0.00636208]
[0.00120424 0.00121934 0.00251235 0.00364561 0.00453181 0.00460778]
[0.00248978 0.00381625 0.00429359 0.00475745 0.00632031 0.0070415 ]
[0.00240506 0.00354587 0.00417521 0.00442523 0.00466706 0.00506526]
[0.00192927 0.00269648 0.00438524 0.00461736 0.0054523  0.00573355]
[0.00122751 0.00127395 0.00214684 0.00225408 0.00235533 0.00249826]
[0.00125058 0.00152981 0.00185983 0.00282662 0.00306995 0.0034286 ]
[0.00076467 0.00092935 0.00118573 0.00122631 0.0013693  0.00201322]
[0.00102101 0.00166722 0.00225888 0.00334748 0.00380282 0.00419073]
[0.00054686 0.00065981 0.00091937 0.0046188  0.00498902 0.00540932]
[0.00063186 0.00195129 0.00299888 0.00315112 0.00354786 0.00356944]
[0.00158401 0.001639   0.00230196 0.00294395 0.00301126 0.00364983]
[0.00139593 0.0020373  0.00212955 0.00223612 0.00282925 0.00333562]
[0.00157149 0.00162826 0.00184803 0.00238562 0.00270155 0.00306183]
[0.00093762 0.00318153 0.00368903 0.00421499 0.00423306 0.00479714]
[0.00143005 0.00192402 0.00225626 0.00231156 0.0024222  0.00254365]
[0.00357614 0.00368971 0.00446879 0.00484451 0.00522945 0.00546981]
[0.00120893 0.00223437 0.00251403 0.00297332 0.00361492 0.00483091]
[0.00126861 0.0020404  0.0024042  0.00241903 0.00245904 0.00317865]
[0.00152924 0.00300273 0.00317682 0.0034975  0.00388896 0.00452324]
[0.00157207 0.00467966 0.00504538 0.00576822 0.00646597 0.00649387]
[0.00157454 0.00250495 0.00287427 0.00487217 0.00565117 0.00653015]
[0.00077848 0.00114881 0.00134202 0.00348911 0.0037136  0.00408273]
[0.00255596 0.0029549  0.00372024 0.00374604 0.00386843 0.00418982]
[0.00295556 0.00333587 0.00412771 0.00452598 0.00534    0.00579831]
[0.00137275 0.00243178 0.00250046 0.00287399 0.00292951 0.00302866]
[0.00134736 0.00186883 0.00196201 0.0022577  0.00260074 0.00265151]
[0.00234006 0.0039794  0.0047974  0.00586403 0.00592851 0.00624586]
[0.00324057 0.00378077 0.0047771  0.00490227 0.00557247 0.00610087]
[0.00238909 0.00253004 0.00260835 0.00271528 0.00391142 0.00444193]
[0.00419202 0.00437897 0.00447898 0.0049129  0.00512142 0.00514853]
[0.0012458  0.00202501 0.00285649 0.0043245  0.00452672 0.00484412]
[0.00133776 0.00138894 0.00152491 0.00156802 0.0021106  0.00249524]
[0.00146446 0.00358186 0.00413955 0.00416675 0.00446197 0.00489154]
[0.00355529 0.00383289 0.00402196 0.00416095 0.0041774  0.00580624]
[0.00204013 0.00341459 0.00371427 0.00377367 0.00426694 0.00428177]
[0.00122237 0.00154355 0.00156182 0.00177854 0.00182221 0.0018276 ]
[0.00061685 0.00174174 0.00179964 0.00184202 0.00241545 0.0033151 ]
[0.00356816 0.00401205 0.00403445 0.00414597 0.00430562 0.0043828 ]
[0.0019425  0.00258523 0.00357488 0.00451056 0.0047235  0.00504116]
[0.00271706 0.00316533 0.00449039 0.00452572 0.00461858 0.00550052]
[0.00335035 0.00369951 0.00375867 0.00410111 0.00425791 0.00461586]
[0.00315721 0.00449972 0.00452995 0.00489546 0.0063578  0.00661377]
[0.00124435 0.0028718  0.00458494 0.00470509 0.00554449 0.00613557]
[0.00578309 0.00741124 0.00833092 0.00844658 0.00900637 0.00941927]
[0.00253619 0.00315978 0.00425492 0.00463531 0.00485445 0.00549717]
[0.00483954 0.00577741 0.00614833 0.00615416 0.00656248 0.00789814]
[0.00346716 0.00389901 0.00485027 0.00540772 0.00565921 0.0056761 ]
[0.0034121  0.00382064 0.00438425 0.00572317 0.00607842 0.00692325]
[0.0030058  0.00373041 0.00437123 0.00599255 0.0060174  0.00697708]
[0.00347715 0.00360322 0.00570131 0.00584583 0.00600143 0.00646058]
[0.00375132 0.0053427  0.00551078 0.00775617 0.0078868  0.0079018 ]
[0.00556104 0.00823894 0.00851362 0.00880404 0.00979638 0.01010293]
[0.00197643 0.00442162 0.00523392 0.0059994  0.00675946 0.00809267]
[0.00213096 0.00417799 0.0050864  0.00589812 0.00592746 0.00617011]
[0.00296323 0.00499228 0.00529192 0.00646625 0.00703859 0.00801578]
[0.00214067 0.00379529 0.00559406 0.0058367  0.00677877 0.00681945]
[0.00398582 0.00490438 0.005602   0.00568308 0.00573547 0.00618374]
[0.00480832 0.00490464 0.00546364 0.00603399 0.00722999 0.00830113]
[0.00155681 0.00486875 0.00643265 0.00686136 0.00718283 0.00721519]
[0.00497859 0.0066261  0.00730175 0.00742938 0.00825351 0.00923495]
[0.00118812 0.00212117 0.00213274 0.00244941 0.0031575  0.00316544]
[0.00286065 0.00412425 0.0056742  0.00624619 0.00674537 0.00684045]
[0.00158342 0.00473059 0.0052142  0.00659927 0.00662307 0.00670714]
[0.00297759 0.0050143  0.00509695 0.00519636 0.00617433 0.00690943]
[0.00490106 0.00515096 0.00528803 0.00625577 0.00674867 0.0077044 ]
[0.00359793 0.0065999  0.00841149 0.00876696 0.00922928 0.00940181]
[0.00141318 0.00368923 0.00779049 0.00836463 0.00873071 0.01053337]
[0.00647838 0.00674467 0.00682653 0.0082056  0.00910726 0.00929746]
[0.00198199 0.00357299 0.00494518 0.00523204 0.0052838  0.00550072]
[0.00239153 0.00304731 0.005226   0.00585764 0.00638461 0.00665254]
[0.00264378 0.00265378 0.00431806 0.00435776 0.00512597 0.00513801]
[0.00265947 0.00412281 0.00438029 0.00534699 0.00536447 0.00608869]
[0.00121314 0.00233022 0.00315046 0.00342895 0.00361679 0.00363757]
[0.00153389 0.00200934 0.00273652 0.0031944  0.00384927 0.00392105]
[0.00286589 0.00321398 0.00365452 0.0038416  0.00384686 0.00449743]
[0.00188856 0.00227055 0.00249516 0.00286984 0.00322495 0.00331134]
[0.00176391 0.00418782 0.0042695  0.00433433 0.00448661 0.00471867]
[0.00228794 0.00293766 0.00319659 0.00326069 0.00342389 0.00344668]
[0.00155915 0.00156099 0.00204672 0.00210115 0.00221999 0.00230213]
[0.00166389 0.00213363 0.00285472 0.00341269 0.00351033 0.0036283 ]
[0.00208584 0.00215772 0.00255912 0.00264926 0.00292092 0.0031973 ]
[0.00109653 0.00151053 0.0019979  0.00250271 0.00257818 0.00274578]
[0.00036595 0.00202936 0.00203337 0.00251914 0.00253395 0.00269302]
[0.00048445 0.00080859 0.00138302 0.00179438 0.00220962 0.0027147 ]
[0.00253103 0.00290101 0.00334945 0.00348059 0.00427707 0.0046853 ]
[0.00173025 0.00227572 0.00313329 0.003647   0.0038119  0.0040974 ]
[0.00078377 0.00206548 0.00220712 0.00270472 0.00315274 0.00319391]
[0.00160744 0.00238531 0.00240362 0.00243208 0.00249076 0.00274295]
[0.00276957 0.00289205 0.00317299 0.00338877 0.00375244 0.0038443 ]
[0.00110647 0.00214636 0.00215646 0.00225604 0.00232604 0.00246508]
[0.00224368 0.00261789 0.0031573  0.00336451 0.00356226 0.0036103 ]
[0.00212066 0.00242571 0.00289335 0.00382675 0.0039879  0.00428474]
[0.00300516 0.0030427  0.00310809 0.00396821 0.00411871 0.00412624]
[0.00281596 0.00282583 0.00298598 0.00301261 0.003532   0.00356379]
[0.00116364 0.00188658 0.00265607 0.00276788 0.00285251 0.00288458]
[0.00162045 0.00186123 0.00216518 0.00218375 0.00255749 0.00325647]
[0.00135836 0.00271162 0.00276667 0.00304494 0.00319922 0.0032501 ]
[0.00123687 0.00289276 0.00317475 0.0034241  0.00372334 0.00380405]
[0.00192201 0.00248889 0.00257925 0.00281585 0.00329641 0.00339928]
[0.00084153 0.00202227 0.00233191 0.00249299 0.00330095 0.00342212]
[0.00111281 0.00146909 0.00329318 0.00373086 0.00419233 0.00435815]
[0.00184941 0.00196858 0.0020265  0.00323018 0.00328851 0.00370714]
[0.00193057 0.00220242 0.00229281 0.00234213 0.00283188 0.00319171]
[0.00132675 0.0016001  0.00209711 0.00220706 0.00226704 0.00232847]
[0.00036733 0.00194196 0.00200508 0.00213345 0.00272244 0.00358507]
[0.00330389 0.00334778 0.00341316 0.00380546 0.00426433 0.00496595]
[0.00157661 0.00200578 0.00239387 0.00266425 0.00266855 0.00300726]
[0.00115799 0.00278142 0.00459004 0.00477076 0.00512202 0.00524706]
[0.00422275 0.00444335 0.00448962 0.00458651 0.00465518 0.00470943]
[0.00140472 0.00202227 0.00232783 0.00302652 0.00366509 0.00378646]
[0.00187685 0.00297187 0.00338266 0.00358046 0.00359056 0.00371683]
[0.00098158 0.00303175 0.0032873  0.00366328 0.0038841  0.00397607]
[0.00226424 0.00269916 0.00278903 0.0030504  0.00334395 0.00382741]
[0.00061995 0.00331065 0.00349598 0.00355229 0.00379688 0.00421093]
[0.00183088 0.00289418 0.00483745 0.00498531 0.00541418 0.00591584]
[0.00388444 0.00542669 0.00547639 0.00573349 0.00582459 0.00612591]
[0.00174029 0.00245038 0.00297913 0.00320741 0.00347863 0.00380294]
[0.00191834 0.00286541 0.00287025 0.0029771  0.0033353  0.00362333]
[0.00433388 0.00454833 0.00472123 0.00493872 0.00513119 0.00532993]
[0.00352905 0.00460444 0.00508271 0.00569761 0.0061789  0.00638164]
[0.00308831 0.00322679 0.00410564 0.00471352 0.00473369 0.00497676]
[0.00429859 0.00475171 0.00504888 0.0056501  0.00586632 0.0059577 ]
[0.00320905 0.00342283 0.00345615 0.00389857 0.00427444 0.0045121 ]
[0.00339523 0.00360688 0.00444576 0.00454793 0.00493982 0.0050622 ]
[0.00217114 0.00430865 0.00517237 0.00522353 0.0056802  0.00591906]
[0.00185788 0.00244696 0.00245969 0.00296398 0.00362676 0.00407533]
[0.00262399 0.0030606  0.00310121 0.00316316 0.00332497 0.00356202]
[0.00266446 0.00350265 0.00353168 0.00363671 0.00367361 0.00382861]
[0.00136093 0.00146854 0.00151564 0.00181544 0.00221196 0.00249412]
[0.00229329 0.00448438 0.00453107 0.00477115 0.00501606 0.00502814]
[0.00175904 0.00196501 0.00301801 0.00320812 0.00432112 0.00517009]
[0.00235168 0.00282925 0.00468963 0.00475618 0.00480887 0.00485223]
[0.00210948 0.00270173 0.00348177 0.00414665 0.00438148 0.00454055]
[0.0028368  0.00327756 0.00355584 0.00389907 0.00451359 0.00456944]
[0.00178677 0.00215736 0.00218934 0.00227    0.00247594 0.0028754 ]
[0.00195298 0.00238507 0.00266108 0.00278953 0.00316568 0.00330121]
[0.00150477 0.00298289 0.00298888 0.00301313 0.00326626 0.00335507]
[0.00242423 0.00335853 0.00339632 0.00363112 0.0040277  0.00452756]
[0.00204361 0.00296366 0.00305299 0.00307344 0.00355405 0.00527972]
[0.00228269 0.00263513 0.0032071  0.00383809 0.00392607 0.00448714]
[0.00111183 0.00215734 0.00277771 0.00342584 0.00422184 0.00426169]
[0.00445387 0.00475775 0.00498763 0.00500647 0.00574486 0.00644212]
[0.00139376 0.00187315 0.0026318  0.00280508 0.00316316 0.00418484]
[0.00191707 0.00281139 0.00296926 0.00305046 0.00367877 0.00399163]
[0.00157617 0.00255756 0.00429602 0.00456699 0.00475872 0.00484351]
[0.00239661 0.00386581 0.00395701 0.00404308 0.00415514 0.00468241]
[0.00285217 0.00325878 0.003467   0.00352051 0.00369062 0.00382996]
[0.00155849 0.00300275 0.00357105 0.00408886 0.00459063 0.00545805]
[0.00296443 0.00345294 0.0035077  0.00490894 0.0051351  0.00580226]
[0.00240914 0.00403083 0.00506128 0.0055813  0.00628728 0.00634967]
[0.00358515 0.00412004 0.0041941  0.00438768 0.00463569 0.00482969]
[0.0020258  0.00277865 0.00326021 0.00330651 0.00473969 0.00493844]
[0.00286744 0.00454741 0.0051634  0.00539812 0.0054434  0.00549232]
[0.00450409 0.00471892 0.00554972 0.00557    0.00575012 0.00697791]
[0.00302094 0.00418922 0.00688994 0.00781473 0.00847183 0.00880913]
[0.00238755 0.00369409 0.00453253 0.00558847 0.00690384 0.00702358]
[0.00600805 0.00612221 0.00684674 0.00748324 0.00894918 0.00908691]
[0.00631663 0.00719856 0.00757867 0.00858615 0.00901624 0.00918433]
[0.00514163 0.00538421 0.00594556 0.00622833 0.00651659 0.0066725 ]
[0.00445351 0.0051692  0.00553468 0.00648612 0.00675186 0.00723491]
[0.00265895 0.00355257 0.00407496 0.00439233 0.00512441 0.00542823]
[0.00477836 0.00704175 0.00873502 0.00886712 0.00939909 0.00966339]
[0.00385365 0.00515409 0.00557477 0.00739736 0.00969735 0.00972591]
[0.00193405 0.00293029 0.00310229 0.00314047 0.00332301 0.00340872]
[0.00401259 0.00490538 0.00517002 0.00607142 0.00647052 0.007516  ]
[0.0038692  0.00581996 0.00675103 0.00682068 0.00715059 0.00756622]
[0.00393677 0.00570119 0.00864124 0.00905027 0.00918259 0.00969252]
[0.00460872 0.00511449 0.00619794 0.00844499 0.00859889 0.00919961]
[0.00441803 0.00445572 0.00554632 0.00578811 0.00613797 0.0077899 ]
[0.00251524 0.00497504 0.00569949 0.00601321 0.00651234 0.00719931]
[0.00243361 0.00402537 0.00659029 0.00720922 0.00880003 0.00909513]
[0.00365593 0.00671551 0.00832885 0.00854185 0.00873779 0.00915777]
[0.00302641 0.00584873 0.00636013 0.00675199 0.00759015 0.00837684]
[0.00396439 0.00492761 0.00495233 0.00553449 0.00616037 0.00683252]
[0.00357652 0.00388298 0.00487603 0.0060378  0.00643353 0.00653758]
[0.00242577 0.00446908 0.00495359 0.00675608 0.00676215 0.00765969]
[0.00446526 0.00515893 0.005165   0.00517934 0.00539113 0.00559354]
[0.00337772 0.00481852 0.00533661 0.00534845 0.00662834 0.00670944]
[0.00084546 0.00359555 0.00417091 0.00448653 0.00472491 0.00506426]
[0.00227792 0.00315363 0.00438197 0.00500789 0.00501257 0.00526513]
[0.00194139 0.00307758 0.00379139 0.00400805 0.00414867 0.00469748]
None
[0.00120167 0.00321536 0.00432347 0.00442696 0.00556922 0.00668535]
[0.00013639 0.00071854 0.00156794 0.00176736 0.00178633 0.00283034]
[8.56923507e-05 2.80834241e-04 3.34867762e-04 5.05708241e-04  9.02429771e-04 1.17273498e-03]
[0.0026969  0.00529638 0.00641506 0.00642076 0.00655958 0.00703035]
[0.00044665 0.00310483 0.00491944 0.0049663  0.00672853 0.00680254]
[0.00343929 0.00432616 0.00501519 0.00580475 0.00696423 0.00709406]
[0.00259949 0.00480083 0.00560287 0.00793525 0.00810179 0.0089319 ]
[0.00338022 0.00486474 0.00631435 0.00694606 0.00701739 0.00738695]
[0.00632637 0.00831417 0.00836014 0.01004712 0.01074024 0.01146745]
[0.00322735 0.00834015 0.00999927 0.01023697 0.01092574 0.01132798]
[0.00344322 0.00579321 0.00770586 0.00845167 0.0091203  0.00919715]
[0.00033779 0.00060623 0.00143737 0.00232648 0.00240304 0.00305445]
[0.00088197 0.00202985 0.00463181 0.00542443 0.00574719 0.00589052]
[0.00045479 0.00077958 0.00083663 0.00093683 0.00145819 0.00194792]
[0.00091141 0.00110266 0.00119549 0.00258071 0.00385198 0.00411673]
[0.0059251  0.00643311 0.00795914 0.00836253 0.0089856  0.00945356]
[0.00789466 0.00940214 0.00990684 0.01047247 0.01098063 0.0113087 ]
[0.0089257  0.00970878 0.01053521 0.01139876 0.01140849 0.01253141]
[0.00575791 0.00628988 0.00688876 0.00847222 0.00875316 0.00903496]
[0.00660294 0.00741262 0.00765502 0.00978993 0.01014711 0.01040251]
[0.0057771  0.00879863 0.00904114 0.00936076 0.00972813 0.01001043]
[0.00359668 0.00715064 0.00776922 0.00816454 0.008225   0.00899874]
[0.00451148 0.00505248 0.00668466 0.00882182 0.00924616 0.00957585]
[0.00643125 0.00756549 0.00780004 0.00798646 0.00890987 0.01116233]
[0.0061776  0.00706406 0.00942567 0.01016614 0.0111098  0.01152372]
[0.00503    0.00891318 0.00930514 0.00936916 0.00981998 0.01027919]
[0.00487408 0.00554483 0.00637408 0.00657833 0.00663553 0.00694907]
[0.00394675 0.00655197 0.00715422 0.00820479 0.00991835 0.01019728]
[0.00137513 0.00309158 0.00459246 0.0056845  0.00768302 0.00850372]
[0.00591015 0.00767163 0.00806563 0.00957006 0.01090874 0.01134971]
[0.00591025 0.00804083 0.00817989 0.00948216 0.01140429 0.01170836]
[0.0044753  0.00729109 0.00816187 0.01006024 0.01021927 0.01047778]
[0.00121375 0.00509113 0.00801943 0.00855606 0.01129504 0.01135759]
[0.00427308 0.00483556 0.00497969 0.00703735 0.00912859 0.00914148]
[0.00222695 0.00747954 0.00786545 0.0081361  0.0083871  0.00974728]
[0.00282533 0.00486767 0.00493966 0.00559311 0.0062114  0.00632793]
[0.00441448 0.00579067 0.00597236 0.0060221  0.00673526 0.00741164]
[0.00517227 0.00735031 0.00832023 0.00909839 0.01051348 0.01161129]
[0.00383969 0.00445513 0.00510888 0.00761675 0.00802001 0.00850544]
[0.00130333 0.00559169 0.00639754 0.00710696 0.00812717 0.00885065]
[0.00312033 0.00457333 0.0078574  0.00817719 0.01035122 0.01046937]
[0.00371681 0.00507696 0.0056473  0.00661858 0.00664446 0.00756385]
[0.00631645 0.00756422 0.00799598 0.00956329 0.00971827 0.01004161]
[0.00172565 0.00354977 0.00754046 0.00788983 0.00833672 0.00911039]
[0.00091833 0.00543574 0.00815868 0.00853319 0.009392   0.01097489]
[0.00363082 0.00634041 0.00681303 0.00746461 0.00752283 0.00782453]
[0.00360227 0.0073011  0.0073286  0.0076207  0.00798373 0.00838541]
[0.00820761 0.00831025 0.0101506  0.01075479 0.01075778 0.01129622]
[0.00624622 0.00635681 0.00750317 0.00776038 0.00808391 0.00823055]
[0.00554117 0.00675585 0.00710967 0.00743761 0.00816652 0.00883305]
[0.00088141 0.00320115 0.00344337 0.00442965 0.00651831 0.00717109]
[0.00757595 0.00875963 0.01153744 0.01205675 0.01206717 0.01290586]
[0.00670315 0.0081085  0.00892386 0.00997695 0.01015661 0.01083371]
[0.00239389 0.00740524 0.00751678 0.00797196 0.00966152 0.00976396]
[0.00480256 0.00890686 0.00899816 0.00940585 0.00950875 0.01026934]
[0.01009677 0.01022147 0.01023178 0.01024741 0.01048219 0.01104182]
[0.00849395 0.00974811 0.0111529  0.01195383 0.01543874 0.01549721]
[0.00547439 0.01061989 0.0107007  0.01126664 0.0118288  0.01200988]
[0.00335128 0.00704594 0.00798928 0.00807234 0.01008214 0.01063441]
[0.00434775 0.00785939 0.01052335 0.01058992 0.01084908 0.0112572 ]
[0.00797419 0.01018145 0.01147499 0.01266752 0.01273482 0.01287741]
[0.004722   0.00854873 0.00866881 0.00988444 0.01089006 0.0109207 ]
[0.00490999 0.00811753 0.00949349 0.01014806 0.01072617 0.01146428]
[0.00619545 0.00649317 0.00790485 0.00791957 0.00807024 0.00836038]
[0.00285819 0.0040248  0.00722049 0.00895788 0.00907948 0.00912484]
[0.00497533 0.00712296 0.00828092 0.00828609 0.0094206  0.01100864]
[0.00495116 0.00608349 0.00887859 0.00924004 0.0098498  0.01054778]
[0.00209343 0.00431897 0.00585347 0.00636577 0.00647473 0.0065908 ]
[0.00511622 0.00658038 0.0087793  0.00900267 0.00903033 0.00903618]
[0.00547056 0.00931941 0.00941307 0.00975533 0.00987327 0.01006709]
[0.01038343 0.0104886  0.01136772 0.01272761 0.01327468 0.01435375]
[0.00556606 0.0071623  0.00840747 0.00871471 0.00947722 0.00968977]
[0.00612254 0.00778173 0.0078832  0.00832153 0.00895805 0.01032119]
[0.00400335 0.00743724 0.00744967 0.00747    0.0090874  0.00959094]
[0.00398491 0.00505416 0.00671951 0.00720993 0.00731878 0.00743847]
[0.00251852 0.00285039 0.00504022 0.00745488 0.00778549 0.00830684]
[0.0031889  0.00677051 0.00716011 0.00764759 0.00789814 0.00827381]
[0.00314102 0.00533255 0.00565622 0.00585213 0.00666944 0.0072068 ]
[0.00349943 0.00458875 0.00471123 0.00627342 0.00660715 0.00708285]
[0.00512275 0.00571358 0.00803464 0.0080816  0.00813187 0.00863034]
[0.00526757 0.00676841 0.00914095 0.00924662 0.00981451 0.01077834]
[0.00191602 0.00517836 0.00616938 0.00654135 0.00693039 0.00843918]
[0.00293127 0.00575154 0.00614636 0.00734388 0.00734551 0.00746918]
[0.00419136 0.00419699 0.00660747 0.00701655 0.0070284  0.00718872]
[0.00323041 0.00334497 0.00401954 0.00486651 0.00489691 0.00790241]
[0.00690579 0.00751365 0.00766663 0.0096761  0.01068324 0.01156202]
[0.00384903 0.00764015 0.00888608 0.00903365 0.00969666 0.01040063]
[0.0053969  0.00544825 0.00616132 0.00740846 0.00991861 0.01138347]
[0.00281815 0.00467186 0.00473783 0.00503882 0.00518499 0.006657  ]
[0.0028011  0.00300987 0.00478772 0.00524706 0.00526214 0.00569569]
[0.00204119 0.00458906 0.0046539  0.00638077 0.00681392 0.00771031]
[0.00679712 0.00699448 0.00765412 0.00868365 0.00933731 0.0100527 ]
[0.00622357 0.0072821  0.00736289 0.0075386  0.00771536 0.00787899]
[0.00246035 0.0065775  0.00786549 0.00856339 0.00877648 0.00918749]
[0.00251586 0.00307172 0.00423018 0.0067212  0.00840286 0.008495  ]
[0.00251042 0.00347794 0.00378469 0.00467659 0.00479685 0.00511074]
[0.00207553 0.0028931  0.00460452 0.00582129 0.00635242 0.00659821]
[0.00120153 0.00460943 0.00555943 0.00839917 0.00843979 0.00854667]
[0.0042305  0.00566609 0.00669022 0.00687965 0.00768341 0.00829308]
[0.00890098 0.00939613 0.01004797 0.01027751 0.01031111 0.01052507]
[0.00448208 0.00457465 0.00641076 0.00728939 0.00774281 0.00781608]
[0.00509419 0.00515773 0.00519284 0.00547057 0.00587443 0.00648576]
[0.00206362 0.00429507 0.00495891 0.00558706 0.00658358 0.00756763]
[0.00209931 0.00437515 0.00498193 0.00565178 0.00578987 0.0059761 ]
[0.00353355 0.00516256 0.00553918 0.00638301 0.00647049 0.00665801]
[0.00473882 0.00514618 0.00589802 0.00714156 0.00761499 0.00771435]
[0.00211263 0.00495118 0.00551552 0.00654119 0.00712176 0.00718947]
[0.0015534  0.00361484 0.0069267  0.00734228 0.00751774 0.00838299]
[0.00260037 0.00468123 0.00568158 0.00738318 0.00785744 0.00791493]
[0.00459331 0.00576635 0.00653712 0.00664186 0.00872503 0.00890341]
[0.0033075  0.00388803 0.00525718 0.00769977 0.0080709  0.00821751]
[0.00300026 0.00383661 0.00723401 0.0079086  0.00824871 0.00887426]
[0.00361692 0.00486761 0.00573542 0.00670837 0.00679319 0.00728321]
[0.00461805 0.00531282 0.0053753  0.00541798 0.00607234 0.00611045]
[0.0027205  0.00325274 0.00337982 0.00428162 0.00597878 0.00674276]
[0.00497813 0.00614555 0.00921559 0.01111919 0.01115251 0.01157415]
[0.0035473  0.0066014  0.00662963 0.00718317 0.00722935 0.00735338]
[0.00459525 0.00463487 0.00672763 0.00723046 0.00753284 0.00812552]
[0.00874946 0.01065915 0.01090914 0.01105201 0.01135833 0.01290499]
[0.00361753 0.00430609 0.0089151  0.00895117 0.00943913 0.00986867]
[0.0037389  0.00554831 0.00626987 0.0065171  0.00679353 0.00833638]
[0.00258881 0.00305542 0.00368072 0.00379496 0.00396752 0.00475694]
[0.00581386 0.00586996 0.00593366 0.00631184 0.00668912 0.00830111]
[0.00100003 0.00342081 0.00365955 0.00404889 0.00531178 0.00572785]
[0.00466787 0.00521661 0.0071688  0.00761852 0.00803747 0.00923579]
[0.00508789 0.00660888 0.00744886 0.01039009 0.01043791 0.01118108]
[0.00184144 0.00782161 0.00879835 0.01034491 0.01051073 0.01081237]
[0.00464515 0.00782014 0.00782234 0.00803347 0.00884505 0.00895245]
