[0.00386484 0.00540686 0.00553089 0.0075751  0.0085229  0.00899451]
[0.00488645 0.00574779 0.00657984 0.0077927  0.00809482 0.01230998]
[0.00576333 0.00712307 0.00733395 0.0076516  0.00973182 0.0111977 ]
[0.00645734 0.00777891 0.00917693 0.00947373 0.00995051 0.01078271]
[0.00603984 0.00915068 0.00976113 0.01024093 0.01076382 0.01304172]
[0.00708181 0.00893856 0.0099702  0.010284   0.01072784 0.01153813]
[0.00342335 0.00407333 0.00755035 0.00909765 0.01030854 0.01040601]
[0.00598645 0.00952186 0.01009302 0.01260589 0.01262288 0.01286829]
[0.00758006 0.00802633 0.01161135 0.01307117 0.01321936 0.0135508 ]
[0.00399689 0.00726261 0.0127227  0.01475879 0.01533552 0.01638155]
[0.00863867 0.00982876 0.01071662 0.01199835 0.01227167 0.01310998]
[0.0057966  0.0063942  0.00711289 0.00990313 0.01094193 0.01223236]
[0.00576196 0.00888824 0.01260117 0.01372681 0.01533346 0.01677195]
[0.0058006  0.00673444 0.00888315 0.00972354 0.0103627  0.01391995]
[0.00565984 0.00723305 0.01141107 0.01168901 0.01235065 0.01325961]
[0.00216716 0.00639675 0.00794501 0.0109348  0.01205508 0.01267218]
[0.00601895 0.0104393  0.01200987 0.01501707 0.01532687 0.01634648]
[0.00324728 0.00438179 0.00460165 0.00624363 0.00672708 0.00688976]
[0.00411351 0.00515202 0.00524322 0.00719949 0.0077699  0.00802825]
[0.00302539 0.00405313 0.00597319 0.00965382 0.01068583 0.01133359]
[0.00628522 0.01198421 0.01217858 0.01285823 0.01362419 0.01386876]
[0.00427068 0.00740943 0.01347085 0.01406687 0.01623288 0.01694251]
[0.00922601 0.01112873 0.01125934 0.0116004  0.01215243 0.01681625]
[0.006276   0.01048285 0.01054433 0.01118318 0.01383302 0.01424181]
[0.00776049 0.00968437 0.01029811 0.01181827 0.01219843 0.01223256]
[0.00225457 0.00713611 0.00740308 0.00828849 0.01028608 0.01509497]
[0.00768698 0.00904319 0.01356042 0.01434822 0.01538923 0.01574928]
[0.00685738 0.00865765 0.00887337 0.00938737 0.0096029  0.01255318]
[0.00760454 0.01098521 0.01280297 0.0142067  0.01539402 0.01588153]
[0.00636282 0.0077848  0.0092018  0.0118837  0.0141354  0.01416468]
[0.00954514 0.01137716 0.01192189 0.01206462 0.01223758 0.01303844]
[0.0087535  0.0095591  0.01094032 0.01121716 0.01133882 0.01144047]
[0.00626467 0.00647444 0.00753623 0.00777687 0.00857848 0.00910225]
[0.00677859 0.00757358 0.00800811 0.00828421 0.01118422 0.01222702]
[0.00618207 0.00789049 0.00877334 0.0130951  0.01330545 0.01391142]
[0.00895394 0.01071101 0.01073257 0.01204378 0.01454334 0.01488655]
[0.00583214 0.00969324 0.01007508 0.01685192 0.01737855 0.01874229]
[0.00459841 0.00806674 0.00839458 0.01003068 0.01070638 0.01105352]
[0.00621802 0.01086227 0.01113841 0.01135122 0.01144853 0.01161188]
[0.0050351  0.00555762 0.0063628  0.00670577 0.00778337 0.00876121]
[0.00733755 0.00961361 0.01044793 0.01144408 0.01271733 0.01471385]
[0.00299842 0.00359828 0.00650895 0.00667666 0.00677484 0.0078111 ]
[0.00665953 0.00741173 0.00978182 0.01004923 0.01045315 0.01216578]
[0.00380972 0.00478441 0.00534789 0.00604464 0.00804733 0.01013586]
[0.00568184 0.00712625 0.0141819  0.01450843 0.01496399 0.01656107]
[0.00327514 0.00727416 0.00816766 0.00992293 0.00994828 0.01190455]
[0.00184704 0.00355019 0.00943481 0.00947763 0.00987972 0.01086707]
[0.00679711 0.0079943  0.00899173 0.00922127 0.00928194 0.00995414]
[0.00714278 0.00779536 0.00820019 0.00950293 0.01192076 0.01233099]
[0.00240909 0.00963055 0.01108678 0.01290551 0.01361536 0.01458772]
[0.00400275 0.0070558  0.007844   0.00843169 0.01131406 0.01153499]
[0.00458641 0.00654198 0.01061338 0.01133662 0.0129554  0.01298821]
[0.00792476 0.00806591 0.00936874 0.00945071 0.01057792 0.01064444]
[0.00569057 0.00575055 0.00598702 0.00868782 0.00881454 0.00984366]
[0.00380038 0.00540501 0.00790637 0.0087612  0.00940215 0.01135288]
[0.00557905 0.00692575 0.00723685 0.00754561 0.00849537 0.01034345]
[0.01116108 0.0114802  0.01284689 0.01308507 0.01318794 0.01335184]
[0.00486542 0.00636644 0.00683768 0.00861123 0.0091002  0.00996935]
[0.00526768 0.00654717 0.00725735 0.00863532 0.00868712 0.008853  ]
[0.00648563 0.00880963 0.00993897 0.01048994 0.01051006 0.01165173]
[0.00680326 0.0092016  0.00974846 0.01050385 0.01317937 0.01388967]
[0.00615829 0.00721538 0.00956614 0.00978755 0.01014376 0.01112943]
[0.00762871 0.00983062 0.01003663 0.01075866 0.0112029  0.01138816]
[0.00432849 0.00846479 0.00928343 0.00934416 0.00996209 0.0112962 ]
[0.00507231 0.00733342 0.01049619 0.01128528 0.01193697 0.01219293]
[0.00072857 0.00334553 0.00342056 0.00755721 0.00930898 0.00976329]
[0.00427835 0.00720462 0.00740388 0.00842147 0.01121273 0.01178578]
[0.00158805 0.0017425  0.00467978 0.00527003 0.00546899 0.0057646 ]
[0.00089307 0.00094749 0.00235405 0.00242294 0.0027951  0.00526878]
[0.00268206 0.00288224 0.00415835 0.00736622 0.00759486 0.00835467]
[0.00243378 0.00261609 0.00453465 0.00601282 0.00789464 0.00858128]
[0.00341162 0.00363653 0.00440435 0.00586929 0.00630664 0.00644249]
[0.00277521 0.00408889 0.00593327 0.00697886 0.00998932 0.0115234 ]
[0.00134462 0.00635144 0.00677986 0.00683909 0.00727189 0.00787601]
[0.00294368 0.00370022 0.0044448  0.00488087 0.00538213 0.00567548]
[0.00499662 0.00536221 0.00563422 0.00995032 0.01019538 0.01072065]
[0.00422104 0.00567495 0.00684496 0.01018618 0.01146426 0.01148609]
[0.00455026 0.00963968 0.01107454 0.01171906 0.01295283 0.01303445]
[0.00354657 0.00383557 0.00651831 0.00755585 0.00901535 0.00943809]
[0.00157899 0.00486623 0.00557227 0.00569569 0.00599614 0.00611768]
[0.00034845 0.0010435  0.00151694 0.0016588  0.00213523 0.00226427]
[0.00164535 0.00289965 0.0034271  0.0035917  0.00511756 0.00584091]
[0.00102208 0.0024232  0.00505925 0.0074282  0.00798155 0.00831983]
[0.00145046 0.0027708  0.00279854 0.00434226 0.0057859  0.00583997]
[0.00164585 0.00172067 0.00355753 0.00475781 0.00562579 0.00619964]
[0.00221681 0.00455432 0.00466064 0.00485389 0.00526806 0.00712306]
[0.00186629 0.00249773 0.00469213 0.0074783  0.00834714 0.00877781]
[0.00183229 0.00431817 0.00493383 0.00512726 0.00617165 0.00774925]
[0.00135164 0.00172508 0.00201985 0.00277171 0.00304325 0.00318081]
[0.00230129 0.00292223 0.00606702 0.00615427 0.00666214 0.00731822]
[0.00158785 0.00519671 0.00536684 0.00616611 0.0063164  0.00711414]
[0.00217646 0.00571717 0.00617768 0.00637487 0.00672474 0.00679373]
[0.00196345 0.00331182 0.00396907 0.00543296 0.00652854 0.00715526]
[0.00280059 0.0070754  0.00761546 0.00817389 0.00931486 0.01011763]
[0.00162172 0.00209828 0.00396448 0.0065582  0.00673816 0.00698929]
[0.00066529 0.00375594 0.00382013 0.00405863 0.0055523  0.00591886]
[0.00161943 0.00464512 0.00483708 0.00587209 0.00629048 0.00752092]
[0.00145959 0.00264107 0.00532681 0.00726836 0.00734256 0.00768296]
[0.00146344 0.00332492 0.00451154 0.00509469 0.0055417  0.00635124]
[0.00138976 0.00430597 0.00483017 0.00597616 0.00647651 0.00651935]
[0.00264807 0.00644449 0.0077475  0.00874133 0.00915056 0.00938781]
[0.00177101 0.00401494 0.00565086 0.00646502 0.00785374 0.00882056]
[0.00072847 0.00080091 0.00222143 0.00283862 0.00333647 0.0038086 ]
[0.00123958 0.00455089 0.00482429 0.00504822 0.00534469 0.00575624]
[0.00206689 0.00229276 0.00287859 0.00368218 0.00403467 0.00426317]
[0.0012842  0.00302341 0.00430576 0.00641351 0.00731114 0.00800077]
[0.00251198 0.00296801 0.00396804 0.00412485 0.00509026 0.00613273]
[0.00210971 0.0054173  0.00617555 0.00712623 0.00743637 0.00829915]
[0.00254138 0.00466354 0.00524869 0.00664619 0.00668106 0.00673879]
[0.00104771 0.00209295 0.00435315 0.00486307 0.00573459 0.00592978]
[0.00164449 0.00289071 0.00351895 0.00404353 0.00462179 0.00643741]
[0.00184676 0.00433136 0.00508279 0.00631937 0.00639761 0.0066343 ]
[0.00173982 0.00251725 0.00254978 0.00441359 0.00605139 0.00645613]
[0.00247615 0.00292489 0.00466671 0.00487973 0.00878193 0.00902601]
[0.00357784 0.00431531 0.0076929  0.00860926 0.00913116 0.00920221]
[0.00140946 0.0047428  0.00584729 0.00659778 0.00797193 0.00815091]
[0.00152123 0.00215523 0.00378558 0.00443516 0.0050122  0.00552904]
[0.00271974 0.00462653 0.00568099 0.00595494 0.00705351 0.00731188]
[0.00232188 0.00257983 0.00678461 0.00775153 0.00865942 0.00869865]
[0.00199209 0.00371251 0.00619655 0.0075998  0.0076406  0.00809884]
[0.00423787 0.00513712 0.00530516 0.00671292 0.00694323 0.00704419]
[0.00416977 0.00525147 0.00631128 0.00803443 0.00813899 0.01164799]
[0.00273673 0.00599395 0.00614748 0.00738865 0.00818736 0.00882705]
[0.00225259 0.00302801 0.00589842 0.00605145 0.00696899 0.00710532]
[0.00376612 0.00452872 0.00572403 0.00696541 0.00920668 0.00939641]
[0.00257039 0.0033669  0.00387322 0.00501198 0.00674706 0.00786212]
[0.00279244 0.00337728 0.00489668 0.00633281 0.00816076 0.00922771]
[0.00271273 0.00490319 0.00502115 0.00747358 0.00815897 0.00992429]
[0.00202342 0.00246555 0.00636967 0.00639923 0.00760583 0.0080657 ]
[0.00311479 0.00516167 0.00625109 0.00692605 0.00793241 0.00820814]
[0.00155926 0.00413376 0.00584821 0.0073164  0.00732962 0.00755603]
[0.00370054 0.00454712 0.00467063 0.00563054 0.00732891 0.00787064]
[0.00335106 0.00343368 0.00403499 0.00466893 0.00488429 0.00607421]
[0.00235156 0.00336916 0.00359911 0.00581477 0.0062682  0.00824787]
[0.00102146 0.00288912 0.00413763 0.00582529 0.00621817 0.00641546]
[0.00086452 0.00181924 0.00519432 0.00592805 0.00605432 0.00605931]
[0.00462632 0.00522498 0.00543022 0.00560194 0.00565017 0.00646651]
[0.00134828 0.00173872 0.00198166 0.00401819 0.00455372 0.00528612]
[0.00273356 0.00520236 0.0064656  0.00655459 0.00696759 0.00700178]
[0.00667428 0.00916683 0.00918374 0.00932906 0.01079182 0.01096151]
[0.00300673 0.00364149 0.00372908 0.00509578 0.00609821 0.00628561]
[0.00646894 0.00813438 0.00976259 0.01096155 0.01217651 0.01240864]
[0.00173154 0.00300824 0.00391975 0.00418025 0.00788004 0.00836925]
[0.00568235 0.00610447 0.00621359 0.00756776 0.00779934 0.01002623]
[0.00441467 0.0054914  0.00799992 0.00804185 0.00944844 0.00949058]
[0.0044579  0.00536642 0.00645719 0.00679647 0.00702493 0.00969574]
[0.00274609 0.00685688 0.00706498 0.00752266 0.00873688 0.01105384]
[0.00546934 0.00595876 0.00655313 0.00797261 0.00951552 0.0102153 ]
[0.0011064  0.00817288 0.00827746 0.00919947 0.00986925 0.01199833]
[0.00702378 0.00837823 0.00895234 0.00945664 0.0106054  0.01090393]
[0.00371686 0.00670352 0.00701569 0.00757551 0.00793279 0.00812068]
[0.00213255 0.00360449 0.00520477 0.00780807 0.00984784 0.01033756]
[0.00401465 0.00561775 0.00688577 0.00735254 0.01025672 0.01048269]
[0.00724897 0.00791799 0.00809653 0.00906762 0.00956228 0.01055585]
[0.00329769 0.00573487 0.00722607 0.01027775 0.01058833 0.01133148]
[0.00515778 0.00693149 0.0070024  0.00742574 0.00827827 0.00844793]
[0.00311812 0.00579582 0.00807499 0.00851574 0.0085892  0.00927455]
[0.00356154 0.00510997 0.00533225 0.00701394 0.00841338 0.00877619]
[0.00407275 0.00604837 0.00614801 0.0073895  0.00757823 0.00884234]
[0.00550446 0.00841732 0.00861894 0.00963143 0.0119425  0.01281394]
[0.00162965 0.00416003 0.00561741 0.00593122 0.01039765 0.01059416]
[0.00368683 0.00483682 0.00603488 0.00647102 0.00702463 0.0081577 ]
[0.00546899 0.00794687 0.00874739 0.0098707  0.00989607 0.01043491]
[0.00208511 0.00222292 0.0047473  0.00537    0.00615091 0.00756433]
[0.003579   0.00416089 0.00699617 0.00888521 0.01059111 0.01204102]
[0.0021458  0.00237535 0.00382226 0.00607032 0.006114   0.00629866]
[0.00372033 0.00426843 0.00449665 0.00534505 0.00615158 0.00664255]
[0.00089589 0.00156237 0.00276665 0.00605307 0.00622183 0.00645703]
[0.00590845 0.00686611 0.00742938 0.00814216 0.0085594  0.00919133]
[0.00186664 0.00335644 0.00383009 0.0069984  0.00913176 0.00945538]
[0.00331679 0.00896491 0.00988342 0.01078751 0.01129963 0.01195049]
[0.00663145 0.00884921 0.00893302 0.00992676 0.01139973 0.01185705]
[0.00525374 0.00644084 0.00661363 0.00825757 0.00863178 0.0095439 ]
[0.00481937 0.0050065  0.00545486 0.00634717 0.00949197 0.01069547]
[0.00410655 0.00482165 0.00487552 0.00497062 0.00651359 0.00684424]
[0.00666778 0.00745016 0.00760048 0.00837994 0.00839723 0.00954908]
[0.00572597 0.00624715 0.0072473  0.00875933 0.0103422  0.0114304 ]
[0.00736643 0.00836559 0.01000141 0.01059257 0.01107713 0.01113601]
[0.00873703 0.00888224 0.00970987 0.01141374 0.01153436 0.01185138]
[0.00810774 0.00893393 0.00900136 0.00916025 0.00970647 0.01013854]
[0.00614983 0.00635268 0.00700564 0.00793291 0.00848381 0.00991783]
[0.0039672  0.00532963 0.00625183 0.00750994 0.01014365 0.01031027]
[0.00185376 0.00359563 0.00409771 0.00490244 0.0055684  0.00633889]
[0.00146674 0.00371483 0.00402445 0.00429323 0.0045202  0.0063988 ]
[0.00020187 0.00193928 0.00331297 0.00527624 0.00619608 0.0066409 ]
[0.00124503 0.00389348 0.00538773 0.00692906 0.00719402 0.00848459]
[0.00072555 0.00457346 0.0056062  0.00599394 0.00708354 0.00774591]
[0.00536745 0.00656438 0.00746336 0.00776754 0.00898649 0.0097177 ]
[0.00105085 0.00250702 0.00388184 0.00432575 0.00528385 0.00534155]
[0.00480388 0.00567899 0.007033   0.01147125 0.0129721  0.0138845 ]
[0.00919139 0.00941788 0.01317447 0.01358906 0.01450063 0.01526847]
[0.00048372 0.00245183 0.00341602 0.00350032 0.00514161 0.00560332]
[0.00725034 0.00801577 0.00830102 0.00875923 0.00928591 0.00942841]
[0.00822486 0.00835946 0.00843158 0.00857449 0.00881515 0.00935147]
[0.00666296 0.00681051 0.00699746 0.00744847 0.00771004 0.00777107]
[0.00554427 0.00572466 0.00648836 0.00661689 0.00807216 0.01191137]
[0.00130288 0.00428978 0.00528884 0.0057074  0.00608707 0.00644104]
[0.00803382 0.00999788 0.01006551 0.01026261 0.01276517 0.01303965]
[0.00460689 0.00909643 0.00990625 0.01127951 0.01205063 0.01230394]
[0.00370298 0.00577503 0.00930809 0.01082962 0.01090139 0.01162184]
[0.00856554 0.00986827 0.01061372 0.01119864 0.01124268 0.01194008]
[0.00659141 0.00809099 0.01099232 0.01121341 0.0133702  0.01426383]
[0.0062735  0.00774469 0.00886539 0.00938202 0.01077293 0.01111112]
[0.00664145 0.00673892 0.00755378 0.00857151 0.0098716  0.01188375]
[0.0054618  0.00747316 0.00853667 0.0089804  0.00919379 0.01040036]
[0.00607432 0.01047166 0.01096708 0.01165788 0.01224213 0.01271035]
[0.0041959  0.00478535 0.01063658 0.0119865  0.01218978 0.01409675]
[0.00419465 0.00496401 0.00640409 0.00676512 0.00901777 0.00960086]
[0.00755379 0.00831288 0.00942984 0.00943948 0.01047294 0.01112536]
[0.00569749 0.00652598 0.00732595 0.00775906 0.00888163 0.00898235]
[0.02111514 0.02308799 0.02381763 0.02482036 0.02976119 0.02998324]
[0.00914149 0.00926382 0.01659101 0.01669019 0.01684195 0.01736971]
[0.01073238 0.0210237  0.0216566  0.02208346 0.02242631 0.02407075]
[0.01183043 0.01212072 0.01255001 0.01279418 0.01438611 0.01523431]
[0.01406131 0.01571284 0.02007734 0.02111478 0.02193978 0.02324637]
[0.00472914 0.01399577 0.01435046 0.01480618 0.0161109  0.01674117]
[0.01042118 0.01653347 0.01688867 0.0183245  0.01925602 0.01983313]
[0.01697085 0.01837384 0.0207286  0.02319181 0.02467407 0.02496207]
[0.0067613  0.00948207 0.01344491 0.01479005 0.01484546 0.01522401]
[0.00792831 0.00968665 0.01203837 0.01578711 0.01995737 0.02060387]
[0.01149825 0.01629288 0.01699704 0.01757096 0.01878146 0.02058863]
[0.00941704 0.01643064 0.0210435  0.02199158 0.02246525 0.02456494]
[0.01073325 0.01515916 0.01549448 0.02012044 0.02278494 0.02467414]
[0.00975955 0.01126722 0.01564753 0.01757834 0.01966165 0.02160694]
[0.01030922 0.01172909 0.01208018 0.01232574 0.01252408 0.01307213]
[0.0042004  0.00872408 0.00928496 0.00953467 0.01077206 0.01079295]
[0.00098193 0.00440038 0.00788782 0.01177697 0.01304524 0.01588795]
[0.00783585 0.01142513 0.01854048 0.01879499 0.01967325 0.02073763]
[0.00522676 0.00786955 0.01597317 0.02038825 0.02070734 0.02202256]
[0.00761048 0.01193737 0.01520095 0.01691358 0.01758985 0.017838  ]
[0.01280066 0.0168017  0.02031588 0.02062537 0.02616164 0.02726967]
[0.00919473 0.01045687 0.01357534 0.0142355  0.01478039 0.01558724]
[0.00520251 0.00709804 0.0085183  0.00868024 0.01085828 0.01172469]
[0.00680699 0.0099677  0.01039891 0.0120496  0.01214971 0.01252072]
[0.00520219 0.0106334  0.01322091 0.01359696 0.01396333 0.0141289 ]
[0.00304807 0.00489772 0.00606145 0.00683856 0.00935576 0.01015248]
[0.00550688 0.00588694 0.00809675 0.0087941  0.0092891  0.00950982]
None
[0.00629317 0.00762301 0.0080274  0.00933527 0.01385511 0.01402278]
[0.00725444 0.0074988  0.00981236 0.0109028  0.01108339 0.01155365]
[0.001941   0.0070191  0.00853153 0.01070544 0.01180504 0.01312996]
[0.00393922 0.0059637  0.00689597 0.00705893 0.00775499 0.00804963]
[0.00551227 0.00667893 0.00870199 0.00887415 0.00965232 0.01006484]
[0.00194045 0.00410922 0.00544088 0.00587897 0.01007722 0.01088174]
[0.00543692 0.00587909 0.00673712 0.01141104 0.01462895 0.01474408]
[0.00735147 0.00805441 0.00856505 0.01131106 0.01210971 0.01351805]
[0.00930159 0.00942957 0.01076289 0.0140486  0.01471384 0.01520083]
[0.00457123 0.00605563 0.00674618 0.00984308 0.01121116 0.01152383]
[0.010488   0.01093113 0.01108498 0.01149785 0.01197712 0.01224938]
[0.00554695 0.00722664 0.00880771 0.0090374  0.00992852 0.01081035]
[0.01018412 0.01060445 0.01078475 0.01200385 0.01275795 0.01478182]
[0.00606177 0.01286703 0.01331966 0.01425203 0.01437135 0.01482703]
[0.00473165 0.00524502 0.00724068 0.00815279 0.0091913  0.00964241]
[0.00663066 0.00854549 0.01194289 0.01306726 0.01527564 0.01543523]
[0.01226678 0.01469991 0.01650644 0.01827268 0.01916816 0.0200868 ]
[0.00556559 0.00788714 0.00854889 0.00927296 0.01016453 0.01122148]
[0.00652793 0.01054423 0.01078491 0.01096975 0.01185226 0.01222863]
[0.00625151 0.00761219 0.00988703 0.01196673 0.01635949 0.01724777]
[0.00501819 0.00645466 0.00716747 0.00910098 0.00949317 0.01037097]
[0.00486212 0.00538021 0.01017346 0.01036117 0.01173037 0.0119878 ]
[0.00750558 0.0080905  0.00971116 0.0114061  0.0127825  0.01396844]
[0.00865866 0.01001018 0.01042564 0.01105474 0.01496736 0.01551172]
[0.00657246 0.0080304  0.00808979 0.01073315 0.01229657 0.01335319]
[0.00315386 0.00750843 0.00819501 0.00910964 0.01383651 0.01416592]
[0.00585487 0.00630986 0.00653591 0.00671408 0.00776855 0.00803303]
[0.00289141 0.00624182 0.00637577 0.00708979 0.00732828 0.01048176]
[0.00582363 0.00691638 0.00718222 0.00812081 0.01217761 0.01418414]
[0.00399586 0.00684605 0.00834286 0.00914311 0.00920806 0.01073826]
[0.00761929 0.00786962 0.01072608 0.01169097 0.01206077 0.01513034]
[0.00305077 0.00747001 0.00868981 0.01087278 0.01122093 0.01125231]
[0.00636183 0.007058   0.00731491 0.0082686  0.01025574 0.01061722]
[0.00371661 0.00577469 0.006351   0.00769548 0.00950188 0.01015401]
[0.00516289 0.00792003 0.00940229 0.01319943 0.01344375 0.01451241]
[0.00532303 0.00726621 0.00862218 0.00992057 0.010809   0.01193418]
[0.00684196 0.00781323 0.00782396 0.00783859 0.00936383 0.01106543]
[0.00256517 0.00698527 0.00816695 0.00835187 0.00905561 0.01016323]
[0.0071999  0.00721196 0.00729492 0.00889915 0.00974038 0.0099739 ]
[0.00205506 0.00759825 0.00792897 0.01002347 0.01081194 0.01152088]
[0.00647879 0.00656781 0.0085425  0.01254046 0.01364378 0.01457819]
[0.00522455 0.00559197 0.00687392 0.00808115 0.01187172 0.01199752]
[0.0040653  0.00895997 0.01661065 0.01735709 0.01795417 0.0191146 ]
[0.00953321 0.01055626 0.01389643 0.01535383 0.01560169 0.01625212]
[0.00612964 0.00935827 0.00964756 0.01413252 0.01450571 0.01504804]
[0.00934739 0.00944528 0.01021483 0.01121044 0.01151801 0.01175141]
[0.00463156 0.00563732 0.00583188 0.00691889 0.00801879 0.00814753]
[0.00482928 0.00666725 0.00823536 0.0102964  0.01038934 0.0105691 ]
[0.00687257 0.01197099 0.01202952 0.0125409  0.01326384 0.01445114]
[0.00773686 0.01264685 0.015307   0.01538008 0.01784323 0.01927483]
[0.00995722 0.01114727 0.01488502 0.0170928  0.01867709 0.01900095]
[0.01475648 0.01537289 0.01605334 0.01770833 0.01896356 0.01971756]
[0.01028076 0.0105083  0.01136113 0.01285537 0.01309356 0.01352756]
[0.0045529  0.00759061 0.01079267 0.01145241 0.01169759 0.01238464]
[0.00330262 0.00588168 0.00867667 0.01055896 0.01212869 0.01354122]
[0.00683631 0.00906493 0.01327582 0.01361222 0.01496013 0.01571429]
[0.00745896 0.00899886 0.01009674 0.01065246 0.01352499 0.01898482]
[0.00457293 0.00597914 0.00995176 0.01423217 0.01531138 0.01574992]
[0.00523443 0.00834311 0.00896183 0.01150779 0.01268254 0.01983559]
[0.00339192 0.01031177 0.01233954 0.0134953  0.01377017 0.01578442]
[0.00441745 0.00622406 0.00806364 0.01199699 0.01306694 0.01338251]
[0.00819514 0.00924843 0.01045703 0.01697142 0.01715885 0.01728598]
[0.00251385 0.00321778 0.00714036 0.00844341 0.0094723  0.00994757]
[0.007468   0.0085721  0.010251   0.012428   0.01369913 0.01473884]
[0.00751344 0.00776036 0.0087604  0.01108913 0.01201432 0.01337658]
[0.00647916 0.00910308 0.01066304 0.01429749 0.01544848 0.01623348]
[0.00427354 0.00597516 0.00670502 0.00679468 0.00872352 0.00909385]
[0.0067571  0.00824075 0.00937483 0.0095573  0.01122837 0.01225702]
[0.00548726 0.00989512 0.01061344 0.01179577 0.01182705 0.01225708]
[0.00290411 0.00561609 0.005706   0.00726709 0.00854072 0.00987782]
[0.00562455 0.00797399 0.00800087 0.00985129 0.01223635 0.01231832]
[0.00770311 0.00785858 0.0098439  0.01166485 0.01208927 0.01433835]
[0.00859867 0.00862785 0.01273087 0.01414198 0.01467502 0.01586099]
[0.00331594 0.00500235 0.00773004 0.00823627 0.00859278 0.00888024]
[0.00868293 0.00909683 0.00976484 0.01027465 0.01070195 0.01098881]
[0.00669895 0.00816585 0.00908641 0.00914876 0.00995523 0.01324011]
[0.00499808 0.0061738  0.00743326 0.00874375 0.0087805  0.01131289]
[0.0060843  0.00996885 0.01258698 0.01264218 0.01323443 0.01399389]
[0.00514963 0.00745432 0.00969446 0.01075736 0.01151252 0.01156544]
[0.00749351 0.01023325 0.01084674 0.01225168 0.01313959 0.01380645]
[0.00747877 0.0089653  0.01069716 0.01120637 0.01309015 0.01334844]
[0.00333333 0.00556079 0.00665651 0.00742869 0.00869761 0.00939392]
[0.00466688 0.00668648 0.00729729 0.01034979 0.01225225 0.01258877]
[0.0070778  0.00927901 0.01347874 0.013981   0.01411108 0.01446341]
[0.00462189 0.00539021 0.00565526 0.00602139 0.00971984 0.01190161]
[0.00794338 0.00859695 0.014487   0.01751432 0.01777238 0.01783968]
[0.00942277 0.01121481 0.01162277 0.01236957 0.01411208 0.01421436]
[0.00524002 0.00687433 0.00689172 0.00929441 0.01002834 0.01069709]
[0.00747341 0.00785225 0.00836149 0.00904684 0.00917945 0.00953772]
[0.00636243 0.00692193 0.00738382 0.00991727 0.01042222 0.01129771]
[0.00462435 0.00569828 0.01134392 0.01236955 0.01246281 0.01257909]
[0.00375209 0.00694924 0.00736808 0.0075173  0.00766109 0.00808547]
[0.00153902 0.00224656 0.00442769 0.00492398 0.0060853  0.0070034 ]
[0.00266414 0.00407934 0.00444236 0.00575697 0.00871504 0.00897511]
[0.00492552 0.00655316 0.0066906  0.00691014 0.00798667 0.00892739]
[0.00415286 0.00449292 0.00643208 0.0076508  0.00787794 0.00847813]
[0.00443651 0.00479517 0.00522051 0.00971297 0.00992838 0.01033992]
[0.00295486 0.00527461 0.00789884 0.00855719 0.00923331 0.00975931]
[0.00391045 0.00404418 0.00518947 0.00524904 0.00561759 0.00826875]
[0.00257229 0.0048778  0.00543137 0.00554601 0.00624157 0.00696593]
[0.00485831 0.00566969 0.00768214 0.00893528 0.0098446  0.01131148]
[0.00300848 0.00371791 0.00462647 0.00606367 0.0062048  0.00703347]
[0.00259032 0.00373381 0.00492989 0.00893792 0.00942091 0.00949723]
[0.00232356 0.00298906 0.00382104 0.00540117 0.00631444 0.00642836]
[0.0041165  0.00523977 0.00659258 0.00662907 0.00723718 0.00734649]
[0.00244302 0.00477041 0.00927612 0.00940438 0.01069421 0.01166937]
[0.00366637 0.00413546 0.0043941  0.00477263 0.0062388  0.00652988]
[0.00712789 0.0081883  0.00851673 0.00918829 0.00987034 0.01040363]
[0.00430695 0.00458433 0.0059093  0.0064016  0.00817806 0.00879205]
[0.00344097 0.00455956 0.00592784 0.00636223 0.00711708 0.00913101]
[0.00178266 0.00452208 0.00639584 0.00916815 0.00994885 0.01090637]
[0.00197837 0.00587571 0.00596692 0.00682048 0.00689245 0.00723111]
[0.00132885 0.00641908 0.00819743 0.00863516 0.00934317 0.00965754]
[0.00144137 0.0027336  0.00345546 0.0066285  0.00672714 0.00697579]
[0.00693981 0.0075932  0.01304836 0.01375085 0.01399715 0.01506032]
[0.00837786 0.0087513  0.01053354 0.0110767  0.01192168 0.01332687]
[0.00218516 0.00351608 0.00734863 0.00870353 0.01109236 0.01250803]
[0.0039359  0.00473431 0.00615267 0.00792004 0.00912954 0.00969499]
[0.00543403 0.00771343 0.00782484 0.0088391  0.00899633 0.00988443]
[0.00152051 0.00711214 0.00754451 0.00942942 0.01012637 0.01153439]
[0.00356389 0.00509407 0.00522347 0.0058777  0.00713879 0.00927272]
[0.00149755 0.00228863 0.00276482 0.00313951 0.0067951  0.0069919 ]
[0.00504604 0.00866095 0.00881724 0.00942841 0.00968102 0.01254363]
[0.00429096 0.00501908 0.00643059 0.00727382 0.00845327 0.00900745]
[0.00370397 0.00576212 0.00580487 0.00714491 0.00775133 0.0085867 ]
[0.00465391 0.0063267  0.00659213 0.00788589 0.0091276  0.01246566]
[0.00452388 0.00564141 0.00927221 0.00987624 0.0100551  0.01120177]
[0.00305335 0.00663753 0.00815628 0.00879643 0.00947721 0.01218419]
