[0.00312775 0.00388847 0.00461509 0.00464956 0.00704388 0.00821916]
[0.00650059 0.01056228 0.01306618 0.01654394 0.01692377 0.0173261 ]
[0.00445618 0.00521453 0.01320852 0.0158476  0.01615119 0.01979832]
[0.00321277 0.00633476 0.0101978  0.01380653 0.01526554 0.01936898]
[0.00712535 0.00756125 0.00782055 0.00880505 0.0101704  0.01044895]
[0.00318852 0.00884585 0.00995015 0.01039425 0.01102669 0.01210312]
[0.00421212 0.00980714 0.0105987  0.0126308  0.01339082 0.01355737]
[0.00482783 0.00924442 0.01033703 0.01138492 0.01501395 0.01529395]
[0.00462298 0.01032652 0.01146196 0.0119297  0.01237996 0.01944039]
[0.00296493 0.00909047 0.01143228 0.01170411 0.01346336 0.01493192]
[0.00786404 0.00850224 0.010769   0.01426632 0.01479184 0.01633051]
[0.00374118 0.00573921 0.00666772 0.00761721 0.00898791 0.00918663]
[0.00526862 0.00770689 0.00878214 0.01116987 0.01229118 0.01310436]
[0.00583987 0.00836138 0.00856217 0.00938352 0.01132458 0.01159248]
[0.00442349 0.00774524 0.01035321 0.01128771 0.01207187 0.01583875]
[0.00852773 0.00855239 0.00999829 0.01104079 0.01205951 0.01542712]
[0.00713358 0.00718337 0.00759432 0.00908458 0.00977893 0.00993459]
[0.00358266 0.00409236 0.00505317 0.0052158  0.0054355  0.00556387]
[0.00320451 0.00470087 0.00603153 0.00780477 0.00992847 0.01010717]
[0.00494595 0.00628716 0.00872862 0.01033679 0.01158901 0.01338168]
[0.00827173 0.00894171 0.01253516 0.01417743 0.0145811  0.01493647]
[0.00383686 0.00753612 0.008091   0.01037738 0.01057191 0.01128301]
[0.007231   0.00883957 0.01241539 0.01260267 0.01305889 0.01372474]
[0.00291258 0.00495304 0.01105145 0.01108574 0.0152674  0.01604614]
[0.0062629  0.00853748 0.00997621 0.01333578 0.01452517 0.01639513]
[0.00417005 0.00440824 0.0056239  0.00607241 0.00854496 0.01319565]
[0.00522011 0.0053823  0.00560835 0.00905316 0.00987277 0.01248264]
[0.01337377 0.01380178 0.01694329 0.01735628 0.01779225 0.01786684]
[0.00170522 0.00388585 0.00564944 0.00609532 0.0078589  0.01408572]
[0.00612109 0.00768628 0.0115375  0.01177257 0.01188247 0.01732293]
[0.0071848  0.00781309 0.00801986 0.01111935 0.01603982 0.0179671 ]
[0.0072089  0.01090075 0.01174435 0.01210446 0.01348634 0.01425281]
[0.00336032 0.00347369 0.00824813 0.00894299 0.01108026 0.01110952]
[0.00756639 0.00880051 0.00963987 0.01072125 0.01083598 0.01170025]
[0.00641506 0.00696634 0.00827968 0.01045434 0.01360164 0.01423479]
[0.00770525 0.00816228 0.01018657 0.01032926 0.01175298 0.013424  ]
[0.00527259 0.00797196 0.00987953 0.01036501 0.01237696 0.01386715]
[0.0078064  0.01034503 0.01139348 0.01221375 0.01253831 0.017349  ]
[0.00855856 0.00918318 0.0133378  0.01392285 0.01558067 0.01605463]
[0.00414524 0.00545824 0.00924562 0.01073279 0.0116201  0.01178991]
[0.00263218 0.00568878 0.01006848 0.01092541 0.01214948 0.01217601]
[0.00705818 0.00964985 0.01164759 0.01448318 0.01525941 0.01599353]
[0.00423663 0.00706225 0.00798637 0.00836022 0.0087981  0.00995161]
[0.00639508 0.00695421 0.00810494 0.00872436 0.00890517 0.01017584]
[0.00901489 0.01131119 0.01365669 0.01637337 0.01656553 0.01679553]
[0.00695397 0.00885198 0.01061263 0.01066022 0.01404622 0.01713994]
[0.00623491 0.00721557 0.00997411 0.01081907 0.01191526 0.01267206]
[0.00621451 0.00692282 0.00772129 0.00802647 0.01509467 0.01786316]
[0.00506995 0.00675809 0.00831604 0.0089131  0.01094926 0.01119796]
[0.0062994  0.00757525 0.00848748 0.0115953  0.01248405 0.01539459]
[0.00894064 0.01003269 0.01481304 0.01506735 0.01816183 0.0193112 ]
[0.0154589  0.01617356 0.01722252 0.02060617 0.02362851 0.02465247]
[0.00603477 0.00765423 0.01303951 0.01379541 0.01632703 0.01666568]
[0.007221   0.0130447  0.01406022 0.0144197  0.01581923 0.01743911]
[0.00484111 0.01108733 0.01193297 0.01285333 0.01298952 0.01333534]
[0.0042833  0.0067506  0.00899203 0.00958266 0.01073607 0.01298734]
[0.00523378 0.0119457  0.01347352 0.01442822 0.01810085 0.01816468]
[0.00465165 0.00682927 0.01105991 0.01111801 0.01364128 0.01424687]
[0.00667261 0.01071073 0.01294189 0.01297866 0.01388204 0.01598886]
[0.00539587 0.00629984 0.00850621 0.01440251 0.01889899 0.02027978]
[0.00097883 0.00465142 0.01196222 0.01268769 0.01291566 0.0145114 ]
[0.00249572 0.00352286 0.00583884 0.01069712 0.0153656  0.0168238 ]
[0.00226322 0.00370866 0.00817522 0.00857903 0.01183338 0.01184973]
[0.01345272 0.01366311 0.01417446 0.01488521 0.01505927 0.01566951]
[0.00670429 0.00726063 0.00736373 0.01260274 0.01346894 0.01719318]
[0.00796177 0.0089997  0.01470296 0.01504315 0.01818004 0.01864773]
[0.0065793  0.00796435 0.01033329 0.01048997 0.01470684 0.02010785]
[0.00150733 0.00593985 0.009953   0.01085901 0.01114083 0.012382  ]
[0.00527464 0.00563472 0.00795842 0.00939985 0.00945037 0.01337435]
[0.00803646 0.00962964 0.01021207 0.01031581 0.01039318 0.01046903]
[0.00557738 0.00680051 0.00880611 0.01125654 0.01147377 0.01519244]
[0.00457038 0.00566401 0.00597696 0.00988924 0.01056089 0.01123523]
[0.00248656 0.00606247 0.0094598  0.01106626 0.0142278  0.01432494]
[0.00266744 0.00305591 0.00583336 0.00651523 0.00912882 0.00937372]
[0.00178828 0.00229974 0.00711682 0.00820158 0.00875391 0.00911164]
[0.00263933 0.00678922 0.0079339  0.00802172 0.01122347 0.01208047]
[0.00396444 0.00509274 0.00592833 0.00602628 0.00631071 0.00800416]
[0.00238087 0.00377808 0.0039878  0.00669109 0.00732011 0.0074962 ]
[0.00211898 0.00679425 0.00689694 0.00745101 0.00768104 0.00792588]
[0.00353994 0.00363077 0.00458395 0.00505646 0.00544741 0.00576222]
[0.00103377 0.00155859 0.00199363 0.00207655 0.00217366 0.00231847]
[0.00449169 0.00497378 0.00614335 0.0064395  0.00740812 0.0076893 ]
[0.00257069 0.00517626 0.00626968 0.00652804 0.00823779 0.00947436]
[0.0055933  0.00647056 0.00734725 0.00779809 0.00793285 0.0084286 ]
[0.00203844 0.00323396 0.00620911 0.00669748 0.00691256 0.00734736]
[0.00222683 0.00233452 0.00451921 0.00573957 0.00649273 0.0070523 ]
[0.00502923 0.00868945 0.00876193 0.00998392 0.01068804 0.010949  ]
[0.00245938 0.00489975 0.00584448 0.00646825 0.00682794 0.00807648]
[0.0026811  0.00380887 0.0038631  0.00405014 0.00461828 0.0049549 ]
[0.00308699 0.00338228 0.00430156 0.00482073 0.00550059 0.00615314]
[0.0026775  0.00310314 0.00366027 0.00649316 0.00689439 0.00713958]
[0.00286643 0.003382   0.00385022 0.00497835 0.00590417 0.00623275]
[0.00180237 0.002789   0.00449831 0.00500002 0.00537348 0.00585188]
[0.00470585 0.00543043 0.00666874 0.00679907 0.00701231 0.00833882]
[0.00277116 0.00364771 0.00481849 0.0055832  0.00607205 0.00652041]
[0.00216858 0.0022034  0.00305323 0.00328419 0.00362692 0.00467961]
[0.00340631 0.00402683 0.00413177 0.00430706 0.00455932 0.00474285]
[0.00393848 0.00432188 0.00478744 0.00644011 0.00654294 0.00791138]
[0.0050988  0.00553016 0.00581125 0.00666583 0.00823751 0.00823841]
[0.00510922 0.00536853 0.00548579 0.00550221 0.00568428 0.00633857]
[0.00327089 0.00932001 0.00997704 0.01064589 0.01110852 0.01225751]
[0.00365514 0.0045731  0.00494084 0.00563731 0.00609354 0.00614763]
[0.00143872 0.00173138 0.00212891 0.00243555 0.00286914 0.00299093]
[0.00146743 0.00272044 0.00365083 0.00413368 0.00579899 0.00626099]
[0.00267071 0.00365774 0.00413123 0.00494365 0.00626327 0.00648647]
[0.00371873 0.00393626 0.00491011 0.00511228 0.00546735 0.00588369]
[0.00459611 0.00481847 0.0052372  0.00614976 0.00638684 0.00670262]
[0.00619086 0.00630463 0.0072364  0.00774816 0.00833197 0.00859358]
[0.00258045 0.00319174 0.00566523 0.00706164 0.00770688 0.00838451]
[0.00352205 0.0038214  0.00500998 0.00525508 0.00532325 0.00625405]
[0.00390863 0.0045737  0.00562962 0.00686896 0.00912567 0.00958605]
[0.00410936 0.00578304 0.00656358 0.00686342 0.00738679 0.00789028]
[0.00362709 0.00464306 0.00468992 0.00609011 0.0069847  0.00740536]
[0.00413355 0.00494516 0.00556112 0.00591475 0.00625811 0.00691339]
[0.00383159 0.00504224 0.00566907 0.00614355 0.00719722 0.00886371]
[0.00113675 0.00305571 0.00383409 0.00560001 0.0056746  0.00700871]
[0.00239865 0.00259276 0.00633352 0.00762414 0.00797396 0.00827328]
[0.00492304 0.00669372 0.00853595 0.00889087 0.00942962 0.01032597]
[0.00223741 0.00372807 0.00383634 0.00636732 0.00645474 0.00698327]
[0.00251119 0.00377622 0.00444093 0.00648792 0.00751632 0.00788151]
[0.00489956 0.00801694 0.00809405 0.00908285 0.00994496 0.01191705]
[0.00959996 0.01009412 0.01057308 0.01070355 0.01262296 0.01306869]
[0.00639652 0.00845612 0.00875801 0.00956765 0.00989037 0.01092951]
[0.00693777 0.0074206  0.0077382  0.00776367 0.00810611 0.0083463 ]
[0.00104676 0.00324022 0.00434817 0.00542501 0.00562503 0.00672818]
[0.00170703 0.00410787 0.00723771 0.00732257 0.0088282  0.00943791]
[0.00458773 0.00669506 0.00834056 0.00889528 0.00937949 0.00978746]
[0.00246017 0.00319392 0.00660929 0.00676572 0.00716218 0.00823449]
[0.00727111 0.00847331 0.0098902  0.01037267 0.01040577 0.01068987]
[0.00148573 0.00668345 0.00690636 0.00711557 0.00750866 0.00837952]
[0.00574417 0.00578898 0.00595085 0.0066054  0.00667362 0.00673219]
[0.00366729 0.00580109 0.00897517 0.00959132 0.01024669 0.01033029]
[0.00238229 0.00501384 0.00651926 0.00696934 0.00769606 0.00786624]
[0.00138404 0.00456005 0.00616956 0.00819725 0.00969561 0.00981916]
[0.00346509 0.00478308 0.00562197 0.00666883 0.007929   0.00901121]
[0.00472428 0.00508359 0.00567312 0.00614806 0.00807767 0.00937609]
[0.00276745 0.00320665 0.00408152 0.00611476 0.00667201 0.00737754]
[0.00168652 0.0049029  0.00859416 0.00893409 0.00912813 0.01014715]
[0.00194415 0.00324785 0.00444912 0.00454613 0.00801797 0.01026823]
[0.00400115 0.00406633 0.00882141 0.00920261 0.00930867 0.0096935 ]
[0.00436945 0.00512225 0.00514885 0.00553368 0.00609149 0.00805625]
[0.00362551 0.00654894 0.00989078 0.01006544 0.01120717 0.01153731]
[0.00857757 0.00922446 0.01223411 0.01248193 0.01298439 0.01407001]
[0.0025516  0.00541839 0.0054759  0.00833864 0.00854925 0.00867037]
[0.00341876 0.0069238  0.00818999 0.00965856 0.00974118 0.00993076]
[0.00258491 0.00313801 0.00597568 0.00681004 0.00880497 0.01086435]
[0.00275884 0.00341547 0.00725056 0.00961741 0.0111842  0.01178357]
[0.00441373 0.00601338 0.0067238  0.00809308 0.00981322 0.01080242]
[0.00882615 0.0114325  0.01145129 0.01153086 0.01160025 0.01342818]
[0.00654985 0.01017186 0.01160272 0.01406594 0.01655544 0.01713044]
[0.00262311 0.00484309 0.00583108 0.00623456 0.00816883 0.00848031]
[0.00102448 0.00290275 0.0030517  0.00621419 0.00634066 0.00696885]
[0.00317449 0.00345424 0.00716233 0.0084848  0.00876516 0.01014823]
[0.00676716 0.00685899 0.00767577 0.00932953 0.01002999 0.01134463]
[0.00791174 0.00846979 0.00869126 0.00928463 0.00982882 0.01221681]
[0.00296677 0.00553752 0.00822361 0.00880191 0.01086511 0.01105469]
[0.00525963 0.00585627 0.00716612 0.01003328 0.010838   0.01127991]
[0.00491096 0.00636743 0.0066678  0.00794094 0.00942714 0.00996264]
[0.00344087 0.00441994 0.00736155 0.00739607 0.00747443 0.00806846]
[0.00375081 0.00424982 0.00446494 0.00511429 0.00687472 0.00863618]
[0.00286736 0.00324738 0.0070059  0.00768073 0.00818637 0.00927319]
[0.00635618 0.00687231 0.01141591 0.01171868 0.01265231 0.01335935]
[0.00412365 0.0071875  0.00956135 0.00964955 0.00983104 0.01051851]
[0.00532183 0.00896288 0.01040907 0.01091927 0.01198491 0.01210379]
[0.00671863 0.00676994 0.01133304 0.01261884 0.01336866 0.01343475]
[0.00311974 0.0075951  0.00769214 0.00778377 0.0083199  0.00897532]
[0.00638797 0.00831146 0.00855383 0.00864821 0.00981103 0.01134795]
[0.00587835 0.0083365  0.00875769 0.01218986 0.01298546 0.01357376]
[0.00262539 0.00424102 0.00552907 0.00572841 0.00589276 0.00635486]
[0.00370788 0.00509875 0.00559064 0.00573909 0.00590875 0.00636303]
[0.00526424 0.00713773 0.00754279 0.00895613 0.00923039 0.01094726]
[0.0011747  0.00586579 0.00619876 0.00816815 0.00834169 0.00897012]
[0.00447663 0.00794745 0.00872035 0.00910372 0.00975762 0.01040562]
[0.00526044 0.00806841 0.0084202  0.01279316 0.01348174 0.01447969]
[0.0073912  0.00742204 0.00935137 0.01048675 0.01116011 0.01209633]
[0.0060833  0.00628847 0.00899471 0.01183973 0.01286068 0.01399909]
[0.0067514  0.00697261 0.01116158 0.01251047 0.01295695 0.01338162]
[0.00721604 0.00967172 0.01390069 0.01647788 0.01674279 0.01702069]
[0.00583789 0.00761741 0.00893912 0.00909753 0.00932243 0.01172677]
[0.00880695 0.00908433 0.009232   0.0127101  0.01277339 0.01313688]
[0.00319485 0.00647128 0.00786039 0.00958025 0.00992088 0.01084485]
[0.00611721 0.00783437 0.00866547 0.00881282 0.01065154 0.01241995]
[0.00318609 0.00364705 0.00414076 0.00886262 0.00933446 0.00966938]
[0.00209246 0.00381754 0.00455662 0.0057932  0.00801744 0.00902392]
[0.00128683 0.00579709 0.00630125 0.00690021 0.00781221 0.00788506]
[0.00382917 0.00642973 0.00758926 0.00959662 0.0101571  0.01019241]
[0.00460435 0.00878178 0.00884128 0.01090268 0.01174767 0.01188352]
[0.00408963 0.00461316 0.00929346 0.01053372 0.01063153 0.0107391 ]
[0.00738239 0.00763    0.00932091 0.01109861 0.01114378 0.01118062]
[0.00292261 0.00530219 0.00823558 0.01004073 0.01048029 0.01114309]
[0.00699673 0.00928915 0.01183474 0.01221767 0.01433914 0.01437259]
[0.00760197 0.00818862 0.01071371 0.01117176 0.01266647 0.01385107]
[0.00646077 0.00675374 0.00976137 0.01128578 0.01155426 0.01317715]
[0.00490818 0.00522747 0.00671342 0.00721037 0.00920542 0.01079887]
[0.00792414 0.00955263 0.01166678 0.01311647 0.01402713 0.01473824]
[0.00648182 0.00971849 0.0115121  0.0123114  0.01261338 0.01268369]
[0.00381164 0.00450023 0.01047766 0.01180931 0.01195181 0.01238312]
[0.01048539 0.01261394 0.01264722 0.01406892 0.0149036  0.01492485]
[0.00287614 0.00688505 0.00903735 0.00957274 0.01128292 0.01256488]
[0.00586074 0.00809226 0.01197842 0.01211321 0.01283199 0.01296164]
[0.0057876  0.00666999 0.00901894 0.00928143 0.01063732 0.0114742 ]
[0.00478066 0.0066654  0.00740972 0.00813349 0.00876624 0.0095661 ]
[0.00736159 0.00754377 0.00967695 0.00999593 0.01149648 0.01204529]
[0.00744687 0.00861625 0.00918741 0.01051937 0.0110689  0.01392277]
[0.00645632 0.00857597 0.00945351 0.01109098 0.01138089 0.01247801]
[0.00324965 0.00416589 0.00760842 0.00793117 0.01299801 0.01421276]
[0.00429205 0.00550468 0.00703364 0.00949606 0.01065607 0.01168488]
[0.00403572 0.00421706 0.00593694 0.00695362 0.00757018 0.00884606]
[0.00400354 0.00592224 0.00676583 0.00899557 0.0096686  0.01016626]
[0.00562809 0.00652346 0.00816851 0.00898671 0.00923102 0.0104456 ]
[0.00298761 0.0063304  0.01425741 0.01496341 0.01650814 0.01791421]
[0.0036871  0.00663647 0.00905324 0.01728496 0.01779322 0.01820997]
[0.00935414 0.01034277 0.01484707 0.01763637 0.0206763  0.02109779]
[0.00365459 0.01163679 0.01262022 0.01439708 0.0171959  0.01943745]
[0.01402371 0.01680505 0.01772286 0.01812252 0.01833922 0.01918898]
[0.00719316 0.01314296 0.01363115 0.01370935 0.01674042 0.02366852]
[0.00268842 0.01040097 0.0130252  0.01355434 0.01466968 0.01833814]
[0.01067038 0.011575   0.01263505 0.01349202 0.01570711 0.01607231]
[0.00860601 0.01616735 0.01670932 0.01811861 0.01875985 0.01928572]
[0.00426533 0.01682592 0.01773954 0.01884025 0.02300191 0.02346297]
[0.00613459 0.00641741 0.01158209 0.01705548 0.01751706 0.01866698]
[0.01254788 0.01377912 0.01422591 0.01521887 0.01666105 0.0174795 ]
[0.01225403 0.01388327 0.01480946 0.01588835 0.01809253 0.02111885]
[0.00466648 0.00937693 0.01206148 0.01290561 0.01438633 0.01655166]
[0.00456401 0.01243666 0.01393888 0.01637702 0.01875856 0.02054524]
[0.01178721 0.01608389 0.01905597 0.02244009 0.02247744 0.02266798]
[0.00143596 0.01771988 0.02064849 0.02152307 0.02357588 0.02512025]
[0.00309557 0.0112482  0.01407569 0.01587146 0.01906304 0.0228033 ]
[0.01417713 0.01741866 0.02137972 0.02142307 0.02502331 0.02505874]
[0.01327203 0.01338578 0.01371995 0.01546977 0.01657531 0.01812397]
[0.00087741 0.00621352 0.01325375 0.01895496 0.01919226 0.02049216]
[0.00680007 0.00737786 0.01355964 0.01637191 0.0178488  0.02266486]
[0.0105845  0.01110546 0.01396578 0.01460023 0.01517153 0.01585975]
[0.01201476 0.01645829 0.01817637 0.01880788 0.01891847 0.0191491 ]
[0.00511322 0.0089454  0.0107859  0.01142549 0.01223257 0.01476177]
[0.00558431 0.01059011 0.01120407 0.01293269 0.01401546 0.0143192 ]
[0.00594161 0.01062867 0.01150087 0.01255993 0.01415365 0.01598064]
None
[0.00450233 0.01135299 0.0133268  0.01360859 0.01543738 0.01568863]
[0.00634158 0.00927814 0.00946876 0.01045639 0.01133131 0.01161608]
[0.00910673 0.00915768 0.01061729 0.01088126 0.014495   0.01580106]
[0.01058437 0.01209822 0.0184902  0.02031439 0.02089113 0.0217685 ]
[0.00441499 0.00862103 0.00995183 0.0106162  0.01113093 0.01126088]
[0.00402087 0.00995995 0.01248856 0.01258866 0.01344476 0.01742972]
[0.00895064 0.01173382 0.01289833 0.01330565 0.01408484 0.01585812]
[0.00345796 0.0097241  0.01097142 0.01262921 0.01296789 0.01379304]
[0.01074061 0.01182211 0.01201017 0.01366588 0.01449416 0.01452453]
[0.00923313 0.01262323 0.01353526 0.01846241 0.020533   0.02225803]
[0.00193053 0.01050623 0.01077924 0.01101789 0.01108612 0.01201052]
[0.00720643 0.00879081 0.01074336 0.01670573 0.0170831  0.01778636]
[0.0073695  0.00904045 0.00974203 0.01104161 0.01130191 0.01205124]
[0.00398331 0.00809636 0.01090681 0.01201955 0.01703095 0.01739539]
[0.00846282 0.00854685 0.00877974 0.01059408 0.0107497  0.01355011]
[0.00624503 0.00662595 0.00682514 0.00945277 0.01036186 0.01112723]
[0.00579026 0.01140949 0.01219019 0.01391833 0.01466297 0.01480179]
[0.00648092 0.01197478 0.01201616 0.01520845 0.01561187 0.01600855]
[0.00621062 0.00644603 0.01047967 0.01472517 0.01553478 0.01586332]
[0.00197617 0.00791135 0.00893606 0.01032096 0.01044877 0.01329953]
[0.00421686 0.00583569 0.00694887 0.00794174 0.0087394  0.00991888]
[0.01167719 0.01169425 0.01264516 0.01457585 0.01684582 0.01718218]
[0.0031826  0.0138013  0.01558516 0.01758144 0.01779406 0.01808756]
[0.00522509 0.00794414 0.00889641 0.01012303 0.01241998 0.0128971 ]
[0.01096758 0.01319372 0.01610002 0.01630967 0.01704576 0.01785746]
[0.00339026 0.00411119 0.01114215 0.0123365  0.01491758 0.01560916]
[0.00971242 0.01003957 0.01091693 0.01127214 0.01207576 0.01429896]
[0.01450737 0.01556383 0.01569379 0.01609537 0.01709765 0.01748157]
[0.00523556 0.00896539 0.00943033 0.01230187 0.01309756 0.01771513]
[0.00928991 0.01165386 0.01340826 0.01455987 0.01620293 0.01929425]
[0.00596802 0.01215719 0.0170208  0.01885619 0.02107507 0.02180421]
[0.00571625 0.01317955 0.01420829 0.01490862 0.01524908 0.01680884]
[0.00331659 0.0069732  0.00765616 0.00885943 0.00887174 0.01077226]
[0.01099235 0.01627365 0.01702083 0.01811857 0.01961209 0.02052173]
[0.00508064 0.00853502 0.01405581 0.0143379  0.01443445 0.01483005]
[0.01242863 0.01307946 0.0138779  0.01455475 0.01493279 0.01581768]
[0.00480248 0.00881277 0.0129712  0.01932371 0.02263048 0.02381006]
[0.00640537 0.01515593 0.01824382 0.02043094 0.02128258 0.02564394]
[0.00820799 0.01041485 0.0123294  0.01346501 0.01631868 0.01714332]
[0.0047951  0.00675524 0.01015834 0.01071349 0.01333017 0.01357952]
[0.01211085 0.01297635 0.01553112 0.01561215 0.0170644  0.01835696]
[0.01130996 0.01192523 0.01343145 0.01473033 0.01593646 0.01719604]
[0.00641185 0.01173525 0.01295795 0.01634346 0.01767128 0.01950449]
[0.01005394 0.01238607 0.01349447 0.01776836 0.01961482 0.02111342]
[0.00567982 0.00960859 0.01270344 0.01488283 0.01571494 0.02644572]
[0.00653842 0.00687928 0.01069737 0.01230007 0.01286693 0.0134002 ]
[0.00577252 0.0093739  0.00966788 0.01028876 0.01205298 0.01210469]
[0.0065004  0.01003575 0.01108363 0.01277973 0.01651335 0.01889759]
[0.00472178 0.00650742 0.01314868 0.0134916  0.01561871 0.01693091]
[0.00305642 0.0082485  0.00826477 0.00868491 0.01167334 0.01218693]
[0.00465536 0.00548114 0.0082119  0.01011679 0.01126083 0.01253442]
[0.00615946 0.01076728 0.01101743 0.01381929 0.01483857 0.01522732]
[0.00243695 0.00343437 0.0037458  0.00435776 0.00734853 0.00939765]
[0.00767767 0.00772395 0.00844348 0.00925233 0.00966856 0.01196214]
[0.00524488 0.00625267 0.00927239 0.00959047 0.00990918 0.01069881]
[0.00679597 0.00875571 0.00882849 0.00919247 0.01266795 0.0153816 ]
[0.00421767 0.00920743 0.00996105 0.01336706 0.01469297 0.01493154]
[0.00429373 0.00480147 0.00703968 0.00730977 0.00809995 0.00940204]
[0.00502638 0.00547137 0.01828168 0.01848272 0.0193485  0.01946548]
[0.00712401 0.00835759 0.00952946 0.00982045 0.01069937 0.01588636]
[0.00595786 0.00607568 0.00672489 0.00727171 0.00812396 0.0096602 ]
[0.0117911  0.01314484 0.01439339 0.01464828 0.01604702 0.01623015]
[0.0066041  0.0095784  0.01223781 0.01287575 0.01771033 0.01847249]
[0.01027554 0.01554933 0.01627931 0.01677831 0.01734139 0.01803555]
[0.0127862  0.0133741  0.0173821  0.01972592 0.02105662 0.02116386]
[0.01209432 0.01293651 0.01342519 0.01400074 0.01421275 0.01479291]
[0.00443932 0.00607673 0.00857922 0.01002894 0.01111191 0.01126869]
[0.00366894 0.00863528 0.0091867  0.01139089 0.01144775 0.01154251]
[0.00580681 0.00687071 0.01067371 0.01084319 0.01101896 0.01126139]
[0.00458    0.00760668 0.00837935 0.00970487 0.01336396 0.01367836]
[0.00660336 0.00986223 0.0117904  0.01196851 0.01225567 0.01319475]
[0.00576622 0.00950324 0.00989043 0.0107501  0.01092805 0.0130762 ]
[0.00105868 0.00437814 0.00856212 0.0142318  0.016801   0.01706445]
[0.00585904 0.00803931 0.00916816 0.01084842 0.01150559 0.01400834]
[0.00272975 0.00387896 0.00879739 0.0089728  0.01019163 0.01136188]
[0.00173868 0.00478854 0.00828743 0.00855501 0.01055409 0.0108176 ]
[0.00423978 0.00469109 0.00489992 0.00933153 0.01001277 0.01084306]
[0.00287876 0.00605869 0.00623106 0.00799616 0.00824451 0.0095849 ]
[0.0064634  0.0073387  0.01085173 0.01227649 0.01278656 0.01338315]
[0.00107238 0.00648655 0.00899241 0.01375359 0.0166242  0.01688215]
[0.00378307 0.00608005 0.01035883 0.01131609 0.01220566 0.01237844]
[0.00525071 0.00577172 0.00699134 0.00861072 0.00890151 0.00915113]
[0.00452048 0.00631074 0.01078153 0.01090663 0.01155954 0.01190203]
[0.00342106 0.00603516 0.00688205 0.00762497 0.00851377 0.00937167]
[0.00349519 0.00447943 0.00504936 0.0066424  0.00675679 0.00861014]
[0.00262628 0.00574258 0.006269   0.00794534 0.00799311 0.01313253]
[0.00205354 0.00605358 0.00685086 0.0093553  0.01212288 0.01339007]
[0.00220675 0.00529204 0.0072339  0.01250266 0.01286713 0.01297808]
[0.00576438 0.00588562 0.00703516 0.00764075 0.00896249 0.00956961]
[0.00412509 0.00446237 0.00554668 0.00970026 0.01016977 0.01100289]
[0.0036499  0.00646588 0.00912466 0.01104318 0.01210326 0.01323114]
[0.00658522 0.00731509 0.00940405 0.01105759 0.01175619 0.01187469]
[0.00151601 0.00164373 0.00343103 0.00368366 0.0041493  0.00522286]
[0.00879229 0.01056742 0.01086553 0.01126293 0.01141972 0.0116204 ]
[0.00165888 0.00253184 0.00413054 0.00430728 0.00453913 0.00584987]
[0.00540591 0.00812977 0.00989996 0.01069743 0.01132852 0.01200095]
[0.00255809 0.00550379 0.00703892 0.00727653 0.00790113 0.0104482 ]
[0.00792687 0.00918732 0.01194541 0.01210479 0.01367302 0.01505528]
[0.00637028 0.00722747 0.0083906  0.00842775 0.00911282 0.01338225]
[0.00520537 0.00787982 0.00866205 0.00894068 0.00967716 0.01024104]
[0.00569674 0.00747131 0.00799204 0.0098053  0.00994766 0.01021364]
[0.00505657 0.00521101 0.00576331 0.00821793 0.00877423 0.01186106]
[0.00081265 0.00308848 0.00330547 0.00445335 0.00685218 0.00780046]
[0.00255826 0.00447566 0.00465312 0.00486463 0.00826808 0.0091484 ]
[0.00277073 0.00331085 0.00588074 0.00695165 0.00858048 0.00884587]
[0.0030663  0.00443562 0.00524787 0.00735868 0.00797303 0.00805775]
[0.00195712 0.00404823 0.00442598 0.00753377 0.0078781  0.00851034]
[0.00217666 0.00796547 0.01095054 0.01144416 0.01202788 0.012409  ]
[0.00071667 0.0036256  0.00946377 0.0101534  0.01225454 0.01442667]
[0.004908   0.00699325 0.00863006 0.009377   0.01044888 0.01061506]
[0.00357822 0.00861987 0.00887496 0.0096118  0.01025726 0.0131745 ]
[0.00208825 0.00778408 0.00953595 0.0103451  0.01048175 0.01154881]
[0.0033553  0.00724442 0.00891004 0.0100852  0.01230909 0.01475189]
[0.00533032 0.00803259 0.00903504 0.00961003 0.01099605 0.01180512]
[0.00635765 0.00857474 0.0115531  0.01193615 0.01305374 0.01364303]
[0.00614574 0.00670609 0.00985186 0.01128843 0.01205557 0.013946  ]
[0.00709449 0.01076265 0.01136841 0.01538865 0.01586047 0.01624259]
[0.00656811 0.00685261 0.00784189 0.00855992 0.00873702 0.00884591]
[0.00897904 0.00938242 0.01163623 0.01247507 0.01281835 0.01315341]
[0.00384603 0.00433316 0.00556603 0.00602399 0.00677942 0.00693654]
[0.0055272  0.00831037 0.00857487 0.00879535 0.00922896 0.00960593]
[0.00140537 0.00237392 0.0038887  0.00421927 0.00434787 0.00466277]
[0.00460691 0.00712492 0.00740267 0.0090085  0.00944845 0.00971283]
[0.0058529  0.0064379  0.00840494 0.00921349 0.00930546 0.0108001 ]
[0.00334872 0.00411646 0.00758471 0.0082215  0.00924172 0.01105993]
[0.00315881 0.00413691 0.00466024 0.00547288 0.00606783 0.006187  ]
[0.00370435 0.00559435 0.0064881  0.00682006 0.0080443  0.00820949]
[0.00291112 0.00695879 0.00762479 0.00816526 0.01002122 0.01142362]
